node 1100 0.0 0.0 0.0;
node 1200 329.856 0.0 0.0;
node 1101 0.0 0.0 192.0;
node 1201 329.856 0.0 192.0;
node 1102 0.0 110.0 192.0;
node 1103 0.0 -110.0 192.0;
node 1104 100.928 110.0 192.0;
node 1105 100.928 -110.0 192.0;
node 1106 100.928 110.0 186.5;
node 1107 100.928 -110.0 186.5;
node 1108 100.928 110.0 149.5;
node 1109 100.928 -110.0 149.5;
node 1202 329.856 110.0 192.0;
node 1203 329.856 -110.0 192.0;
node 1204 228.928 110.0 192.0;
node 1205 228.928 -110.0 192.0;
node 1206 228.928 110.0 186.5;
node 1207 228.928 -110.0 186.5;
node 1208 228.928 110.0 149.5;
node 1209 228.928 -110.0 149.5;
node 2101 0.0 0.0 360.0;
node 2201 329.856 0.0 360.0;
node 2102 0.0 110.0 360.0;
node 2103 0.0 -110.0 360.0;
node 2104 100.928 110.0 360.0;
node 2105 100.928 -110.0 360.0;
node 2106 100.928 110.0 354.5;
node 2107 100.928 -110.0 354.5;
node 2108 100.928 110.0 317.5;
node 2109 100.928 -110.0 317.5;
node 2202 329.856 110.0 360.0;
node 2203 329.856 -110.0 360.0;
node 2204 228.928 110.0 360.0;
node 2205 228.928 -110.0 360.0;
node 2206 228.928 110.0 354.5;
node 2207 228.928 -110.0 354.5;
node 2208 228.928 110.0 317.5;
node 2209 228.928 -110.0 317.5;
node 3101 0.0 0.0 528.0;
node 3201 329.856 0.0 528.0;
node 3102 0.0 110.0 528.0;
node 3103 0.0 -110.0 528.0;
node 3104 100.928 110.0 528.0;
node 3105 100.928 -110.0 528.0;
node 3106 100.928 110.0 522.5;
node 3107 100.928 -110.0 522.5;
node 3108 100.928 110.0 485.5;
node 3109 100.928 -110.0 485.5;
node 3202 329.856 110.0 528.0;
node 3203 329.856 -110.0 528.0;
node 3204 228.928 110.0 528.0;
node 3205 228.928 -110.0 528.0;
node 3206 228.928 110.0 522.5;
node 3207 228.928 -110.0 522.5;
node 3208 228.928 110.0 485.5;
node 3209 228.928 -110.0 485.5;
node 4101 0.0 0.0 696.0;
node 4201 329.856 0.0 696.0;
node 4102 0.0 110.0 696.0;
node 4103 0.0 -110.0 696.0;
node 4104 100.928 110.0 696.0;
node 4105 100.928 -110.0 696.0;
node 4106 100.928 110.0 690.5;
node 4107 100.928 -110.0 690.5;
node 4108 100.928 110.0 653.5;
node 4109 100.928 -110.0 653.5;
node 4202 329.856 110.0 696.0;
node 4203 329.856 -110.0 696.0;
node 4204 228.928 110.0 696.0;
node 4205 228.928 -110.0 696.0;
node 4206 228.928 110.0 690.5;
node 4207 228.928 -110.0 690.5;
node 4208 228.928 110.0 653.5;
node 4209 228.928 -110.0 653.5;
node 5101 0.0 0.0 864.0;
node 5201 329.856 0.0 864.0;
node 5102 0.0 110.0 864.0;
node 5103 0.0 -110.0 864.0;
node 5104 100.928 110.0 864.0;
node 5105 100.928 -110.0 864.0;
node 5106 100.928 110.0 858.5;
node 5107 100.928 -110.0 858.5;
node 5108 100.928 110.0 821.5;
node 5109 100.928 -110.0 821.5;
node 5202 329.856 110.0 864.0;
node 5203 329.856 -110.0 864.0;
node 5204 228.928 110.0 864.0;
node 5205 228.928 -110.0 864.0;
node 5206 228.928 110.0 858.5;
node 5207 228.928 -110.0 858.5;
node 5208 228.928 110.0 821.5;
node 5209 228.928 -110.0 821.5;
node 6101 0.0 0.0 1032.0;
node 6201 329.856 0.0 1032.0;
node 6102 0.0 110.0 1032.0;
node 6103 0.0 -110.0 1032.0;
node 6104 100.928 110.0 1032.0;
node 6105 100.928 -110.0 1032.0;
node 6106 100.928 110.0 1026.5;
node 6107 100.928 -110.0 1026.5;
node 6108 100.928 110.0 989.5;
node 6109 100.928 -110.0 989.5;
node 6202 329.856 110.0 1032.0;
node 6203 329.856 -110.0 1032.0;
node 6204 228.928 110.0 1032.0;
node 6205 228.928 -110.0 1032.0;
node 6206 228.928 110.0 1026.5;
node 6207 228.928 -110.0 1026.5;
node 6208 228.928 110.0 989.5;
node 6209 228.928 -110.0 989.5;
node 7101 0.0 0.0 1200.0;
node 7201 329.856 0.0 1200.0;
node 7102 0.0 110.0 1200.0;
node 7103 0.0 -110.0 1200.0;
node 7104 100.928 110.0 1200.0;
node 7105 100.928 -110.0 1200.0;
node 7106 100.928 110.0 1194.5;
node 7107 100.928 -110.0 1194.5;
node 7108 100.928 110.0 1157.5;
node 7109 100.928 -110.0 1157.5;
node 7202 329.856 110.0 1200.0;
node 7203 329.856 -110.0 1200.0;
node 7204 228.928 110.0 1200.0;
node 7205 228.928 -110.0 1200.0;
node 7206 228.928 110.0 1194.5;
node 7207 228.928 -110.0 1194.5;
node 7208 228.928 110.0 1157.5;
node 7209 228.928 -110.0 1157.5;
node 8101 0.0 0.0 1368.0;
node 8201 329.856 0.0 1368.0;
node 8102 0.0 110.0 1368.0;
node 8103 0.0 -110.0 1368.0;
node 8104 100.928 110.0 1368.0;
node 8105 100.928 -110.0 1368.0;
node 8106 100.928 110.0 1362.5;
node 8107 100.928 -110.0 1362.5;
node 8108 100.928 110.0 1325.5;
node 8109 100.928 -110.0 1325.5;
node 8202 329.856 110.0 1368.0;
node 8203 329.856 -110.0 1368.0;
node 8204 228.928 110.0 1368.0;
node 8205 228.928 -110.0 1368.0;
node 8206 228.928 110.0 1362.5;
node 8207 228.928 -110.0 1362.5;
node 8208 228.928 110.0 1325.5;
node 8209 228.928 -110.0 1325.5;
node 9101 0.0 0.0 1536.0;
node 9201 329.856 0.0 1536.0;
node 9102 0.0 110.0 1536.0;
node 9103 0.0 -110.0 1536.0;
node 9104 100.928 110.0 1536.0;
node 9105 100.928 -110.0 1536.0;
node 9106 100.928 110.0 1530.5;
node 9107 100.928 -110.0 1530.5;
node 9108 100.928 110.0 1493.5;
node 9109 100.928 -110.0 1493.5;
node 9202 329.856 110.0 1536.0;
node 9203 329.856 -110.0 1536.0;
node 9204 228.928 110.0 1536.0;
node 9205 228.928 -110.0 1536.0;
node 9206 228.928 110.0 1530.5;
node 9207 228.928 -110.0 1530.5;
node 9208 228.928 110.0 1493.5;
node 9209 228.928 -110.0 1493.5;
node 10101 0.0 0.0 1704.0;
node 10201 329.856 0.0 1704.0;
node 10102 0.0 110.0 1704.0;
node 10103 0.0 -110.0 1704.0;
node 10104 100.928 110.0 1704.0;
node 10105 100.928 -110.0 1704.0;
node 10106 100.928 110.0 1698.5;
node 10107 100.928 -110.0 1698.5;
node 10108 100.928 110.0 1661.5;
node 10109 100.928 -110.0 1661.5;
node 10202 329.856 110.0 1704.0;
node 10203 329.856 -110.0 1704.0;
node 10204 228.928 110.0 1704.0;
node 10205 228.928 -110.0 1704.0;
node 10206 228.928 110.0 1698.5;
node 10207 228.928 -110.0 1698.5;
node 10208 228.928 110.0 1661.5;
node 10209 228.928 -110.0 1661.5;
element 1101 1100 1101;
element 1201 1200 1201;
element 1001 1106 1208;
element 1002 1107 1209;
element 1003 1206 1108;
element 1004 1207 1109;
element 2101 1101 2101;
element 2201 1201 2201;
element 2001 2106 2208;
element 2002 2107 2209;
element 2003 2206 2108;
element 2004 2207 2109;
element 3101 2101 3101;
element 3201 2201 3201;
element 3001 3106 3208;
element 3002 3107 3209;
element 3003 3206 3108;
element 3004 3207 3109;
element 4101 3101 4101;
element 4201 3201 4201;
element 4001 4106 4208;
element 4002 4107 4209;
element 4003 4206 4108;
element 4004 4207 4109;
element 5101 4101 5101;
element 5201 4201 5201;
element 5001 5106 5208;
element 5002 5107 5209;
element 5003 5206 5108;
element 5004 5207 5109;
element 6101 5101 6101;
element 6201 5201 6201;
element 6001 6106 6208;
element 6002 6107 6209;
element 6003 6206 6108;
element 6004 6207 6109;
element 7101 6101 7101;
element 7201 6201 7201;
element 7001 7106 7208;
element 7002 7107 7209;
element 7003 7206 7108;
element 7004 7207 7109;
element 8101 7101 8101;
element 8201 7201 8201;
element 8001 8106 8208;
element 8002 8107 8209;
element 8003 8206 8108;
element 8004 8207 8109;
element 9101 8101 9101;
element 9201 8201 9201;
element 9001 9106 9208;
element 9002 9107 9209;
element 9003 9206 9108;
element 9004 9207 9109;
element 10101 9101 10101;
element 10201 9201 10201;
element 10001 10106 10208;
element 10002 10107 10209;
element 10003 10206 10108;
element 10004 10207 10109;
