274.553 0.240081
549.081 0.570273
823.585 0.900477
1098.06 1.23069
1372.52 1.56092
1646.95 1.89117
1921.35 2.22142
2195.73 2.55169
2470.09 2.88198
2744.42 3.21227
3018.72 3.54258
3293 3.87291
3567.26 4.20325
3841.49 4.5336
4115.69 4.86397
4389.87 5.19435
4664.03 5.52475
4938.16 5.85516
5212.27 6.18558
5486.35 6.51602
5760.4 6.84648
6034.43 7.17695
6308.44 7.50744
6582.41 7.83794
6856.37 8.16846
7130.3 8.49899
7404.2 8.82954
7678.08 9.16011
7951.93 9.49069
8225.76 9.82129
8499.57 10.1519
8773.34 10.4825
9047.09 10.8132
9320.82 11.1438
9594.52 11.4745
9868.2 11.8052
10141.8 12.1359
10415.5 12.4667
10689.1 12.7974
10962.6 13.1282
11236.2 13.459
11509.7 13.7898
11783.2 14.1206
12056.7 14.4514
12330.1 14.7823
12603.5 15.1132
12876.9 15.4441
13150.3 15.775
13423.6 16.1059
13697 16.4369
13970.3 16.7678
