274.553 0.031918
549.081 0.0710268
823.585 0.11013
1098.06 0.149227
1372.52 0.188319
1646.95 0.227404
1921.35 0.266484
2195.73 0.305559
2470.09 0.344628
2744.42 0.383691
3018.72 0.422748
3293 0.4618
3567.26 0.500846
3841.49 0.539887
4115.69 0.578922
4389.87 0.617951
4664.03 0.656975
4938.16 0.695993
5212.27 0.735006
5486.35 0.774014
5760.4 0.813016
6034.43 0.852012
6308.44 0.891004
6582.41 0.929989
6856.37 0.96897
7130.3 1.00794
7404.2 1.04691
7678.08 1.08588
7951.93 1.12484
8225.76 1.16379
8499.57 1.20274
8773.34 1.24168
9047.09 1.28062
9320.82 1.31955
9594.52 1.35848
9868.2 1.3974
10141.8 1.43632
10415.5 1.47523
10689.1 1.51414
10962.6 1.55304
11236.2 1.59193
11509.7 1.63083
11783.2 1.66971
12056.7 1.70859
12330.1 1.74747
12603.5 1.78634
12876.9 1.82521
13150.3 1.86407
13423.6 1.90292
13697 1.94177
13970.3 1.98062
