274.553 0.0915302
549.081 0.208153
823.585 0.324772
1098.06 0.441386
1372.52 0.557996
1646.95 0.674601
1921.35 0.791202
2195.73 0.907799
2470.09 1.02439
2744.42 1.14098
3018.72 1.25756
3293 1.37414
3567.26 1.49072
3841.49 1.60729
4115.69 1.72386
4389.87 1.84043
4664.03 1.95699
4938.16 2.07354
5212.27 2.1901
5486.35 2.30665
5760.4 2.42319
6034.43 2.53974
6308.44 2.65628
6582.41 2.77281
6856.37 2.88935
7130.3 3.00588
7404.2 3.1224
7678.08 3.23893
7951.93 3.35545
8225.76 3.47196
8499.57 3.58848
8773.34 3.70499
9047.09 3.8215
9320.82 3.938
9594.52 4.05451
9868.2 4.17101
10141.8 4.2875
10415.5 4.404
10689.1 4.52049
10962.6 4.63698
11236.2 4.75347
11509.7 4.86995
11783.2 4.98644
12056.7 5.10292
12330.1 5.21939
12603.5 5.33587
12876.9 5.45234
13150.3 5.56882
13423.6 5.68529
13697 5.80175
13970.3 5.91822
