274.553 0.564915
549.081 1.56492
823.585 2.56492
1098.06 3.56492
1372.52 4.56492
1646.95 5.56492
1921.35 6.56492
2195.73 7.56492
2470.09 8.56492
2744.42 9.56492
3018.72 10.5649
3293 11.5649
3567.26 12.5649
3841.49 13.5649
4115.69 14.5649
4389.87 15.5649
4664.03 16.5649
4938.16 17.5649
5212.27 18.5649
5486.35 19.5649
5760.4 20.5649
6034.43 21.5649
6308.44 22.5649
6582.41 23.5649
6856.37 24.5649
7130.3 25.5649
7404.2 26.5649
7678.08 27.5649
7951.93 28.5649
8225.76 29.5649
8499.57 30.5649
8773.34 31.5649
9047.09 32.5649
9320.82 33.5649
9594.52 34.5649
9868.2 35.5649
10141.8 36.5649
10415.5 37.5649
10689.1 38.5649
10962.6 39.5649
11236.2 40.5649
11509.7 41.5649
11783.2 42.5649
12056.7 43.5649
12330.1 44.5649
12603.5 45.5649
12876.9 46.5649
13150.3 47.5649
13423.6 48.5649
13697 49.5649
13970.3 50.5649
