274.553 0.382633
549.081 0.951945
823.585 1.52128
1098.06 2.09065
1372.52 2.66003
1646.95 3.22945
1921.35 3.79889
2195.73 4.36835
2470.09 4.93784
2744.42 5.50736
3018.72 6.07691
3293 6.64648
3567.26 7.21607
3841.49 7.7857
4115.69 8.35535
4389.87 8.92502
4664.03 9.49473
4938.16 10.0645
5212.27 10.6342
5486.35 11.204
5760.4 11.7738
6034.43 12.3437
6308.44 12.9135
6582.41 13.4834
6856.37 14.0533
7130.3 14.6233
7404.2 15.1933
7678.08 15.7633
7951.93 16.3333
8225.76 16.9034
8499.57 17.4735
8773.34 18.0436
9047.09 18.6138
9320.82 19.1839
9594.52 19.7542
9868.2 20.3244
10141.8 20.8947
10415.5 21.465
10689.1 22.0353
10962.6 22.6056
11236.2 23.176
11509.7 23.7465
11783.2 24.3169
12056.7 24.8874
12330.1 25.4579
12603.5 26.0284
12876.9 26.599
13150.3 27.1696
13423.6 27.7402
13697 28.3109
13970.3 28.8816
