274.553 0.314329
549.081 0.763705
823.585 1.2131
1098.06 1.66252
1372.52 2.11196
1646.95 2.56142
1921.35 3.0109
2195.73 3.4604
2470.09 3.90993
2744.42 4.35947
3018.72 4.80904
3293 5.25863
3567.26 5.70824
3841.49 6.15787
4115.69 6.60753
4389.87 7.05721
4664.03 7.50691
4938.16 7.95663
5212.27 8.40638
5486.35 8.85615
5760.4 9.30594
6034.43 9.75576
6308.44 10.2056
6582.41 10.6555
6856.37 11.1054
7130.3 11.5553
7404.2 12.0052
7678.08 12.4552
7951.93 12.9051
8225.76 13.3551
8499.57 13.8052
8773.34 14.2552
9047.09 14.7053
9320.82 15.1554
9594.52 15.6056
9868.2 16.0557
10141.8 16.5059
10415.5 16.9561
10689.1 17.4063
10962.6 17.8566
11236.2 18.3069
11509.7 18.7572
11783.2 19.2075
12056.7 19.6579
12330.1 20.1083
12603.5 20.5587
12876.9 21.0092
13150.3 21.4596
13423.6 21.9101
13697 22.3606
13970.3 22.8112
