274.553 0.531962
549.081 1.4332
823.585 2.33444
1098.06 3.2357
1372.52 4.13697
1646.95 5.03825
1921.35 5.93955
2195.73 6.84085
2470.09 7.74217
2744.42 8.6435
3018.72 9.54484
3293 10.4462
3567.26 11.3476
3841.49 12.2489
4115.69 13.1503
4389.87 14.0517
4664.03 14.9531
4938.16 15.8546
5212.27 16.756
5486.35 17.6575
5760.4 18.5589
6034.43 19.4604
6308.44 20.3619
6582.41 21.2634
6856.37 22.1649
7130.3 23.0664
7404.2 23.968
7678.08 24.8695
7951.93 25.7711
8225.76 26.6727
8499.57 27.5743
8773.34 28.4759
9047.09 29.3775
9320.82 30.2791
9594.52 31.1808
9868.2 32.0824
10141.8 32.9841
10415.5 33.8858
10689.1 34.7875
10962.6 35.6892
11236.2 36.5909
11509.7 37.4926
11783.2 38.3943
12056.7 39.2961
12330.1 40.1979
12603.5 41.0997
12876.9 42.0015
13150.3 42.9033
13423.6 43.8051
13697 44.7069
13970.3 45.6088
