274.553 0.442323
549.081 1.12841
823.585 1.81453
1098.06 2.50067
1372.52 3.18683
1646.95 3.87302
1921.35 4.55924
2195.73 5.24548
2470.09 5.93175
2744.42 6.61805
3018.72 7.30437
3293 7.99072
3567.26 8.67709
3841.49 9.36349
4115.69 10.0499
4389.87 10.7364
4664.03 11.4228
4938.16 12.1094
5212.27 12.7959
5486.35 13.4824
5760.4 14.169
6034.43 14.8557
6308.44 15.5423
6582.41 16.229
6856.37 16.9157
7130.3 17.6024
7404.2 18.2891
7678.08 18.9759
7951.93 19.6627
8225.76 20.3496
8499.57 21.0364
8773.34 21.7233
9047.09 22.4102
9320.82 23.0972
9594.52 23.7842
9868.2 24.4712
10141.8 25.1582
10415.5 25.8453
10689.1 26.5324
10962.6 27.2195
11236.2 27.9066
11509.7 28.5938
11783.2 29.281
12056.7 29.9682
12330.1 30.6555
12603.5 31.3428
12876.9 32.0301
13150.3 32.7175
13423.6 33.4049
13697 34.0923
13970.3 34.7797
