274.553 22.3553 1.32437e-010 -6.45482 0 0 0 -22.3553 -1.32437e-010 6.45482 0 0 0 67.1461 -1.00536e-010 -19.3834 0 0 0 -67.1461 1.00536e-010 19.3834 0 0 0
549.081 41.4882 -2.82635e-011 -11.9859 0 0 0 -41.4882 2.82635e-011 11.9859 0 0 0 131.558 -6.47611e-010 -37.9408 0 0 0 -131.558 6.47611e-010 37.9408 0 0 0
823.585 60.6058 -2.09285e-010 -17.5188 0 0 0 -60.6058 2.09285e-010 17.5188 0 0 0 196.023 -1.48091e-009 -56.4781 0 0 0 -196.023 1.48091e-009 56.4781 0 0 0
1098.06 79.7081 -3.23947e-010 -23.0535 0 0 0 -79.7081 3.23947e-010 23.0535 0 0 0 260.543 -2.64082e-009 -74.995 0 0 0 -260.543 2.64082e-009 74.995 0 0 0
1372.52 98.7951 -7.07745e-010 -28.5899 0 0 0 -98.7951 7.07745e-010 28.5899 0 0 0 325.117 -4.13846e-009 -93.4916 0 0 0 -325.117 4.13846e-009 93.4916 0 0 0
1646.95 117.867 -9.37926e-010 -34.128 0 0 0 -117.867 9.37926e-010 34.128 0 0 0 389.745 -5.91558e-009 -111.968 0 0 0 -389.745 5.91558e-009 111.968 0 0 0
1921.35 136.923 -1.15289e-009 -39.6679 0 0 0 -136.923 1.15289e-009 39.6679 0 0 0 454.428 -8.02911e-009 -130.423 0 0 0 -454.428 8.02911e-009 130.423 0 0 0
2195.73 155.964 -1.7498e-009 -45.2094 0 0 0 -155.964 1.7498e-009 45.2094 0 0 0 519.165 -1.05041e-008 -148.858 0 0 0 -519.165 1.05041e-008 148.858 0 0 0
2470.09 174.99 -2.17387e-009 -50.7527 0 0 0 -174.99 2.17387e-009 50.7527 0 0 0 583.955 -1.32579e-008 -167.272 0 0 0 -583.955 1.32579e-008 167.272 0 0 0
2744.42 194.001 -2.55379e-009 -56.2976 0 0 0 -194.001 2.55379e-009 56.2976 0 0 0 648.8 -1.6325e-008 -185.666 0 0 0 -648.8 1.6325e-008 185.666 0 0 0
3018.72 212.996 -3.08147e-009 -61.8441 0 0 0 -212.996 3.08147e-009 61.8441 0 0 0 713.7 -1.96464e-008 -204.038 0 0 0 -713.7 1.96464e-008 204.038 0 0 0
3293 231.976 -3.62972e-009 -67.3923 0 0 0 -231.976 3.62972e-009 67.3923 0 0 0 778.653 -2.34538e-008 -222.39 0 0 0 -778.653 2.34538e-008 222.39 0 0 0
3567.26 250.94 -4.15167e-009 -72.9422 0 0 0 -250.94 4.15167e-009 72.9422 0 0 0 843.661 -2.7302e-008 -240.72 0 0 0 -843.661 2.7302e-008 240.72 0 0 0
3841.49 269.89 -5.00958e-009 -78.4936 0 0 0 -269.89 5.00958e-009 78.4936 0 0 0 908.723 -3.18766e-008 -259.03 0 0 0 -908.723 3.18766e-008 259.03 0 0 0
4115.69 288.823 -7.12139e-009 -84.0466 0 0 0 -288.823 7.12139e-009 84.0466 0 0 0 973.839 -3.77201e-008 -277.318 0 0 0 -973.839 3.77201e-008 277.318 0 0 0
4389.87 307.742 -7.48683e-009 -89.6013 0 0 0 -307.742 7.48683e-009 89.6013 0 0 0 1039.01 -4.1832e-008 -295.585 0 0 0 -1039.01 4.1832e-008 295.585 0 0 0
4664.03 326.646 -8.52008e-009 -95.1574 0 0 0 -326.646 8.52008e-009 95.1574 0 0 0 1104.23 -4.75362e-008 -313.83 0 0 0 -1104.23 4.75362e-008 313.83 0 0 0
4938.16 345.534 -8.6006e-009 -100.715 0 0 0 -345.534 8.6006e-009 100.715 0 0 0 1169.51 -5.26182e-008 -332.054 0 0 0 -1169.51 5.26182e-008 332.054 0 0 0
5212.27 364.406 -9.76648e-009 -106.274 0 0 0 -364.406 9.76648e-009 106.274 0 0 0 1234.85 -5.87194e-008 -350.256 0 0 0 -1234.85 5.87194e-008 350.256 0 0 0
5486.35 383.264 -1.0489e-008 -111.835 0 0 0 -383.264 1.0489e-008 111.835 0 0 0 1300.23 -6.49213e-008 -368.436 0 0 0 -1300.23 6.49213e-008 368.436 0 0 0
5760.4 402.106 -1.17104e-008 -117.398 0 0 0 -402.106 1.17104e-008 117.398 0 0 0 1365.67 -7.15742e-008 -386.595 0 0 0 -1365.67 7.15742e-008 386.595 0 0 0
6034.43 420.933 -1.17222e-008 -122.961 0 0 0 -420.933 1.17222e-008 122.961 0 0 0 1431.17 -7.72965e-008 -404.732 0 0 0 -1431.17 7.72965e-008 404.732 0 0 0
6308.44 439.744 -1.39621e-008 -128.527 0 0 0 -439.744 1.39621e-008 128.527 0 0 0 1496.72 -8.57602e-008 -422.847 0 0 0 -1496.72 8.57602e-008 422.847 0 0 0
6582.41 458.54 -1.62816e-008 -134.093 0 0 0 -458.54 1.62816e-008 134.093 0 0 0 1562.32 -9.36654e-008 -440.94 0 0 0 -1562.32 9.36654e-008 440.94 0 0 0
6856.37 477.321 -1.64899e-008 -139.662 0 0 0 -477.321 1.64899e-008 139.662 0 0 0 1627.98 -1.01227e-007 -459.01 0 0 0 -1627.98 1.01227e-007 459.01 0 0 0
7130.3 496.087 -1.8596e-008 -145.231 0 0 0 -496.087 1.8596e-008 145.231 0 0 0 1693.7 -1.09788e-007 -477.059 0 0 0 -1693.7 1.09788e-007 477.059 0 0 0
7404.2 514.837 -1.99095e-008 -150.802 0 0 0 -514.837 1.99095e-008 150.802 0 0 0 1759.46 -1.18098e-007 -495.085 0 0 0 -1759.46 1.18098e-007 495.085 0 0 0
7678.08 533.572 -2.078e-008 -156.375 0 0 0 -533.572 2.078e-008 156.375 0 0 0 1825.28 -1.26851e-007 -513.088 0 0 0 -1825.28 1.26851e-007 513.088 0 0 0
7951.93 552.292 -1.64981e-008 -161.948 0 0 0 -552.292 1.64981e-008 161.948 0 0 0 1891.16 -1.32281e-007 -531.069 0 0 0 -1891.16 1.32281e-007 531.069 0 0 0
8225.76 570.996 -2.3732e-008 -167.524 0 0 0 -570.996 2.3732e-008 167.524 0 0 0 1957.09 -1.45453e-007 -549.028 0 0 0 -1957.09 1.45453e-007 549.028 0 0 0
8499.57 589.685 -2.52837e-008 -173.1 0 0 0 -589.685 2.52837e-008 173.1 0 0 0 2023.07 -1.55188e-007 -566.964 0 0 0 -2023.07 1.55188e-007 566.964 0 0 0
8773.34 608.359 -2.70929e-008 -178.678 0 0 0 -608.359 2.70929e-008 178.678 0 0 0 2089.11 -1.65517e-007 -584.877 0 0 0 -2089.11 1.65517e-007 584.877 0 0 0
9047.09 627.017 -2.85023e-008 -184.257 0 0 0 -627.017 2.85023e-008 184.257 0 0 0 2155.2 -1.75729e-007 -602.767 0 0 0 -2155.2 1.75729e-007 602.767 0 0 0
9320.82 645.66 -3.04314e-008 -189.838 0 0 0 -645.66 3.04314e-008 189.838 0 0 0 2221.35 -1.86537e-007 -620.634 0 0 0 -2221.35 1.86537e-007 620.634 0 0 0
9594.52 664.288 -4.66846e-008 -195.42 0 0 0 -664.288 4.66846e-008 195.42 0 0 0 2287.55 -2.0418e-007 -638.478 0 0 0 -2287.55 2.0418e-007 638.478 0 0 0
9868.2 682.9 -3.38592e-008 -201.003 0 0 0 -682.9 3.38592e-008 201.003 0 0 0 2353.81 -2.08786e-007 -656.299 0 0 0 -2353.81 2.08786e-007 656.299 0 0 0
10141.8 701.498 -3.58869e-008 -206.588 0 0 0 -701.498 3.58869e-008 206.588 0 0 0 2420.12 -2.20809e-007 -674.096 0 0 0 -2420.12 2.20809e-007 674.096 0 0 0
10415.5 720.079 -3.80327e-008 -212.173 0 0 0 -720.079 3.80327e-008 212.173 0 0 0 2486.48 -2.32663e-007 -691.87 0 0 0 -2486.48 2.32663e-007 691.87 0 0 0
10689.1 738.646 -3.93876e-008 -217.76 0 0 0 -738.646 3.93876e-008 217.76 0 0 0 2552.9 -2.44822e-007 -709.621 0 0 0 -2552.9 2.44822e-007 709.621 0 0 0
10962.6 757.197 -4.16921e-008 -223.348 0 0 0 -757.197 4.16921e-008 223.348 0 0 0 2619.37 -2.57448e-007 -727.348 0 0 0 -2619.37 2.57448e-007 727.348 0 0 0
11236.2 775.733 -4.38796e-008 -228.938 0 0 0 -775.733 4.38796e-008 228.938 0 0 0 2685.9 -2.7041e-007 -745.052 0 0 0 -2685.9 2.7041e-007 745.052 0 0 0
11509.7 794.254 -4.58445e-008 -234.529 0 0 0 -794.254 4.58445e-008 234.529 0 0 0 2752.48 -2.83577e-007 -762.731 0 0 0 -2752.48 2.83577e-007 762.731 0 0 0
11783.2 812.759 -5.84211e-008 -240.12 0 0 0 -812.759 5.84211e-008 240.12 0 0 0 2819.11 -2.99876e-007 -780.387 0 0 0 -2819.11 2.99876e-007 780.387 0 0 0
12056.7 831.249 -5.04655e-008 -245.713 0 0 0 -831.249 5.04655e-008 245.713 0 0 0 2885.8 -3.11021e-007 -798.019 0 0 0 -2885.8 3.11021e-007 798.019 0 0 0
12330.1 849.723 -5.26575e-008 -251.307 0 0 0 -849.723 5.26575e-008 251.307 0 0 0 2952.54 -3.25326e-007 -815.627 0 0 0 -2952.54 3.25326e-007 815.627 0 0 0
12603.5 868.183 -5.50162e-008 -256.903 0 0 0 -868.183 5.50162e-008 256.903 0 0 0 3019.34 -3.39704e-007 -833.211 0 0 0 -3019.34 3.39704e-007 833.211 0 0 0
12876.9 886.627 -4.77686e-008 -262.499 0 0 0 -886.627 4.77686e-008 262.499 0 0 0 3086.19 -3.47622e-007 -850.77 0 0 0 -3086.19 3.47622e-007 850.77 0 0 0
13150.3 905.055 -6.17179e-008 -268.097 0 0 0 -905.055 6.17179e-008 268.097 0 0 0 3153.1 -3.7e-007 -868.305 0 0 0 -3153.1 3.7e-007 868.305 0 0 0
13423.6 923.469 -5.53238e-008 -273.695 0 0 0 -923.469 5.53238e-008 273.695 0 0 0 3220.06 -3.81403e-007 -885.816 0 0 0 -3220.06 3.81403e-007 885.816 0 0 0
13697 941.867 -6.49458e-008 -279.295 0 0 0 -941.867 6.49458e-008 279.295 0 0 0 3287.08 -4.00746e-007 -903.302 0 0 0 -3287.08 4.00746e-007 903.302 0 0 0
13970.3 960.249 -6.89503e-008 -284.896 0 0 0 -960.249 6.89503e-008 284.896 0 0 0 3354.15 -4.183e-007 -920.763 0 0 0 -3354.15 4.183e-007 920.763 0 0 0
