274.535 0.382643
549.08 0.951982
823.636 1.52135
1098.2 2.09075
1372.78 2.66018
1647.37 3.22964
1921.97 3.79913
2196.58 4.36864
2471.21 4.93819
2745.84 5.50778
3020.49 6.07739
3295.15 6.64703
3569.83 7.2167
3844.51 7.78641
4119.21 8.35615
4393.92 8.92591
4668.65 9.49571
4943.39 10.0655
5218.15 10.6354
5492.91 11.2053
5767.7 11.7752
6042.49 12.3452
6317.3 12.9152
6592.13 13.4852
6866.97 14.0553
7141.83 14.6254
7416.7 15.1955
7691.59 15.7657
7966.5 16.3359
8241.42 16.9061
8516.35 17.4764
8791.31 18.0467
9066.28 18.617
9341.27 19.1874
9616.27 19.7578
9891.29 20.3282
10166.3 20.8987
10441.4 21.4692
10716.5 22.0397
10991.6 22.6103
11266.7 23.1809
11541.8 23.7516
11817 24.3223
12092.1 24.893
12367.3 25.4638
12642.5 26.0345
12917.7 26.6054
13193 27.1763
13468.3 27.7472
13743.5 28.3181
14018.9 28.8891
