274.535 0.564895
549.08 1.5649
823.636 2.5649
1098.2 3.5649
1372.78 4.5649
1647.37 5.5649
1921.97 6.5649
2196.58 7.5649
2471.21 8.5649
2745.84 9.5649
3020.49 10.5649
3295.15 11.5649
3569.83 12.5649
3844.51 13.5649
4119.21 14.5649
4393.92 15.5649
4668.65 16.5649
4943.39 17.5649
5218.15 18.5649
5492.91 19.5649
5767.7 20.5649
6042.49 21.5649
6317.3 22.5649
6592.13 23.5649
6866.97 24.5649
7141.83 25.5649
7416.7 26.5649
7691.59 27.5649
7966.5 28.5649
8241.42 29.5649
8516.35 30.5649
8791.31 31.5649
9066.28 32.5649
9341.27 33.5649
9616.27 34.5649
9891.29 35.5649
10166.3 36.5649
10441.4 37.5649
10716.5 38.5649
10991.6 39.5649
11266.7 40.5649
11541.8 41.5649
11817 42.5649
12092.1 43.5649
12367.3 44.5649
12642.5 45.5649
12917.7 46.5649
13193 47.5649
13468.3 48.5649
13743.5 49.5649
14018.9 50.5649
