274.535 0.0319248
549.08 0.0710481
823.636 0.110172
1098.2 0.149298
1372.78 0.188424
1647.37 0.227552
1921.97 0.266681
2196.58 0.305811
2471.21 0.344943
2745.84 0.384075
3020.49 0.423209
3295.15 0.462345
3569.83 0.501482
3844.51 0.54062
4119.21 0.579759
4393.92 0.618901
4668.65 0.658043
4943.39 0.697188
5218.15 0.736333
5492.91 0.775481
5767.7 0.81463
6042.49 0.853781
6317.3 0.892934
6592.13 0.932088
6866.97 0.971244
7141.83 1.0104
7416.7 1.04956
7691.59 1.08872
7966.5 1.12789
8241.42 1.16705
8516.35 1.20622
8791.31 1.24539
9066.28 1.28456
9341.27 1.32374
9616.27 1.36291
9891.29 1.40209
10166.3 1.44127
10441.4 1.48045
10716.5 1.51964
10991.6 1.55883
11266.7 1.59802
11541.8 1.63721
11817 1.6764
12092.1 1.7156
12367.3 1.7548
12642.5 1.794
12917.7 1.8332
13193 1.87241
13468.3 1.91162
13743.5 1.95083
14018.9 1.99005
