274.535 0.531948
549.08 1.43319
823.636 2.33444
1098.2 3.2357
1372.78 4.13698
1647.37 5.03826
1921.97 5.93956
2196.58 6.84087
2471.21 7.74219
2745.84 8.64352
3020.49 9.54486
3295.15 10.4462
3569.83 11.3476
3844.51 12.249
4119.21 13.1504
4393.92 14.0518
4668.65 14.9532
4943.39 15.8546
5218.15 16.756
5492.91 17.6575
5767.7 18.559
6042.49 19.4604
6317.3 20.3619
6592.13 21.2634
6866.97 22.1649
7141.83 23.0665
7416.7 23.968
7691.59 24.8695
7966.5 25.7711
8241.42 26.6727
8516.35 27.5743
8791.31 28.4759
9066.28 29.3775
9341.27 30.2791
9616.27 31.1808
9891.29 32.0824
10166.3 32.9841
10441.4 33.8857
10716.5 34.7874
10991.6 35.6891
11266.7 36.5909
11541.8 37.4926
11817 38.3943
12092.1 39.2961
12367.3 40.1978
12642.5 41.0996
12917.7 42.0014
13193 42.9032
13468.3 43.8051
13743.5 44.7069
14018.9 45.6087
