274.535 22.3575 0 -6.46272 0 0 0 -22.3575 -0 6.46272 0 0 0 67.1464 0 -19.4095 0 0 0 -67.1464 -0 19.4095 0 0 0
549.08 41.4856 0 -11.9919 0 0 0 -41.4856 -0 11.9919 0 0 0 131.564 0 -38.0302 0 0 0 -131.564 -0 38.0302 0 0 0
823.636 60.5918 0 -17.5148 0 0 0 -60.5918 -0 17.5148 0 0 0 196.041 0 -56.6681 0 0 0 -196.041 -0 56.6681 0 0 0
1098.2 79.676 0 -23.0314 0 0 0 -79.676 -0 23.0314 0 0 0 260.578 0 -75.3233 0 0 0 -260.578 -0 75.3233 0 0 0
1372.78 98.7383 0 -28.5415 0 0 0 -98.7383 -0 28.5415 0 0 0 325.175 0 -93.9958 0 0 0 -325.175 -0 93.9958 0 0 0
1647.37 117.778 0 -34.0453 0 0 0 -117.778 -0 34.0453 0 0 0 389.831 0 -112.686 0 0 0 -389.831 -0 112.686 0 0 0
1921.97 136.797 0 -39.5428 0 0 0 -136.797 -0 39.5428 0 0 0 454.548 0 -131.393 0 0 0 -454.548 -0 131.393 0 0 0
2196.58 155.793 0 -45.0338 0 0 0 -155.793 -0 45.0338 0 0 0 519.325 0 -150.117 0 0 0 -519.325 -0 150.117 0 0 0
2471.21 174.767 0 -50.5185 0 0 0 -174.767 -0 50.5185 0 0 0 584.161 0 -168.859 0 0 0 -584.161 -0 168.859 0 0 0
2745.84 193.719 0 -55.9968 0 0 0 -193.719 -0 55.9968 0 0 0 649.058 0 -187.618 0 0 0 -649.058 -0 187.618 0 0 0
3020.49 212.648 0 -61.4686 0 0 0 -212.648 -0 61.4686 0 0 0 714.015 0 -206.395 0 0 0 -714.015 -0 206.395 0 0 0
3295.15 231.556 0 -66.9341 0 0 0 -231.556 -0 66.9341 0 0 0 779.031 0 -225.189 0 0 0 -779.031 -0 225.189 0 0 0
3569.83 250.441 0 -72.3931 0 0 0 -250.441 -0 72.3931 0 0 0 844.109 0 -244 0 0 0 -844.109 -0 244 0 0 0
3844.51 269.304 0 -77.8457 0 0 0 -269.304 -0 77.8457 0 0 0 909.246 0 -262.829 0 0 0 -909.246 -0 262.829 0 0 0
4119.21 288.145 0 -83.2919 0 0 0 -288.145 -0 83.2919 0 0 0 974.444 0 -281.675 0 0 0 -974.444 -0 281.675 0 0 0
4393.92 306.964 0 -88.7317 0 0 0 -306.964 -0 88.7317 0 0 0 1039.7 0 -300.539 0 0 0 -1039.7 -0 300.539 0 0 0
4668.65 325.76 0 -94.1649 0 0 0 -325.76 -0 94.1649 0 0 0 1105.02 0 -319.42 0 0 0 -1105.02 -0 319.42 0 0 0
4943.39 344.534 0 -99.5918 0 0 0 -344.534 -0 99.5918 0 0 0 1170.4 0 -338.319 0 0 0 -1170.4 -0 338.319 0 0 0
5218.15 363.285 0 -105.012 0 0 0 -363.285 -0 105.012 0 0 0 1235.84 0 -357.235 0 0 0 -1235.84 -0 357.235 0 0 0
5492.91 382.014 0 -110.426 0 0 0 -382.014 -0 110.426 0 0 0 1301.34 0 -376.168 0 0 0 -1301.34 -0 376.168 0 0 0
5767.7 400.721 0 -115.833 0 0 0 -400.721 -0 115.833 0 0 0 1366.9 0 -395.119 0 0 0 -1366.9 -0 395.119 0 0 0
6042.49 419.406 0 -121.234 0 0 0 -419.406 -0 121.234 0 0 0 1432.52 0 -414.088 0 0 0 -1432.52 -0 414.088 0 0 0
6317.3 438.068 0 -126.629 0 0 0 -438.068 -0 126.629 0 0 0 1498.2 0 -433.074 0 0 0 -1498.2 -0 433.074 0 0 0
6592.13 456.707 0 -132.017 0 0 0 -456.707 -0 132.017 0 0 0 1563.95 0 -452.078 0 0 0 -1563.95 -0 452.078 0 0 0
6866.97 475.324 0 -137.398 0 0 0 -475.324 -0 137.398 0 0 0 1629.75 0 -471.1 0 0 0 -1629.75 -0 471.1 0 0 0
7141.83 493.918 0 -142.773 0 0 0 -493.918 -0 142.773 0 0 0 1695.61 0 -490.139 0 0 0 -1695.61 -0 490.139 0 0 0
7416.7 512.49 0 -148.142 0 0 0 -512.49 -0 148.142 0 0 0 1761.54 0 -509.195 0 0 0 -1761.54 -0 509.195 0 0 0
7691.59 531.039 0 -153.504 0 0 0 -531.039 -0 153.504 0 0 0 1827.53 0 -528.27 0 0 0 -1827.53 -0 528.27 0 0 0
7966.5 549.566 0 -158.859 0 0 0 -549.566 -0 158.859 0 0 0 1893.57 0 -547.361 0 0 0 -1893.57 -0 547.361 0 0 0
8241.42 568.07 0 -164.208 0 0 0 -568.07 -0 164.208 0 0 0 1959.68 0 -566.471 0 0 0 -1959.68 -0 566.471 0 0 0
8516.35 586.551 0 -169.55 0 0 0 -586.551 -0 169.55 0 0 0 2025.85 0 -585.598 0 0 0 -2025.85 -0 585.598 0 0 0
8791.31 605.01 0 -174.886 0 0 0 -605.01 -0 174.886 0 0 0 2092.08 0 -604.743 0 0 0 -2092.08 -0 604.743 0 0 0
9066.28 623.446 0 -180.215 0 0 0 -623.446 -0 180.215 0 0 0 2158.38 0 -623.906 0 0 0 -2158.38 -0 623.906 0 0 0
9341.27 641.859 0 -185.537 0 0 0 -641.859 -0 185.537 0 0 0 2224.73 0 -643.086 0 0 0 -2224.73 -0 643.086 0 0 0
9616.27 660.249 0 -190.853 0 0 0 -660.249 -0 190.853 0 0 0 2291.14 0 -662.284 0 0 0 -2291.14 -0 662.284 0 0 0
9891.29 678.617 0 -196.163 0 0 0 -678.617 -0 196.163 0 0 0 2357.62 0 -681.5 0 0 0 -2357.62 -0 681.5 0 0 0
10166.3 696.962 0 -201.466 0 0 0 -696.962 -0 201.466 0 0 0 2424.16 0 -700.733 0 0 0 -2424.16 -0 700.733 0 0 0
10441.4 715.284 0 -206.762 0 0 0 -715.284 -0 206.762 0 0 0 2490.76 0 -719.985 0 0 0 -2490.76 -0 719.985 0 0 0
10716.5 733.583 0 -212.051 0 0 0 -733.583 -0 212.051 0 0 0 2557.42 0 -739.254 0 0 0 -2557.42 -0 739.254 0 0 0
10991.6 751.859 0 -217.334 0 0 0 -751.859 -0 217.334 0 0 0 2624.14 0 -758.541 0 0 0 -2624.14 -0 758.541 0 0 0
11266.7 770.113 0 -222.611 0 0 0 -770.113 -0 222.611 0 0 0 2690.93 0 -777.846 0 0 0 -2690.93 -0 777.846 0 0 0
11541.8 788.343 0 -227.88 0 0 0 -788.343 -0 227.88 0 0 0 2757.77 0 -797.168 0 0 0 -2757.77 -0 797.168 0 0 0
11817 806.551 0 -233.144 0 0 0 -806.551 -0 233.144 0 0 0 2824.68 0 -816.509 0 0 0 -2824.68 -0 816.509 0 0 0
12092.1 824.735 0 -238.4 0 0 0 -824.735 -0 238.4 0 0 0 2891.65 0 -835.867 0 0 0 -2891.65 -0 835.867 0 0 0
12367.3 842.897 0 -243.65 0 0 0 -842.897 -0 243.65 0 0 0 2958.68 0 -855.243 0 0 0 -2958.68 -0 855.243 0 0 0
12642.5 861.035 0 -248.893 0 0 0 -861.035 -0 248.893 0 0 0 3025.77 0 -874.637 0 0 0 -3025.77 -0 874.637 0 0 0
12917.7 879.151 0 -254.129 0 0 0 -879.151 -0 254.129 0 0 0 3092.93 0 -894.049 0 0 0 -3092.93 -0 894.049 0 0 0
13193 897.243 0 -259.359 0 0 0 -897.243 -0 259.359 0 0 0 3160.14 0 -913.479 0 0 0 -3160.14 -0 913.479 0 0 0
13468.3 915.312 0 -264.582 0 0 0 -915.312 -0 264.582 0 0 0 3227.42 0 -932.927 0 0 0 -3227.42 -0 932.927 0 0 0
13743.5 933.358 0 -269.799 0 0 0 -933.358 -0 269.799 0 0 0 3294.76 0 -952.393 0 0 0 -3294.76 -0 952.393 0 0 0
14018.9 951.381 0 -275.009 0 0 0 -951.381 -0 275.009 0 0 0 3362.17 0 -971.877 0 0 0 -3362.17 -0 971.877 0 0 0
