276.021 0.240682 3.68599e-010 -0.0454476
552.042 0.570858 7.86941e-010 -0.00176401
828.063 0.901033 1.20421e-009 0.0419195
1104.08 1.23121 1.62248e-009 0.0856031
1380.1 1.56138 2.04117e-009 0.129287
1656.13 1.89156 2.45939e-009 0.17297
1932.15 2.22174 2.87628e-009 0.216654
2208.17 2.55191 3.29578e-009 0.260337
2484.19 2.88209 3.71468e-009 0.304021
2760.21 3.21226 4.13013e-009 0.347704
3036.23 3.54244 4.55046e-009 0.391388
3312.25 3.87261 4.96935e-009 0.435071
3588.27 4.20279 5.38636e-009 0.478755
3864.29 4.53296 5.80517e-009 0.522439
4140.31 4.86314 6.22246e-009 0.566122
4416.33 5.19332 6.63935e-009 0.609806
4692.36 5.52349 7.0577e-009 0.653489
