276.021 0.0895776 7.15797e-010 -0.0123432
552.042 0.203316 1.41625e-009 0.026419
828.063 0.317055 2.11614e-009 0.0651811
1104.08 0.430793 2.8166e-009 0.103943
1380.1 0.544532 3.51727e-009 0.142706
1656.13 0.658271 4.21769e-009 0.181468
1932.15 0.772009 4.91739e-009 0.22023
2208.17 0.885748 5.61852e-009 0.258992
2484.19 0.999487 6.31932e-009 0.297754
2760.21 1.11323 7.01826e-009 0.336517
3036.23 1.22696 7.71978e-009 0.375279
3312.25 1.3407 8.42059e-009 0.414041
3588.27 1.45444 9.12035e-009 0.452803
3864.29 1.56818 9.82106e-009 0.491565
4140.31 1.68192 1.0521e-008 0.530327
4416.33 1.79566 1.12207e-008 0.56909
4692.36 1.9094 1.19212e-008 0.607852
