276.021 0.221743 -9.22382e-010 -0.0454476
552.042 0.522608 -1.77793e-009 -0.00176401
828.063 0.823473 -2.63457e-009 0.0419195
1104.08 1.12434 -3.49018e-009 0.0856031
1380.1 1.4252 -4.34537e-009 0.129287
1656.13 1.72607 -5.20105e-009 0.17297
1932.15 2.02694 -6.05806e-009 0.216654
2208.17 2.3278 -6.91245e-009 0.260337
2484.19 2.62867 -7.76743e-009 0.304021
2760.21 2.92953 -8.62588e-009 0.347704
3036.23 3.2304 -9.47945e-009 0.391388
3312.25 3.53126 -1.03344e-008 0.435071
3588.27 3.83213 -1.11913e-008 0.478755
3864.29 4.13299 -1.20464e-008 0.522439
4140.31 4.43386 -1.2903e-008 0.566122
4416.33 4.73472 -1.376e-008 0.609806
4692.36 5.03559 -1.46156e-008 0.653489
