276.021 0.492158 -8.05448e-010 -0.106503
552.042 1.28564 -1.56607e-009 -0.0786813
828.063 2.07913 -2.32951e-009 -0.05086
1104.08 2.87261 -3.0907e-009 -0.0230387
1380.1 3.66609 -3.85072e-009 0.00478264
1656.13 4.45958 -4.61241e-009 0.032604
1932.15 5.25306 -5.3755e-009 0.0604253
2208.17 6.04655 -6.13549e-009 0.0882466
2484.19 6.84003 -6.89639e-009 0.116068
2760.21 7.63351 -7.66076e-009 0.143889
3036.23 8.427 -8.42039e-009 0.171711
3312.25 9.22048 -9.18054e-009 0.199532
3588.27 10.014 -9.94336e-009 0.227353
3864.29 10.8075 -1.07043e-008 0.255175
4140.31 11.6009 -1.14667e-008 0.282996
4416.33 12.3944 -1.22297e-008 0.310817
4692.36 13.1879 -1.29916e-008 0.338639
