276.021 0.554594 8.68252e-011 -0.145125
552.042 1.54343 8.67413e-011 -0.0513178
828.063 2.53226 8.79904e-011 0.0424896
1104.08 3.5211 8.74411e-011 0.136297
1380.1 4.50994 8.67462e-011 0.230104
1656.13 5.49877 8.66982e-011 0.323912
1932.15 6.48761 8.76723e-011 0.417719
2208.17 7.47644 8.57967e-011 0.511527
2484.19 8.46528 8.49538e-011 0.605334
2760.21 9.45411 8.70022e-011 0.699142
3036.23 10.4429 8.69674e-011 0.792949
3312.25 11.4318 8.45235e-011 0.886756
3588.27 12.4206 8.61224e-011 0.980564
3864.29 13.4095 8.4905e-011 1.07437
4140.31 14.3983 8.55915e-011 1.16818
4416.33 15.3871 8.70165e-011 1.26199
4692.36 16.376 8.78275e-011 1.35579
