276.021 0.222067 -3.38385e-010 -0.131143
552.042 0.534512 -7.56729e-010 -0.134862
828.063 0.846956 -1.17356e-009 -0.138582
1104.08 1.1594 -1.59204e-009 -0.142301
1380.1 1.47184 -2.011e-009 -0.146021
1656.13 1.78429 -2.4292e-009 -0.14974
1932.15 2.09673 -2.84571e-009 -0.15346
2208.17 2.40918 -3.2659e-009 -0.157179
2484.19 2.72162 -3.68508e-009 -0.160899
2760.21 3.03407 -4.09983e-009 -0.164618
3036.23 3.34651 -4.52016e-009 -0.168338
3312.25 3.65895 -4.93993e-009 -0.172057
3588.27 3.9714 -5.35633e-009 -0.175777
3864.29 4.28384 -5.77554e-009 -0.179496
4140.31 4.59629 -6.19268e-009 -0.183216
4416.33 4.90873 -6.60908e-009 -0.186935
4692.36 5.22118 -7.02712e-009 -0.190655
