276.021 0.164293 -1.59114e-010 -0.0282397
552.042 0.381285 -2.91288e-010 0.0148933
828.063 0.598278 -4.24293e-010 0.0580262
1104.08 0.81527 -5.56484e-010 0.101159
1380.1 1.03226 -6.88379e-010 0.144292
1656.13 1.24926 -8.20616e-010 0.187425
1932.15 1.46625 -9.53908e-010 0.230558
2208.17 1.68324 -1.08513e-009 0.273691
2484.19 1.90023 -1.21682e-009 0.316824
2760.21 2.11723 -1.35123e-009 0.359957
3036.23 2.33422 -1.4819e-009 0.40309
3312.25 2.55121 -1.61355e-009 0.446223
3588.27 2.7682 -1.74675e-009 0.489356
3864.29 2.9852 -1.87855e-009 0.532488
4140.31 3.20219 -2.0115e-009 0.575621
4416.33 3.41918 -2.14481e-009 0.618754
4692.36 3.63617 -2.27697e-009 0.661887
