276.021 0.015056 2.78263e-009 -0.0511918
552.042 0.0342846 5.43027e-009 -0.0606861
828.063 0.0535131 8.07825e-009 -0.0701804
1104.08 0.0727416 1.07259e-008 -0.0796747
1380.1 0.0919701 1.33734e-008 -0.089169
1656.13 0.111199 1.60211e-008 -0.0986632
1932.15 0.130427 1.86692e-008 -0.108158
2208.17 0.149656 2.13164e-008 -0.117652
2484.19 0.168884 2.39639e-008 -0.127146
2760.21 0.188113 2.66124e-008 -0.13664
3036.23 0.207341 2.92594e-008 -0.146135
3312.25 0.22657 3.19068e-008 -0.155629
3588.27 0.245798 3.45549e-008 -0.165123
3864.29 0.265027 3.72024e-008 -0.174618
4140.31 0.284255 3.98503e-008 -0.184112
4416.33 0.303484 4.24984e-008 -0.193606
4692.36 0.322712 4.51461e-008 -0.2031
