276.021 0.0895776 -7.66979e-010 -0.0123432
552.042 0.203316 -1.46721e-009 0.026419
828.063 0.317055 -2.16799e-009 0.0651811
1104.08 0.430793 -2.86821e-009 0.103943
1380.1 0.544532 -3.56822e-009 0.142706
1656.13 0.658271 -4.26848e-009 0.181468
1932.15 0.772009 -4.96945e-009 0.22023
2208.17 0.885748 -5.669e-009 0.258992
2484.19 0.999487 -6.36888e-009 0.297754
2760.21 1.11323 -7.07062e-009 0.336517
3036.23 1.22696 -7.76978e-009 0.375279
3312.25 1.3407 -8.46964e-009 0.414041
3588.27 1.45444 -9.17056e-009 0.452803
3864.29 1.56818 -9.87053e-009 0.491565
4140.31 1.68192 -1.05713e-008 0.530327
4416.33 1.79566 -1.12722e-008 0.56909
4692.36 1.9094 -1.19724e-008 0.607852
