276.021 0.441884 -8.56989e-010 -0.0938261
552.042 1.12417 -1.65135e-009 -0.0607145
828.063 1.80646 -2.4473e-009 -0.027603
1104.08 2.48874 -3.24195e-009 0.0055086
1380.1 3.17103 -4.03571e-009 0.0386202
1656.13 3.85331 -4.83023e-009 0.0717317
1932.15 4.5356 -5.62691e-009 0.104843
2208.17 5.21789 -6.41957e-009 0.137955
2484.19 5.90017 -7.21312e-009 0.171066
2760.21 6.58246 -8.01205e-009 0.204178
3036.23 7.26474 -8.80293e-009 0.23729
3312.25 7.94703 -9.59679e-009 0.270401
3588.27 8.62932 -1.03931e-008 0.303513
3864.29 9.3116 -1.11869e-008 0.336624
4140.31 9.99389 -1.19829e-008 0.369736
4416.33 10.6762 -1.27794e-008 0.402847
4692.36 11.3585 -1.35736e-008 0.435959
