276.021 0.428974 8.81846e-010 -0.160699
552.042 1.10123 1.63451e-009 -0.141769
828.063 1.77348 2.38984e-009 -0.122839
1104.08 2.44573 3.14234e-009 -0.103909
1380.1 3.11798 3.89377e-009 -0.084979
1656.13 3.79024 4.64669e-009 -0.066049
1932.15 4.46249 5.40259e-009 -0.0471191
2208.17 5.13474 6.15201e-009 -0.0281892
2484.19 5.80699 6.9033e-009 -0.00925921
2760.21 6.47925 7.66209e-009 0.00967072
3036.23 7.1515 8.41142e-009 0.0286007
3312.25 7.82375 9.16155e-009 0.0475306
3588.27 8.496 9.91763e-009 0.0664605
3864.29 9.16825 1.06688e-008 0.0853905
4140.31 9.84051 1.14235e-008 0.10432
4416.33 10.5128 1.21795e-008 0.12325
4692.36 11.185 1.29327e-008 0.14218
