276.021 0.532665 -9.3217e-010 -0.115878
552.042 1.43057 -1.8161e-009 -0.0926955
828.063 2.32847 -2.70225e-009 -0.069513
1104.08 3.22637 -3.58703e-009 -0.0463305
1380.1 4.12427 -4.47106e-009 -0.023148
1656.13 5.02218 -5.3565e-009 3.4456e-005
1932.15 5.92008 -6.24108e-009 0.0232169
2208.17 6.81798 -7.12615e-009 0.0463994
2484.19 7.71588 -8.0101e-009 0.0695819
2760.21 8.61379 -8.89658e-009 0.0927644
3036.23 9.51169 -9.78096e-009 0.115947
3312.25 10.4096 -1.06645e-008 0.139129
3588.27 11.3075 -1.15504e-008 0.162312
3864.29 12.2054 -1.24347e-008 0.185494
4140.31 13.1033 -1.33207e-008 0.208677
4416.33 14.0012 -1.42069e-008 0.231859
4692.36 14.8991 -1.50919e-008 0.255042
