276.021 0.146314 -6.55482e-011 -0.112132
552.042 0.346134 -1.98105e-010 -0.121602
828.063 0.545955 -3.29557e-010 -0.131072
1104.08 0.745775 -4.62223e-010 -0.140543
1380.1 0.945595 -5.9522e-010 -0.150013
1656.13 1.14542 -7.27706e-010 -0.159483
1932.15 1.34524 -8.58898e-010 -0.168954
2208.17 1.54506 -9.92845e-010 -0.178424
2484.19 1.74488 -1.12605e-009 -0.187894
2760.21 1.9447 -1.25593e-009 -0.197365
3036.23 2.14452 -1.39e-009 -0.206835
3312.25 2.34434 -1.52362e-009 -0.216305
3588.27 2.54416 -1.65477e-009 -0.225775
3864.29 2.74398 -1.78795e-009 -0.235246
4140.31 2.9438 -1.91962e-009 -0.244716
4416.33 3.14362 -2.05074e-009 -0.254186
4692.36 3.34344 -2.18311e-009 -0.263657
