276.021 0.144005 1.18941e-010 -0.112132
552.042 0.340444 1.95065e-010 -0.121602
828.063 0.536882 2.72289e-010 -0.131072
1104.08 0.733321 3.48306e-010 -0.140543
1380.1 0.92976 4.23992e-010 -0.150013
1656.13 1.1262 5.00186e-010 -0.159483
1932.15 1.32264 5.77671e-010 -0.168954
2208.17 1.51908 6.52411e-010 -0.178424
2484.19 1.71552 7.27886e-010 -0.187894
2760.21 1.91195 8.06681e-010 -0.197365
3036.23 2.10839 8.81294e-010 -0.206835
3312.25 2.30483 9.56362e-010 -0.216305
3588.27 2.50127 1.03389e-009 -0.225775
3864.29 2.69771 1.10939e-009 -0.235246
4140.31 2.89415 1.18639e-009 -0.244716
4416.33 3.09059 1.26396e-009 -0.254186
4692.36 3.28703 1.34026e-009 -0.263657
