276.021 0.367102 -5.6498e-010 -0.154584
552.042 0.920665 -1.24829e-009 -0.143299
828.063 1.47423 -1.92927e-009 -0.132013
1104.08 2.02779 -2.61271e-009 -0.120727
1380.1 2.58136 -3.29701e-009 -0.109442
1656.13 3.13492 -3.9801e-009 -0.0981561
1932.15 3.68848 -4.66059e-009 -0.0868705
2208.17 4.24205 -5.34672e-009 -0.0755848
2484.19 4.79561 -6.03125e-009 -0.0642992
2760.21 5.34917 -6.70916e-009 -0.0530136
3036.23 5.90274 -7.39537e-009 -0.0417279
3312.25 6.4563 -8.08089e-009 -0.0304423
3588.27 7.00986 -8.76122e-009 -0.0191566
3864.29 7.56343 -9.44581e-009 -0.00787099
4140.31 8.11699 -1.01273e-008 0.00341465
4416.33 8.67055 -1.08077e-008 0.0147003
4692.36 9.22412 -1.14905e-008 0.0259859
