276.021 0.0917641 9.66024e-013 -0.0524669
552.042 0.208442 9.69847e-013 -0.0676374
828.063 0.325119 9.87292e-013 -0.0828078
1104.08 0.441797 9.7577e-013 -0.0979782
1380.1 0.558475 9.51911e-013 -0.113149
1656.13 0.675152 9.6752e-013 -0.128319
1932.15 0.79183 9.9287e-013 -0.143489
2208.17 0.908508 9.62595e-013 -0.15866
2484.19 1.02519 9.58774e-013 -0.17383
2760.21 1.14186 9.71688e-013 -0.189001
3036.23 1.25854 9.75691e-013 -0.204171
3312.25 1.37522 9.36275e-013 -0.219342
3588.27 1.4919 9.79792e-013 -0.234512
3864.29 1.60857 9.72518e-013 -0.249682
4140.31 1.72525 9.49448e-013 -0.264853
4416.33 1.84193 9.60466e-013 -0.280023
4692.36 1.95861 9.82418e-013 -0.295194
