276.021 0.315151 5.02891e-010 -0.0626285
552.042 0.764466 1.06185e-009 -0.0209294
828.063 1.21378 1.61947e-009 0.0207696
1104.08 1.6631 2.17826e-009 0.0624687
1380.1 2.11241 2.73761e-009 0.104168
1656.13 2.56173 3.29637e-009 0.145867
1932.15 3.01104 3.85353e-009 0.187566
2208.17 3.46036 4.41382e-009 0.229265
2484.19 3.90967 4.9734e-009 0.270964
2760.21 4.35899 5.52881e-009 0.312663
3036.23 4.8083 6.09018e-009 0.354362
3312.25 5.25762 6.64968e-009 0.396061
3588.27 5.70693 7.20703e-009 0.43776
3864.29 6.15625 7.76646e-009 0.479459
4140.31 6.60556 8.3241e-009 0.521158
4416.33 7.05488 8.88129e-009 0.562857
4692.36 7.50419 9.44026e-009 0.604556
