276.021 0.0320064 -2.48089e-009 -0.000491237
552.042 0.0711539 -4.84153e-009 0.0274615
828.063 0.110301 -7.20248e-009 0.0554142
1104.08 0.149449 -9.56313e-009 0.0833669
1380.1 0.188596 -1.19236e-008 0.11132
1656.13 0.227744 -1.42843e-008 0.139272
1932.15 0.266891 -1.66454e-008 0.167225
2208.17 0.306039 -1.90057e-008 0.195178
2484.19 0.345186 -2.13661e-008 0.22313
2760.21 0.384334 -2.37276e-008 0.251083
3036.23 0.423481 -2.60877e-008 0.279036
3312.25 0.462629 -2.84481e-008 0.306988
3588.27 0.501776 -3.08091e-008 0.334941
3864.29 0.540924 -3.31697e-008 0.362894
4140.31 0.580071 -3.55306e-008 0.390847
4416.33 0.619219 -3.78916e-008 0.418799
4692.36 0.658366 -4.02523e-008 0.446752
