276.021 0.567031 -2.31877e-009 -0.120471
552.042 1.56703 -4.42455e-009 -0.0998159
828.063 2.56703 -6.53107e-009 -0.0791613
1104.08 3.56703 -8.63673e-009 -0.0585067
1380.1 4.56703 -1.07426e-008 -0.0378521
1656.13 5.56703 -1.28479e-008 -0.0171975
1932.15 6.56703 -1.49541e-008 0.00345713
2208.17 7.56703 -1.70589e-008 0.0241117
2484.19 8.56703 -1.91641e-008 0.0447664
2760.21 9.56703 -2.12715e-008 0.065421
3036.23 10.567 -2.33773e-008 0.0860756
3312.25 11.567 -2.5482e-008 0.10673
3588.27 12.567 -2.7588e-008 0.127385
3864.29 13.567 -2.96929e-008 0.148039
4140.31 14.567 -3.18e-008 0.168694
4416.33 15.567 -3.39069e-008 0.189349
4692.36 16.567 -3.60129e-008 0.210003
