276.021 0.52189 9.67209e-010 -0.163376
552.042 1.40994 1.79686e-009 -0.130569
828.063 2.29798 2.63016e-009 -0.0977626
1104.08 3.18603 3.46003e-009 -0.0649561
1380.1 4.07408 4.2889e-009 -0.0321496
1656.13 4.96213 5.12018e-009 0.000656875
1932.15 5.85017 5.95176e-009 0.0334634
2208.17 6.73822 6.78039e-009 0.0662699
2484.19 7.62627 7.60922e-009 0.0990764
2760.21 8.51432 8.44362e-009 0.131883
3036.23 9.40236 9.27375e-009 0.164689
3312.25 10.2904 1.01002e-008 0.197496
3588.27 11.1785 1.09339e-008 0.230302
3864.29 12.0665 1.17627e-008 0.263109
4140.31 12.9546 1.25949e-008 0.295915
4416.33 13.8426 1.34283e-008 0.328722
4692.36 14.7306 1.42602e-008 0.361528
