276.021 0.297182 6.53868e-010 -0.14493
552.042 0.72945 1.21207e-009 -0.141382
828.063 1.16172 1.77223e-009 -0.137835
1104.08 1.59399 2.33031e-009 -0.134288
1380.1 2.02625 2.88774e-009 -0.130741
1656.13 2.45852 3.44616e-009 -0.127194
1932.15 2.89079 4.00671e-009 -0.123647
2208.17 3.32306 4.5626e-009 -0.1201
2484.19 3.75532 5.11979e-009 -0.116553
2760.21 4.18759 5.68252e-009 -0.113006
3036.23 4.61986 6.23831e-009 -0.109459
3312.25 5.05213 6.79472e-009 -0.105912
3588.27 5.48439 7.35542e-009 -0.102364
3864.29 5.91666 7.91257e-009 -0.0988173
4140.31 6.34893 8.47231e-009 -0.0952702
4416.33 6.7812 9.03297e-009 -0.0917232
4692.36 7.21347 9.59161e-009 -0.0881761
