276.021 0.21968 4.31438e-010 -0.131143
552.042 0.528391 7.9258e-010 -0.134862
828.063 0.837101 1.15523e-009 -0.138582
1104.08 1.14581 1.51623e-009 -0.142301
1380.1 1.45452 1.87676e-009 -0.146021
1656.13 1.76323 2.23805e-009 -0.14974
1932.15 2.07194 2.60103e-009 -0.15346
2208.17 2.38065 2.96033e-009 -0.157179
2484.19 2.68936 3.32064e-009 -0.160899
2760.21 2.99807 3.68536e-009 -0.164618
3036.23 3.30678 4.04452e-009 -0.168338
3312.25 3.61549 4.40424e-009 -0.172057
3588.27 3.9242 4.76733e-009 -0.175777
3864.29 4.23291 5.1276e-009 -0.179496
4140.31 4.54162 5.48995e-009 -0.183216
4416.33 4.85033 5.85303e-009 -0.186935
4692.36 5.15904 6.21447e-009 -0.190655
