276.021 0.164293 8.44521e-011 -0.0282397
552.042 0.381285 2.17006e-010 0.0148933
828.063 0.598278 3.48729e-010 0.0580262
1104.08 0.81527 4.81266e-010 0.101159
1380.1 1.03226 6.14099e-010 0.144292
1656.13 1.24926 7.4659e-010 0.187425
1932.15 1.46625 8.78026e-010 0.230558
2208.17 1.68324 1.01153e-009 0.273691
2484.19 1.90023 1.14457e-009 0.316824
2760.21 2.11723 1.27489e-009 0.359957
3036.23 2.33422 1.40895e-009 0.40309
3312.25 2.55121 1.54202e-009 0.446223
3588.27 2.7682 1.67355e-009 0.489356
3864.29 2.9852 1.80648e-009 0.532488
4140.31 3.20219 1.93826e-009 0.575621
4416.33 3.41918 2.06967e-009 0.618754
4692.36 3.63617 2.20224e-009 0.661887
