276.021 0.0246547 2.48394e-009 -0.0511918
552.042 0.0567603 4.84458e-009 -0.0606861
828.063 0.0888658 7.20558e-009 -0.0701804
1104.08 0.120971 9.5662e-009 -0.0796747
1380.1 0.153077 1.19267e-008 -0.089169
1656.13 0.185183 1.42874e-008 -0.0986632
1932.15 0.217288 1.66485e-008 -0.108158
2208.17 0.249394 1.90087e-008 -0.117652
2484.19 0.281499 2.13691e-008 -0.127146
2760.21 0.313605 2.37307e-008 -0.13664
3036.23 0.34571 2.60907e-008 -0.146135
3312.25 0.377816 2.84511e-008 -0.155629
3588.27 0.409922 3.08122e-008 -0.165123
3864.29 0.442027 3.31727e-008 -0.174618
4140.31 0.474133 3.55336e-008 -0.184112
4416.33 0.506238 3.78947e-008 -0.193606
4692.36 0.538344 4.02554e-008 -0.2031
