276.021 0.482463 9.34799e-010 -0.106503
552.042 1.25242 1.9286e-009 -0.0786813
828.063 2.02238 2.91956e-009 -0.05086
1104.08 2.79233 3.9128e-009 -0.0230387
1380.1 3.56229 4.90721e-009 0.00478264
1656.13 4.33225 5.89993e-009 0.032604
1932.15 5.1022 6.89125e-009 0.0604253
2208.17 5.87216 7.8857e-009 0.0882466
2484.19 6.64212 8.87922e-009 0.116068
2760.21 7.41207 9.86925e-009 0.143889
3036.23 8.18203 1.0864e-008 0.171711
3312.25 8.95199 1.18583e-008 0.199532
3588.27 9.72194 1.28499e-008 0.227353
3864.29 10.4919 1.38434e-008 0.255175
4140.31 11.2619 1.48354e-008 0.282996
4416.33 12.0318 1.58268e-008 0.310817
4692.36 12.8018 1.68194e-008 0.338639
