276.021 0.415163 5.3255e-010 -0.160699
552.042 1.0586 9.63301e-010 -0.141769
828.063 1.70204 1.39667e-009 -0.122839
1104.08 2.34548 1.82728e-009 -0.103909
1380.1 2.98892 2.25682e-009 -0.084979
1656.13 3.63236 2.68782e-009 -0.066049
1932.15 4.2758 3.12178e-009 -0.0471191
2208.17 4.91924 3.54933e-009 -0.0281891
2484.19 5.56268 3.97873e-009 -0.00925921
2760.21 6.20612 4.41554e-009 0.00967072
3036.23 6.84956 4.84295e-009 0.0286007
3312.25 7.493 5.27124e-009 0.0475306
3588.27 8.13644 5.70536e-009 0.0664605
3864.29 8.77988 6.13465e-009 0.0853905
4140.31 9.42332 6.56743e-009 0.10432
4416.33 10.0668 7.00144e-009 0.12325
4692.36 10.7102 7.43275e-009 0.14218
