276.021 0.533824 7.84562e-010 -0.115878
552.042 1.43501 1.64347e-009 -0.0926955
828.063 2.33621 2.50015e-009 -0.069513
1104.08 3.2374 3.35822e-009 -0.0463305
1380.1 4.13859 4.21702e-009 -0.023148
1656.13 5.03978 5.07442e-009 3.44562e-005
1932.15 5.94097 5.93267e-009 0.0232169
2208.17 6.84216 6.79044e-009 0.0463994
2484.19 7.74335 7.64933e-009 0.0695819
2760.21 8.64455 8.50569e-009 0.0927644
3036.23 9.54574 9.36414e-009 0.115947
3312.25 10.4469 1.02234e-008 0.139129
3588.27 11.3481 1.10804e-008 0.162312
3864.29 12.2493 1.19389e-008 0.185494
4140.31 13.1505 1.27957e-008 0.208677
4416.33 14.0517 1.36524e-008 0.231859
4692.36 14.9529 1.45102e-008 0.255042
