276.021 0.0198536 -2.18127e-009 -0.000491238
552.042 0.0436788 -4.2549e-009 0.0274615
828.063 0.067504 -6.32885e-009 0.0554142
1104.08 0.0913292 -8.40249e-009 0.0833669
1380.1 0.115154 -1.0476e-008 0.11132
1656.13 0.13898 -1.25497e-008 0.139272
1932.15 0.162805 -1.46237e-008 0.167225
2208.17 0.18663 -1.6697e-008 0.195178
2484.19 0.210455 -1.87705e-008 0.22313
2760.21 0.23428 -2.08449e-008 0.251083
3036.23 0.258106 -2.2918e-008 0.279036
3312.25 0.281931 -2.49915e-008 0.306988
3588.27 0.305756 -2.70655e-008 0.334941
3864.29 0.329581 -2.9139e-008 0.362894
4140.31 0.353406 -3.12129e-008 0.390847
4416.33 0.377232 -3.3287e-008 0.418799
4692.36 0.401057 -3.53606e-008 0.446752
