276.021 0.128468 -2.7848e-010 -0.112132
552.042 0.302159 -5.79402e-010 -0.121602
828.063 0.475851 -8.79253e-010 -0.131072
1104.08 0.649542 -1.18027e-009 -0.140543
1380.1 0.823234 -1.48162e-009 -0.150013
1656.13 0.996925 -1.78247e-009 -0.159483
1932.15 1.17062 -2.08205e-009 -0.168954
2208.17 1.34431 -2.38432e-009 -0.178424
2484.19 1.518 -2.68587e-009 -0.187894
2760.21 1.69169 -2.98417e-009 -0.197365
3036.23 1.86538 -3.2866e-009 -0.206835
3312.25 2.03907 -3.58853e-009 -0.216305
3588.27 2.21277 -3.88808e-009 -0.225775
3864.29 2.38646 -4.1896e-009 -0.235246
4140.31 2.56015 -4.48966e-009 -0.244716
4416.33 2.73384 -4.78918e-009 -0.254186
4692.36 2.90753 -5.08994e-009 -0.263657
