276.021 0.351103 -1.69169e-010 -0.154584
552.042 0.874884 -4.78419e-010 -0.143299
828.063 1.39866 -7.8538e-010 -0.132013
1104.08 1.92245 -1.09475e-009 -0.120727
1380.1 2.44623 -1.40497e-009 -0.109442
1656.13 2.97001 -1.714e-009 -0.0981561
1932.15 3.49379 -2.02046e-009 -0.0868705
2208.17 4.01757 -2.33248e-009 -0.0755848
2484.19 4.54135 -2.64293e-009 -0.0642992
2760.21 5.06513 -2.94684e-009 -0.0530136
3036.23 5.58891 -3.259e-009 -0.0417279
3312.25 6.11269 -3.57038e-009 -0.0304423
3588.27 6.63648 -3.8767e-009 -0.0191566
3864.29 7.16026 -4.1872e-009 -0.00787098
4140.31 7.68404 -4.49463e-009 0.00341466
4416.33 8.20782 -4.80102e-009 0.0147003
4692.36 8.7316 -5.10977e-009 0.0259859
