276.021 0.015056 -2.75075e-009 -0.0511918
552.042 0.0342846 -5.39854e-009 -0.0606861
828.063 0.0535131 -8.04598e-009 -0.0701804
1104.08 0.0727416 -1.06938e-008 -0.0796747
1380.1 0.0919701 -1.33417e-008 -0.089169
1656.13 0.111199 -1.59894e-008 -0.0986632
1932.15 0.130427 -1.86368e-008 -0.108158
2208.17 0.149656 -2.1285e-008 -0.117652
2484.19 0.168884 -2.39329e-008 -0.127146
2760.21 0.188113 -2.65799e-008 -0.13664
3036.23 0.207341 -2.92282e-008 -0.146135
3312.25 0.22657 -3.18762e-008 -0.155629
3588.27 0.245798 -3.45236e-008 -0.165123
3864.29 0.265027 -3.71715e-008 -0.174618
4140.31 0.284255 -3.98191e-008 -0.184112
4416.33 0.303484 -4.24664e-008 -0.193606
4692.36 0.322712 -4.51141e-008 -0.2031
