276.021 0.381625 -7.94857e-010 -0.0789652
552.042 0.94699 -1.52572e-009 -0.040996
828.063 1.51236 -2.25809e-009 -0.00302682
1104.08 2.07772 -2.9892e-009 0.0349424
1380.1 2.64309 -3.71958e-009 0.0729116
1656.13 3.20845 -4.45062e-009 0.110881
1932.15 3.77382 -5.18357e-009 0.14885
2208.17 4.33918 -5.91289e-009 0.186819
2484.19 4.90455 -6.64303e-009 0.224788
2760.21 5.46992 -7.37801e-009 0.262757
3036.23 6.03528 -8.10596e-009 0.300727
3312.25 6.60065 -8.83624e-009 0.338696
3588.27 7.16601 -9.56891e-009 0.376665
3864.29 7.73138 -1.02993e-008 0.414634
4140.31 8.29674 -1.10317e-008 0.452603
4416.33 8.86211 -1.17645e-008 0.490573
4692.36 9.42748 -1.24953e-008 0.528542
