276.021 0.559237 2.38731e-009 -0.120471
552.042 1.53474 4.64847e-009 -0.0998159
828.063 2.51024 6.90888e-009 -0.0791613
1104.08 3.48574 9.17016e-009 -0.0585067
1380.1 4.46124 1.14312e-008 -0.0378521
1656.13 5.43675 1.36929e-008 -0.0171975
1932.15 6.41225 1.59536e-008 0.00345713
2208.17 7.38775 1.82157e-008 0.0241117
2484.19 8.36325 2.04775e-008 0.0447664
2760.21 9.33875 2.27371e-008 0.065421
3036.23 10.3143 2.49981e-008 0.0860756
3312.25 11.2898 2.72605e-008 0.10673
3588.27 12.2653 2.95213e-008 0.127385
3864.29 13.2408 3.17834e-008 0.148039
4140.31 14.2163 3.40432e-008 0.168694
4416.33 15.1918 3.63033e-008 0.189349
4692.36 16.1673 3.85642e-008 0.210003
