276.021 0.514232 -4.56765e-010 -0.163376
552.042 1.38024 -1.1061e-009 -0.130569
828.063 2.24624 -1.75182e-009 -0.0977626
1104.08 3.11224 -2.40094e-009 -0.0649561
1380.1 3.97825 -3.05104e-009 -0.0321496
1656.13 4.84425 -3.69875e-009 0.000656876
1932.15 5.71026 -4.34619e-009 0.0334634
2208.17 6.57626 -4.9965e-009 0.0662699
2484.19 7.44226 -5.64665e-009 0.0990764
2760.21 8.30827 -6.29128e-009 0.131883
3036.23 9.17427 -6.94014e-009 0.164689
3312.25 10.0403 -7.59259e-009 0.197496
3588.27 10.9063 -8.23798e-009 0.230302
3864.29 11.7723 -8.88816e-009 0.263109
4140.31 12.6383 -9.53493e-009 0.295915
4416.33 13.5043 -1.01806e-008 0.328722
4692.36 14.3703 -1.08277e-008 0.361528
