276.021 0.367102 7.99365e-010 -0.154584
552.042 0.920665 1.48181e-009 -0.143299
828.063 1.47423 2.16659e-009 -0.132013
1104.08 2.02779 2.8489e-009 -0.120727
1380.1 2.58136 3.53036e-009 -0.109442
1656.13 3.13492 4.21303e-009 -0.0981561
1932.15 3.68848 4.8983e-009 -0.0868705
2208.17 4.24205 5.57792e-009 -0.0755848
2484.19 4.79561 6.25915e-009 -0.0642992
2760.21 5.34917 6.947e-009 -0.0530136
3036.23 5.90274 7.62654e-009 -0.0417279
3312.25 6.4563 8.30678e-009 -0.0304423
3588.27 7.00986 8.99221e-009 -0.0191566
3864.29 7.56343 9.67338e-009 -0.00787099
4140.31 8.11699 1.03577e-008 0.00341465
4416.33 8.67055 1.1043e-008 0.0147003
4692.36 9.22412 1.1726e-008 0.0259859
