276.021 0.238231 -5.20862e-010 -0.0454476
552.042 0.564614 -9.95308e-010 -0.00176401
828.063 0.890996 -1.47083e-009 0.0419195
1104.08 1.21738 -1.94534e-009 0.0856031
1380.1 1.54376 -2.41943e-009 0.129287
1656.13 1.87014 -2.89401e-009 0.17297
1932.15 2.19653 -3.3699e-009 0.216654
2208.17 2.52291 -3.8432e-009 0.260337
2484.19 2.84929 -4.31708e-009 0.304021
2760.21 3.17567 -4.79442e-009 0.347704
3036.23 3.50206 -5.26688e-009 0.391388
3312.25 3.82844 -5.74076e-009 0.435071
3588.27 4.15482 -6.21655e-009 0.478755
3864.29 4.4812 -6.69053e-009 0.522439
4140.31 4.80759 -7.16602e-009 0.566122
4416.33 5.13397 -7.64192e-009 0.609806
4692.36 5.46035 -8.11635e-009 0.653489
