276.021 0.493599 1.47283e-011 -0.132949
552.042 1.29058 1.47609e-011 -0.169305
828.063 2.08756 1.49968e-011 -0.205661
1104.08 2.88454 1.48525e-011 -0.242017
1380.1 3.68152 1.45938e-011 -0.278373
1656.13 4.47851 1.47304e-011 -0.314729
1932.15 5.27549 1.50345e-011 -0.351085
2208.17 6.07247 1.46175e-011 -0.387441
2484.19 6.86945 1.45271e-011 -0.423797
2760.21 7.66643 1.47935e-011 -0.460153
3036.23 8.46341 1.48164e-011 -0.496509
3312.25 9.26039 1.42844e-011 -0.532865
3588.27 10.0574 1.48054e-011 -0.569221
3864.29 10.8544 1.46564e-011 -0.605577
4140.31 11.6513 1.44899e-011 -0.641933
4416.33 12.4483 1.46889e-011 -0.678289
4692.36 13.2453 1.49431e-011 -0.714645
