276.021 0.294897 5.96692e-010 -0.14493
552.042 0.723294 1.10117e-009 -0.141382
828.063 1.15169 1.6076e-009 -0.137835
1104.08 1.58009 2.11196e-009 -0.134288
1380.1 2.00849 2.61567e-009 -0.130741
1656.13 2.43688 3.12037e-009 -0.127194
1932.15 2.86528 3.62719e-009 -0.123647
2208.17 3.29368 4.12936e-009 -0.1201
2484.19 3.72207 4.63283e-009 -0.116553
2760.21 4.15047 5.14183e-009 -0.113006
3036.23 4.57887 5.6439e-009 -0.109459
3312.25 5.00727 6.14659e-009 -0.105912
3588.27 5.43566 6.65355e-009 -0.102364
3864.29 5.86406 7.15699e-009 -0.0988173
4140.31 6.29246 7.663e-009 -0.0952702
4416.33 6.72086 8.16993e-009 -0.0917232
4692.36 7.14925 8.67484e-009 -0.0881761
