276.021 0.146314 1.6171e-011 -0.0697508
552.042 0.346134 1.61638e-011 -0.0171712
828.063 0.545955 1.63904e-011 0.0354084
1104.08 0.745775 1.6288e-011 0.087988
1380.1 0.945595 1.61768e-011 0.140568
1656.13 1.14542 1.61527e-011 0.193147
1932.15 1.34524 1.63356e-011 0.245727
2208.17 1.54506 1.59776e-011 0.298306
2484.19 1.74488 1.58221e-011 0.350886
2760.21 1.9447 1.62118e-011 0.403466
3036.23 2.14452 1.62018e-011 0.456045
3312.25 2.34434 1.57567e-011 0.508625
3588.27 2.54416 1.60391e-011 0.561204
3864.29 2.74398 1.58046e-011 0.613784
4140.31 2.9438 1.59489e-011 0.666363
4416.33 3.14362 1.62155e-011 0.718943
4692.36 3.34344 1.63616e-011 0.771523
