276.021 0.144005 -7.05431e-012 -0.112132
552.042 0.340444 -8.35637e-011 -0.121602
828.063 0.536882 -1.58972e-010 -0.131072
1104.08 0.733321 -2.35588e-010 -0.140543
1380.1 0.92976 -3.12536e-010 -0.150013
1656.13 1.1262 -3.88974e-010 -0.159483
1932.15 1.32264 -4.64122e-010 -0.168954
2208.17 1.51908 -5.42014e-010 -0.178424
2484.19 1.71552 -6.19173e-010 -0.187894
2760.21 1.91195 -6.93011e-010 -0.197365
3036.23 2.10839 -7.7103e-010 -0.206835
3312.25 2.30483 -8.48595e-010 -0.216305
3588.27 2.50127 -9.23699e-010 -0.225775
3864.29 2.69771 -1.00083e-009 -0.235246
4140.31 2.89415 -1.07646e-009 -0.244716
4416.33 3.09059 -1.15153e-009 -0.254186
4692.36 3.28703 -1.22786e-009 -0.263657
