276.021 0.479715 8.1284e-010 -0.163607
552.042 1.26166 1.50471e-009 -0.137462
828.063 2.04361 2.20064e-009 -0.111317
1104.08 2.82556 2.89252e-009 -0.0851718
1380.1 3.6075 3.58304e-009 -0.0590266
1656.13 4.38945 4.27608e-009 -0.0328814
1932.15 5.1714 4.97152e-009 -0.00673613
2208.17 5.95334 5.66087e-009 0.0194091
2484.19 6.73529 6.35231e-009 0.0455543
2760.21 7.51724 7.04984e-009 0.0716995
3036.23 8.29918 7.74073e-009 0.0978448
3312.25 9.08113 8.42973e-009 0.12399
3588.27 9.86308 9.12557e-009 0.150135
3864.29 10.645 9.81663e-009 0.17628
4140.31 11.427 1.05108e-008 0.202426
4416.33 12.2089 1.12063e-008 0.228571
4692.36 12.9909 1.19003e-008 0.254716
