276.021 0.161861 1.4319e-010 -0.0282397
552.042 0.375357 3.31792e-010 0.0148933
828.063 0.588853 5.19561e-010 0.0580262
1104.08 0.802349 7.08146e-010 0.101159
1380.1 1.01584 8.97028e-010 0.144292
1656.13 1.22934 1.08557e-009 0.187425
1932.15 1.44284 1.27305e-009 0.230558
2208.17 1.65633 1.4626e-009 0.273691
2484.19 1.86983 1.65169e-009 0.316824
2760.21 2.08332 1.83805e-009 0.359957
3036.23 2.29682 2.02816e-009 0.40309
3312.25 2.51032 2.21729e-009 0.446223
3588.27 2.72381 2.40486e-009 0.489356
3864.29 2.93731 2.59383e-009 0.532488
4140.31 3.1508 2.78166e-009 0.575621
4416.33 3.3643 2.96913e-009 0.618754
4692.36 3.5778 3.15774e-009 0.661887
