274.553 -56.8244 2.41192e-008 955.303 -1.10371e-005 -18772.1 3.83701e-006 56.8244 -2.41192e-008 -955.303 6.4039e-006 7839.92 -3.8366e-006 -217.729 -6.44653e-008 2463.1 5.07984e-005 -63048.8 3.76724e-006 217.729 6.44653e-008 -2463.1 -3.84077e-005 21172.6 -3.76795e-006
549.081 -114.843 1.7016e-008 247.282 -1.48658e-005 -42235.2 7.41549e-007 114.843 -1.7016e-008 -247.282 1.15978e-005 20172.2 -7.41111e-007 -434.238 -5.813e-009 3171.12 -4.01169e-006 -137105 7.11562e-007 434.238 5.813e-009 -3171.12 5.12571e-006 53522.8 -7.12229e-007
823.585 -173.245 6.69841e-009 -460.556 -4.55033e-006 -65723.1 4.2019e-007 173.245 -6.69841e-009 460.556 3.26478e-006 32498.5 -4.19833e-007 -650.34 -4.33455e-009 3878.96 -5.90604e-007 -211149 4.0524e-007 650.34 4.33455e-009 -3878.96 1.42218e-006 85887.1 -4.05794e-007
1098.06 -232.031 5.21758e-009 -1168.21 -7.79972e-006 -89235.6 1.77172e-007 232.031 -5.21758e-009 1168.21 6.80067e-006 44819 -1.77118e-007 -866.034 2.39037e-009 4586.61 -6.53732e-006 -285181 1.67014e-007 866.034 -2.39037e-009 -4586.61 6.0746e-006 118266 -1.67394e-007
1372.52 -291.199 1.19649e-009 -1875.68 -1.85857e-006 -112773 -6.5938e-008 291.199 -1.19649e-009 1875.68 1.62989e-006 57133.7 6.59486e-008 -1081.32 4.64392e-009 5294.08 -6.32867e-006 -359200 -6.07789e-008 1081.32 -4.64392e-009 -5294.08 5.43309e-006 150658 6.07859e-008
1646.95 -350.751 2.96423e-009 -2582.96 -2.43788e-006 -136335 1.34456e-007 350.751 -2.96423e-009 2582.96 1.87045e-006 69442.6 -1.34169e-007 -1296.2 3.76238e-010 6001.36 -1.78159e-006 -433207 1.33385e-007 1296.2 -3.76238e-010 -6001.36 1.70796e-006 183065 -1.33604e-007
1921.35 -410.687 1.19664e-009 -3290.06 -3.20446e-006 -159921 1.77194e-007 410.687 -1.19664e-009 3290.06 2.97802e-006 81745.7 -1.77362e-007 -1510.67 -1.79911e-009 6708.46 1.82829e-006 -507201 1.62053e-007 1510.67 1.79911e-009 -6708.46 -1.48148e-006 215487 -1.62191e-007
2195.73 -471.005 -3.01782e-010 -3996.97 3.57123e-007 -183533 -1.73148e-008 471.005 3.01782e-010 3996.97 -2.99596e-007 94043.1 1.72924e-008 -1724.73 3.87123e-010 7415.37 1.23695e-007 -581183 -1.7289e-008 1724.73 -3.87123e-010 -7415.37 -1.97841e-007 247922 1.74417e-008
2470.09 -531.707 2.42553e-010 -4703.69 4.39499e-007 -207169 7.26419e-008 531.707 -2.42553e-010 4703.69 -4.86813e-007 106335 -7.24931e-008 -1938.38 -2.20418e-009 8122.09 2.61052e-006 -655153 6.88956e-008 1938.38 2.20418e-009 -8122.09 -2.18487e-006 280373 -6.90199e-008
2744.42 -592.793 4.94035e-009 -5410.22 -5.13898e-006 -230829 1.73375e-007 592.793 -4.94035e-009 5410.22 4.19835e-006 118621 -1.72774e-007 -2151.62 -1.2839e-009 8828.62 -3.84916e-006 -729110 1.67474e-007 2151.62 1.2839e-009 -8828.62 4.0909e-006 312837 -1.69096e-007
3018.72 -654.262 9.48237e-010 -6116.56 -2.85772e-007 -254515 6.17923e-007 654.262 -9.48237e-010 6116.56 1.04041e-007 130901 -6.17648e-007 -2364.46 -1.00453e-008 9534.96 7.09565e-006 -803054 6.05158e-007 2364.46 1.00453e-008 -9534.96 -5.15999e-006 345317 -6.07395e-007
3293 -716.114 -8.76981e-010 -6822.7 2.46163e-006 -278225 2.53773e-007 716.114 8.76981e-010 6822.7 -2.29852e-006 143175 -2.53534e-007 -2576.89 -9.76519e-009 10241.1 1.46169e-005 -876987 2.23587e-007 2576.89 9.76519e-009 -10241.1 -1.27242e-005 377810 -2.2331e-007
3567.26 -778.35 1.61025e-009 -7528.66 6.37649e-007 -301960 1.10801e-006 778.35 -1.61025e-009 7528.66 -9.48922e-007 155444 -1.10717e-006 -2788.91 -3.41809e-009 10947.1 3.47762e-006 -950907 1.09696e-006 2788.91 3.41809e-009 -10947.1 -2.81725e-006 410319 -1.09751e-006
3841.49 -840.969 5.79894e-009 -8234.41 -4.9265e-006 -325720 2.53308e-007 840.969 -5.79894e-009 8234.41 3.82423e-006 167708 -2.52012e-007 -3000.52 1.07729e-009 11652.8 -3.1642e-006 -1.02481e+006 2.43782e-007 3000.52 -1.07729e-009 -11652.8 2.95266e-006 442842 -2.44449e-007
4115.69 -903.971 -1.0508e-007 -8939.97 8.50274e-005 -349504 -3.5867e-006 903.971 1.0508e-007 8939.97 -6.50582e-005 179966 3.56025e-006 -3211.72 -6.09921e-008 12358.4 0.000113487 -1.09871e+006 -3.60347e-006 3211.72 6.09921e-008 -12358.4 -0.000101605 475380 3.61518e-006
4389.87 -967.357 -1.22967e-008 -9645.34 1.36031e-005 -373313 -4.99426e-007 967.357 1.22967e-008 9645.34 -1.12799e-005 192218 4.97306e-007 -3422.52 -2.17827e-009 13063.7 1.00589e-005 -1.17259e+006 -4.72404e-007 3422.52 2.17827e-009 -13063.7 -9.6237e-006 507933 4.75604e-007
4664.03 -1031.13 6.80873e-009 -10350.5 -6.77616e-006 -397147 -1.68194e-006 1031.13 -6.80873e-009 10350.5 5.48838e-006 204465 1.68348e-006 -3632.9 1.45673e-008 13768.9 -1.37248e-005 -1.24646e+006 -1.664e-006 3632.9 -1.45673e-008 -13768.9 1.09074e-005 540500 1.66753e-006
4938.16 -1095.28 2.93013e-009 -11055.5 -5.65488e-007 -421005 1.49278e-007 1095.28 -2.93013e-009 11055.5 3.36668e-009 216706 -1.47735e-007 -3842.88 -6.94546e-010 14473.9 1.05432e-006 -1.32032e+006 1.43657e-007 3842.88 6.94546e-010 -14473.9 -9.19195e-007 573082 -1.43637e-007
5212.27 -1159.82 -2.90218e-009 -11760.2 2.26546e-006 -444889 -1.88016e-007 1159.82 2.90218e-009 11760.2 -1.71543e-006 228941 1.87064e-007 -4052.45 5.2007e-009 15178.6 -4.81707e-007 -1.39417e+006 -1.7405e-007 4052.45 -5.2007e-009 -15178.6 -5.16117e-007 605680 1.77809e-007
5486.35 -1224.74 -3.39409e-009 -12464.8 4.70822e-006 -468797 7.45359e-008 1224.74 3.39409e-009 12464.8 -4.07397e-006 241172 -7.48733e-008 -4261.61 -1.28744e-008 15883.2 1.3785e-005 -1.468e+006 4.44473e-008 4261.61 1.28744e-008 -15883.2 -1.12882e-005 638292 -4.70777e-008
5760.4 -1290.04 1.40093e-009 -13169.2 -6.12968e-007 -492729 -2.36203e-008 1290.04 -1.40093e-009 13169.2 3.45735e-007 253397 2.4338e-008 -4470.36 9.72442e-010 16587.6 -1.87403e-006 -1.54182e+006 -1.23743e-008 4470.36 -9.72442e-010 -16587.6 1.68353e-006 670919 1.20903e-008
6034.43 -1355.73 6.18373e-008 -13873.3 -3.77404e-005 -516687 2.81015e-006 1355.73 -6.18373e-008 13873.3 2.59997e-005 265616 -2.78192e-006 -4678.7 -1.74432e-008 17291.7 -2.04264e-005 -1.61563e+006 2.73817e-006 4678.7 1.74432e-008 -17291.7 2.37211e-005 703562 -2.76678e-006
6308.44 -1421.8 6.60866e-010 -14577.3 -5.52269e-008 -540669 -8.31668e-009 1421.8 -6.60866e-010 14577.3 -7.18859e-008 277830 8.79873e-009 -4886.64 -2.98403e-010 17995.7 6.87272e-008 -1.68943e+006 -5.08093e-010 4886.64 2.98403e-010 -17995.7 -1.13794e-008 736219 2.74508e-010
6582.41 -1488.25 -1.40973e-008 -15281 1.06176e-005 -564676 -7.01727e-007 1488.25 1.40973e-008 15281 -7.95444e-006 290039 6.95716e-007 -5094.17 8.30524e-009 18699.4 -4.54326e-006 -1.76322e+006 -6.23482e-007 5094.17 -8.30524e-009 -18699.4 2.94092e-006 768892 6.2859e-007
6856.37 -1555.09 -1.33314e-009 -15984.6 2.16552e-007 -588708 -1.46115e-008 1555.09 1.33314e-009 15984.6 3.93363e-008 302242 1.36086e-008 -5301.28 -7.04588e-010 19403 -3.17314e-008 -1.83699e+006 -6.68579e-009 5301.28 7.04588e-010 -19403 1.66654e-007 801580 5.95016e-009
7130.3 -1622.31 -3.83307e-008 -16687.9 3.6767e-005 -612764 -6.72865e-007 1622.31 3.83307e-008 16687.9 -2.95803e-005 314440 6.59433e-007 -5507.99 -2.33169e-008 20106.3 4.90695e-005 -1.91075e+006 -7.06403e-007 5507.99 2.33169e-008 -20106.3 -4.44708e-005 834283 7.17823e-007
7404.2 -1689.91 1.50319e-008 -17391 -1.99121e-005 -636846 -2.93223e-007 1689.91 -1.50319e-008 17391 1.71283e-005 326633 2.95602e-007 -5714.29 2.73307e-008 20809.4 -4.61507e-005 -1.9845e+006 -1.72027e-007 5714.29 -2.73307e-008 -20809.4 4.07875e-005 867001 1.66994e-007
7678.08 -1757.9 1.2098e-009 -18093.9 -1.37991e-006 -660952 -1.09168e-007 1757.9 -1.2098e-009 18093.9 1.1548e-006 338821 1.095e-007 -5920.18 1.2009e-009 21512.3 -3.62631e-006 -2.05824e+006 -9.04472e-008 5920.18 -1.2009e-009 -21512.3 3.38598e-006 899735 8.89817e-008
7951.93 -1826.27 -8.22726e-009 -18796.6 3.17641e-005 -685083 6.69899e-006 1826.27 8.22726e-009 18796.6 -3.03723e-005 351003 -6.68799e-006 -6125.66 -1.20024e-007 22215 0.000125244 -2.13196e+006 6.25807e-006 6125.66 1.20024e-007 -22215 -0.000101891 932485 -6.29894e-006
8225.76 -1895.03 -1.72093e-009 -19499.1 1.18067e-006 -709238 -4.54758e-008 1895.03 1.72093e-009 19499.1 -8.5627e-007 363180 4.44905e-008 -6330.74 -2.5557e-009 22917.5 9.71413e-007 -2.20567e+006 -3.55891e-008 6330.74 2.5557e-009 -22917.5 -4.78936e-007 965249 3.33022e-008
8499.57 -1964.17 2.32861e-009 -20201.4 -1.70365e-007 -733419 4.48887e-008 1964.17 -2.32861e-009 20201.4 -2.77951e-007 375352 -4.25735e-008 -6535.4 -1.39537e-009 23619.8 3.8595e-007 -2.27937e+006 4.99551e-008 6535.4 1.39537e-009 -23619.8 -1.17554e-007 998029 -5.13892e-008
8773.34 -2033.69 -1.01302e-008 -20903.4 7.33816e-006 -757624 -3.22227e-007 2033.69 1.01302e-008 20903.4 -5.43389e-006 387519 3.16322e-007 -6739.65 -1.43937e-009 24321.8 7.05797e-006 -2.35306e+006 -3.08263e-007 6739.65 1.43937e-009 -24321.8 -6.75925e-006 1.03083e+006 3.12789e-007
9047.09 -2103.59 4.94989e-011 -21605.3 -3.0849e-007 -781854 1.44077e-008 2103.59 -4.94989e-011 21605.3 3.01174e-007 399681 -1.45709e-008 -6943.5 -1.67114e-009 25023.7 -3.6483e-007 -2.42674e+006 2.56892e-008 6943.5 1.67114e-009 -25023.7 6.83592e-007 1.06364e+006 -2.82712e-008
9320.82 -2173.88 -9.26575e-010 -22306.9 2.63745e-006 -806109 -9.73934e-008 2173.88 9.26575e-010 22306.9 -2.47826e-006 411838 9.82575e-008 -7146.94 1.3554e-009 25725.3 3.95161e-006 -2.5004e+006 -9.22344e-008 7146.94 -1.3554e-009 -25725.3 -4.19755e-006 1.09646e+006 9.78786e-008
9594.52 -2244.56 -2.64453e-007 -23008.3 0.000227445 -830389 -9.79641e-006 2244.56 2.64453e-007 23008.3 -0.00017812 423989 9.65558e-006 -7349.96 -3.8536e-008 26426.7 0.000182344 -2.57406e+006 -9.47904e-006 7349.96 3.8536e-008 -26426.7 -0.000174315 1.12931e+006 9.60511e-006
9868.2 -2315.61 1.13372e-008 -23709.5 -8.89389e-006 -854693 1.52206e-007 2315.61 -1.13372e-008 23709.5 6.77415e-006 436136 -1.45321e-007 -7552.58 1.96777e-008 27127.9 -2.11145e-005 -2.6477e+006 2.4171e-007 7552.58 -1.96777e-008 -27127.9 1.72712e-005 1.16217e+006 -2.34174e-007
10141.8 -2387.05 -6.0531e-009 -24410.5 4.10935e-006 -879023 -3.47743e-007 2387.05 6.0531e-009 24410.5 -2.97354e-006 448277 3.43487e-007 -7754.79 -2.70237e-009 27828.9 2.98629e-006 -2.72132e+006 -3.32308e-007 7754.79 2.70237e-009 -27828.9 -2.45753e-006 1.19504e+006 3.31441e-007
10415.5 -2458.88 -4.49368e-009 -25111.2 4.04272e-006 -903377 -1.47479e-007 2458.88 4.49368e-009 25111.2 -3.20833e-006 460414 1.45043e-007 -7956.59 -3.93844e-010 28529.6 3.52872e-006 -2.79494e+006 -1.35474e-007 7956.59 3.93844e-010 -28529.6 -3.4398e-006 1.22793e+006 1.3864e-007
10689.1 -2531.09 -7.75629e-009 -25811.7 6.7187e-006 -927756 3.97635e-008 2531.09 7.75629e-009 25811.7 -5.27731e-006 472545 -4.43178e-008 -8157.98 -1.00869e-008 29230.1 1.34988e-005 -2.86854e+006 1.20648e-008 8157.98 1.00869e-008 -29230.1 -1.15159e-005 1.26084e+006 -1.34517e-008
10962.6 -2603.68 -1.12156e-009 -26512 -2.20701e-007 -952160 3.18552e-008 2603.68 1.12156e-009 26512 4.3956e-007 484672 -3.35723e-008 -8358.97 7.60204e-010 29930.4 -2.41208e-007 -2.94214e+006 3.9182e-008 8358.97 -7.60204e-010 -29930.4 9.46997e-008 1.29376e+006 -3.82315e-008
11236.2 -2676.65 6.42794e-010 -27212.1 4.64639e-007 -976588 -1.27086e-008 2676.65 -6.42794e-010 27212.1 -5.93203e-007 496794 1.4021e-008 -8559.54 -1.97882e-009 30630.5 7.71557e-007 -3.01572e+006 -6.58502e-009 8559.54 1.97882e-009 -30630.5 -3.89731e-007 1.3267e+006 4.16894e-009
11509.7 -2750.01 1.18537e-010 -27911.9 -4.87091e-008 -1.00104e+006 8.03697e-008 2750.01 -1.18537e-010 27911.9 2.634e-008 508911 -8.02558e-008 -8759.7 -4.0164e-009 31330.3 1.80955e-006 -3.08929e+006 7.63415e-008 8759.7 4.0164e-009 -31330.3 -1.03362e-006 1.35965e+006 -8.11271e-008
11783.2 -2823.76 -1.56429e-008 -28611.6 -3.01851e-006 -1.02552e+006 -3.18853e-006 2823.76 1.56429e-008 28611.6 6.06949e-006 521023 3.16325e-006 -8959.45 5.02237e-008 32030 -8.85876e-005 -3.16284e+006 -2.56553e-006 8959.45 -5.02237e-008 -32030 7.86067e-005 1.39262e+006 2.54941e-006
12056.7 -2897.88 -1.25722e-009 -29310.9 2.45164e-007 -1.05002e+006 4.536e-008 2897.88 1.25722e-009 29310.9 -4.23665e-009 533130 -4.70088e-008 -9158.8 -3.31258e-009 32729.3 8.46149e-007 -3.23639e+006 5.076e-008 9158.8 3.31258e-009 -32729.3 -2.08794e-007 1.42561e+006 -5.56775e-008
12330.1 -2972.39 4.04342e-009 -30010.1 -4.91896e-006 -1.07455e+006 -1.03133e-007 2972.39 -4.04342e-009 30010.1 4.18576e-006 545232 1.04436e-007 -9357.73 1.02354e-008 33428.5 -1.00163e-005 -3.30992e+006 -5.74737e-008 9357.73 -1.02354e-008 -33428.5 8.01396e-006 1.45861e+006 6.37995e-008
12603.5 -3047.29 -5.79776e-010 -30709 4.28666e-007 -1.0991e+006 1.58446e-008 3047.29 5.79776e-010 30709 -3.20828e-007 557330 -1.6317e-008 -9556.26 1.47294e-009 34127.4 9.34619e-007 -3.38344e+006 2.28665e-008 9556.26 -1.47294e-009 -34127.4 -1.21221e-006 1.49163e+006 -1.89476e-008
12876.9 -3122.56 1.98007e-007 -31407.7 -0.000131006 -1.12368e+006 7.78258e-006 3122.56 -1.98007e-007 31407.7 9.40635e-005 569423 -7.604e-006 -9754.37 2.14825e-008 34826.1 -0.000107665 -3.45695e+006 7.64982e-006 9754.37 -2.14825e-008 -34826.1 0.000103044 1.52466e+006 -7.75227e-006
13150.3 -3198.23 -1.81826e-008 -32106.2 2.3641e-005 -1.14829e+006 -4.30727e-007 3198.23 1.81826e-008 32106.2 -2.03755e-005 581511 4.26411e-007 -9952.08 1.50453e-009 35524.6 2.53085e-005 -3.53045e+006 -4.27419e-007 9952.08 -1.50453e-009 -35524.6 -2.54764e-005 1.55771e+006 4.63921e-007
13423.6 -3274.27 9.96525e-008 -32804.4 -8.29477e-005 -1.17291e+006 3.95064e-006 3274.27 -9.96525e-008 32804.4 6.45671e-005 593594 -3.87588e-006 -10149.4 9.05268e-009 36222.8 -7.10699e-005 -3.60393e+006 3.88452e-006 10149.4 -9.05268e-009 -36222.8 6.89892e-005 1.59078e+006 -3.96437e-006
13697 -3350.7 -1.22697e-009 -33502.4 -7.42853e-008 -1.19757e+006 1.91967e-008 3350.7 1.22697e-009 33502.4 3.12838e-007 605673 -2.13781e-008 -10346.3 -3.55521e-011 36920.8 -5.8517e-007 -3.6774e+006 3.04292e-008 10346.3 3.55521e-011 -36920.8 5.89041e-007 1.62387e+006 -3.1322e-008
13970.3 -3427.51 -3.26481e-008 -34200.2 1.1342e-005 -1.22224e+006 -1.5239e-006 3427.51 3.26481e-008 34200.2 -5.14953e-006 617747 1.48036e-006 -10542.7 2.67475e-008 37618.6 -1.66451e-005 -3.75086e+006 -1.30278e-006 10542.7 -2.67475e-008 -37618.6 1.14508e-005 1.65697e+006 1.33586e-006
