274.553 0.492
549.081 1.28906
823.585 2.08614
1098.06 2.88324
1372.52 3.68036
1646.95 4.4775
1921.35 5.27466
2195.73 6.07185
2470.09 6.86905
2744.42 7.66628
3018.72 8.46353
3293 9.2608
3567.26 10.0581
3841.49 10.8554
4115.69 11.6527
4389.87 12.4501
4664.03 13.2475
4938.16 14.0449
5212.27 14.8423
5486.35 15.6397
5760.4 16.4372
6034.43 17.2347
6308.44 18.0322
6582.41 18.8297
6856.37 19.6273
7130.3 20.4248
7404.2 21.2224
7678.08 22.0201
7951.93 22.8177
8225.76 23.6154
8499.57 24.413
8773.34 25.2107
9047.09 26.0085
9320.82 26.8062
9594.52 27.604
9868.2 28.4018
10141.8 29.1996
10415.5 29.9975
10689.1 30.7953
10962.6 31.5932
11236.2 32.3911
11509.7 33.1891
11783.2 33.987
12056.7 34.785
12330.1 35.583
12603.5 36.3811
12876.9 37.1791
13150.3 37.9772
13423.6 38.7753
13697 39.5734
13970.3 40.3716
