274.553 0.163887
549.081 0.38085
823.585 0.597816
1098.06 0.814785
1372.52 1.03176
1646.95 1.24873
1921.35 1.46571
2195.73 1.6827
2470.09 1.89969
2744.42 2.11668
3018.72 2.33367
3293 2.55067
3567.26 2.76768
3841.49 2.98468
4115.69 3.2017
4389.87 3.41872
4664.03 3.63574
4938.16 3.85277
5212.27 4.0698
5486.35 4.28683
5760.4 4.50388
6034.43 4.72092
6308.44 4.93798
6582.41 5.15503
6856.37 5.3721
7130.3 5.58917
7404.2 5.80624
7678.08 6.02332
7951.93 6.24041
8225.76 6.4575
8499.57 6.6746
8773.34 6.8917
9047.09 7.10882
9320.82 7.32593
9594.52 7.54306
9868.2 7.76019
10141.8 7.97733
10415.5 8.19447
10689.1 8.41162
10962.6 8.62878
11236.2 8.84594
11509.7 9.06312
11783.2 9.2803
12056.7 9.49748
12330.1 9.71468
12603.5 9.93188
12876.9 10.1491
13150.3 10.3663
13423.6 10.5835
13697 10.8008
13970.3 11.018
