276.021 0.240682 1.20901e-010 -0.0454476
552.042 0.570858 5.45117e-010 -0.00176401
828.063 0.901033 9.635e-010 0.0419195
1104.08 1.23121 1.37438e-009 0.0856031
1380.1 1.56138 1.80296e-009 0.129287
1656.13 1.89156 2.22097e-009 0.17297
1932.15 2.22174 2.63695e-009 0.216654
2208.17 2.55191 3.05271e-009 0.260337
2484.19 2.88209 3.47227e-009 0.304021
2760.21 3.21226 3.90071e-009 0.347704
3036.23 3.54244 4.31591e-009 0.391388
3312.25 3.87261 4.72518e-009 0.435071
3588.27 4.20279 5.14726e-009 0.478755
3864.29 4.53296 5.55974e-009 0.522439
4140.31 4.86314 5.97666e-009 0.566122
4416.33 5.19332 6.39123e-009 0.609806
4692.36 5.52349 6.81638e-009 0.653489
