276.021 0.559237 2.0936e-009 -0.120471
552.042 1.53474 4.35894e-009 -0.0998159
828.063 2.51024 6.61914e-009 -0.0791613
1104.08 3.48574 8.87193e-009 -0.0585067
1380.1 4.46124 1.11469e-008 -0.0378521
1656.13 5.43675 1.34063e-008 -0.0171975
1932.15 6.41225 1.56646e-008 0.00345713
2208.17 7.38775 1.79235e-008 0.0241117
2484.19 8.36325 2.01859e-008 0.0447664
2760.21 9.33875 2.24595e-008 0.065421
3036.23 10.3143 2.47099e-008 0.0860756
3312.25 11.2898 2.69673e-008 0.10673
3588.27 12.2653 2.92353e-008 0.127385
3864.29 13.2408 3.14897e-008 0.148039
4140.31 14.2163 3.37496e-008 0.168694
4416.33 15.1918 3.60067e-008 0.189349
4692.36 16.1673 3.82744e-008 0.210003
