276.021 0.441884 3.80961e-010 -0.0938261
552.042 1.12417 1.18519e-009 -0.0607145
828.063 1.80646 1.97998e-009 -0.027603
1104.08 2.48874 2.7649e-009 0.0055086
1380.1 3.17103 3.5746e-009 0.0386202
1656.13 3.85331 4.36976e-009 0.0717317
1932.15 4.5356 5.1618e-009 0.104843
2208.17 5.21789 5.95291e-009 0.137955
2484.19 5.90017 6.74937e-009 0.171066
2760.21 6.58246 7.55959e-009 0.204178
3036.23 7.26474 8.35214e-009 0.23729
3312.25 7.94703 9.13232e-009 0.270401
3588.27 8.62932 9.93321e-009 0.303513
3864.29 9.3116 1.07189e-008 0.336624
4140.31 9.99389 1.15127e-008 0.369736
4416.33 10.6762 1.23027e-008 0.402847
4692.36 11.3585 1.31079e-008 0.435959
