276.021 0.146314 2.54385e-010 -0.112132
552.042 0.346134 1.15154e-010 -0.121602
828.063 0.545955 -1.81839e-011 -0.131072
1104.08 0.745775 -1.41775e-010 -0.140543
1380.1 0.945595 -2.86581e-010 -0.150013
1656.13 1.14542 -4.18035e-010 -0.159483
1932.15 1.34524 -5.48094e-010 -0.168954
2208.17 1.54506 -6.77672e-010 -0.178424
2484.19 1.74488 -8.12694e-010 -0.187894
2760.21 1.9447 -9.57049e-010 -0.197365
3036.23 2.14452 -1.08289e-009 -0.206835
3312.25 2.34434 -1.2075e-009 -0.216305
3588.27 2.54416 -1.34424e-009 -0.225775
3864.29 2.74398 -1.47152e-009 -0.235246
4140.31 2.9438 -1.60207e-009 -0.244716
4416.33 3.14362 -1.72919e-009 -0.254186
4692.36 3.34344 -1.86972e-009 -0.263657
