276.021 0.279523 5.15801e-010 -0.14493
552.042 0.681883 3.60538e-010 -0.141382
828.063 1.08424 2.15476e-010 -0.137835
1104.08 1.4866 8.70088e-011 -0.134288
1380.1 1.88896 -7.72163e-011 -0.130741
1656.13 2.29132 -2.19048e-010 -0.127194
1932.15 2.69368 -3.58869e-010 -0.123647
2208.17 3.09604 -4.97514e-010 -0.1201
2484.19 3.4984 -6.45323e-010 -0.116553
2760.21 3.90076 -8.08919e-010 -0.113006
3036.23 4.30312 -9.41204e-010 -0.109459
3312.25 4.70548 -1.07177e-009 -0.105912
3588.27 5.10784 -1.22244e-009 -0.102364
3864.29 5.5102 -1.35763e-009 -0.0988173
4140.31 5.91256 -1.49805e-009 -0.0952702
4416.33 6.31492 -1.63264e-009 -0.0917231
4692.36 6.71728 -1.78995e-009 -0.0881761
