276.021 0.428974 1.75289e-010 -0.160699
552.042 1.10123 -5.94633e-010 -0.141769
828.063 1.77348 -1.35042e-009 -0.122839
1104.08 2.44573 -2.08227e-009 -0.103909
1380.1 3.11798 -2.86478e-009 -0.084979
1656.13 3.79024 -3.61551e-009 -0.066049
1932.15 4.46249 -4.36395e-009 -0.0471191
2208.17 5.13474 -5.10963e-009 -0.0281892
2484.19 5.80699 -5.86933e-009 -0.00925921
2760.21 6.47925 -6.65173e-009 0.00967072
3036.23 7.1515 -7.38793e-009 0.0286007
3312.25 7.82375 -8.12266e-009 0.0475306
3588.27 8.496 -8.88645e-009 0.0664605
3864.29 9.16825 -9.62807e-009 0.0853905
4140.31 9.84051 -1.03769e-008 0.10432
4416.33 10.5128 -1.11167e-008 0.12325
4692.36 11.185 -1.18898e-008 0.14218
