276.021 0.52189 1.8875e-009 -0.163376
552.042 1.40994 2.70359e-009 -0.130569
828.063 2.29798 3.53141e-009 -0.0977626
1104.08 3.18603 4.38579e-009 -0.0649561
1380.1 4.07408 5.18337e-009 -0.0321496
1656.13 4.96213 6.02089e-009 0.000656876
1932.15 5.85017 6.85511e-009 0.0334634
2208.17 6.73822 7.69441e-009 0.0662699
2484.19 7.62627 8.51564e-009 0.0990764
2760.21 8.51432 9.31148e-009 0.131883
3036.23 9.40236 1.0175e-008 0.164689
3312.25 10.2904 1.10188e-008 0.197496
3588.27 11.1785 1.18354e-008 0.230302
3864.29 12.0665 1.26763e-008 0.263109
4140.31 12.9546 1.35132e-008 0.295915
4416.33 13.8426 1.43594e-008 0.328722
4692.36 14.7306 1.51702e-008 0.361528
