276.021 0.0619681 1.42228e-009 -0.0860696
552.042 0.143587 2.55871e-009 -0.098027
828.063 0.225205 3.69893e-009 -0.109984
1104.08 0.306824 4.8447e-009 -0.121942
1380.1 0.388442 5.97791e-009 -0.133899
1656.13 0.470061 7.11894e-009 -0.145857
1932.15 0.551679 8.261e-009 -0.157814
2208.17 0.633298 9.40325e-009 -0.169771
2484.19 0.714916 1.05424e-008 -0.181729
2760.21 0.796535 1.16758e-008 -0.193686
3036.23 0.878153 1.28198e-008 -0.205644
3312.25 0.959772 1.39655e-008 -0.217601
3588.27 1.04139 1.51034e-008 -0.229558
3864.29 1.12301 1.62473e-008 -0.241516
4140.31 1.20463 1.73889e-008 -0.253473
4416.33 1.28625 1.85325e-008 -0.265431
4692.36 1.36786 1.96683e-008 -0.277388
