276.021 0.554594 6.69563e-010 -0.145125
552.042 1.54343 6.59993e-010 -0.0513178
828.063 2.53226 6.57411e-010 0.0424896
1104.08 3.5211 6.72296e-010 0.136297
1380.1 4.50994 6.52143e-010 0.230104
1656.13 5.49877 6.5571e-010 0.323912
1932.15 6.48761 6.58685e-010 0.417719
2208.17 7.47644 6.63295e-010 0.511527
2484.19 8.46528 6.57575e-010 0.605334
2760.21 9.45411 6.38459e-010 0.699142
3036.23 10.4429 6.58052e-010 0.792949
3312.25 11.4318 6.63496e-010 0.886756
3588.27 12.4206 6.56684e-010 0.980564
3864.29 13.4095 6.61031e-010 1.07437
4140.31 14.3983 6.65262e-010 1.16818
4416.33 15.3871 6.75893e-010 1.26199
4692.36 16.376 6.63177e-010 1.35579
