276.021 0.524874 7.01829e-010 -0.115878
552.042 1.40065 1.77366e-009 -0.0926955
828.063 2.27642 2.84049e-009 -0.069513
1104.08 3.1522 3.89968e-009 -0.0463305
1380.1 4.02798 4.98056e-009 -0.023148
1656.13 4.90375 6.04485e-009 3.44553e-005
1932.15 5.77953 7.11163e-009 0.0232169
2208.17 6.6553 8.17551e-009 0.0463994
2484.19 7.53108 9.24588e-009 0.0695819
2760.21 8.40685 1.03293e-008 0.0927644
3036.23 9.28263 1.13837e-008 0.115947
3312.25 10.1584 1.24434e-008 0.139129
3588.27 11.0342 1.35191e-008 0.162312
3864.29 11.91 1.45796e-008 0.185494
4140.31 12.7857 1.56454e-008 0.208677
4416.33 13.6615 1.67091e-008 0.231859
4692.36 14.5373 1.77834e-008 0.255042
