276.021 0.312834 -9.55422e-010 -0.0626285
552.042 0.758251 -1.56017e-009 -0.0209294
828.063 1.20367 -2.17233e-009 0.0207696
1104.08 1.64909 -2.79314e-009 0.0624687
1380.1 2.0945 -3.39294e-009 0.104168
1656.13 2.53992 -4.0054e-009 0.145867
1932.15 2.98534 -4.62008e-009 0.187566
2208.17 3.43076 -5.2351e-009 0.229265
2484.19 3.87617 -5.84575e-009 0.270964
2760.21 4.32159 -6.44581e-009 0.312663
3036.23 4.76701 -7.06103e-009 0.354362
3312.25 5.21242 -7.68406e-009 0.396061
3588.27 5.65784 -8.29165e-009 0.43776
3864.29 6.10326 -8.91076e-009 0.479459
4140.31 6.54868 -9.52423e-009 0.521158
4416.33 6.99409 -1.01405e-008 0.562857
4692.36 7.43951 -1.07444e-008 0.604556
