276.021 0.533824 1.07691e-010 -0.137131
552.042 1.43501 1.0586e-010 -0.174306
828.063 2.33621 1.04533e-010 -0.211481
1104.08 3.2374 1.06763e-010 -0.248655
1380.1 4.13859 1.04951e-010 -0.28583
1656.13 5.03978 1.05424e-010 -0.323004
1932.15 5.94097 1.05563e-010 -0.360179
2208.17 6.84216 1.06514e-010 -0.397354
2484.19 7.74335 1.04939e-010 -0.434528
2760.21 8.64455 1.02944e-010 -0.471703
3036.23 9.54574 1.05426e-010 -0.508878
3312.25 10.4469 1.05874e-010 -0.546052
3588.27 11.3481 1.06069e-010 -0.583227
3864.29 12.2493 1.05331e-010 -0.620401
4140.31 13.1505 1.06138e-010 -0.657576
4416.33 14.0517 1.08475e-010 -0.694751
4692.36 14.9529 1.06606e-010 -0.731925
