276.021 0.294897 1.15187e-009 -0.14493
552.042 0.723294 1.64465e-009 -0.141382
828.063 1.15169 2.14782e-009 -0.137835
1104.08 1.58009 2.66805e-009 -0.134288
1380.1 2.00849 3.15157e-009 -0.130741
1656.13 2.43688 3.65813e-009 -0.127194
1932.15 2.86528 4.16669e-009 -0.123647
2208.17 3.29368 4.67647e-009 -0.1201
2484.19 3.72207 5.1768e-009 -0.116553
2760.21 4.15047 5.66099e-009 -0.113006
3036.23 4.57887 6.17753e-009 -0.109459
3312.25 5.00727 6.69541e-009 -0.105912
3588.27 5.43566 7.19285e-009 -0.102364
3864.29 5.86406 7.70608e-009 -0.0988173
4140.31 6.29246 8.21407e-009 -0.0952702
4416.33 6.72086 8.72806e-009 -0.0917232
4692.36 7.14925 9.2187e-009 -0.0881761
