276.021 0.297246 6.51355e-010 -0.0626285
552.042 0.716442 1.63269e-009 -0.0209294
828.063 1.13564 2.60659e-009 0.0207696
1104.08 1.55483 3.57175e-009 0.0624687
1380.1 1.97403 4.55802e-009 0.104168
1656.13 2.39322 5.53158e-009 0.145867
1932.15 2.81242 6.50292e-009 0.187566
2208.17 3.23161 7.47389e-009 0.229265
2484.19 3.65081 8.44932e-009 0.270964
2760.21 4.07 9.43534e-009 0.312663
3036.23 4.4892 1.04061e-008 0.354362
3312.25 4.90839 1.13691e-008 0.396061
3588.27 5.32759 1.23475e-008 0.43776
3864.29 5.74679 1.33144e-008 0.479459
4140.31 6.16598 1.4287e-008 0.521158
4416.33 6.58518 1.52566e-008 0.562857
4692.36 7.00437 1.62388e-008 0.604556
