276.021 0.222067 9.9496e-011 -0.131143
552.042 0.534512 -3.27958e-010 -0.134862
828.063 0.846956 -7.47403e-010 -0.138582
1104.08 1.1594 -1.1534e-009 -0.142301
1380.1 1.47184 -1.58829e-009 -0.146021
1656.13 1.78429 -2.00517e-009 -0.14974
1932.15 2.09673 -2.42022e-009 -0.15346
2208.17 2.40918 -2.8344e-009 -0.157179
2484.19 2.72162 -3.25601e-009 -0.160899
2760.21 3.03407 -3.69043e-009 -0.164618
3036.23 3.34651 -4.09942e-009 -0.168338
3312.25 3.65895 -4.50704e-009 -0.172057
3588.27 3.9714 -4.93103e-009 -0.175777
3864.29 4.28384 -5.34239e-009 -0.179496
4140.31 4.59629 -5.75795e-009 -0.183216
4416.33 4.90873 -6.16884e-009 -0.186935
4692.36 5.22118 -6.59811e-009 -0.190655
