276.021 0.514232 1.66716e-009 -0.163376
552.042 1.38024 2.30101e-009 -0.130569
828.063 2.24624 2.94642e-009 -0.0977626
1104.08 3.11224 3.61797e-009 -0.0649561
1380.1 3.97825 4.23356e-009 -0.0321496
1656.13 4.84425 4.88853e-009 0.000656876
1932.15 5.71026 5.54021e-009 0.0334634
2208.17 6.57626 6.19691e-009 0.0662699
2484.19 7.44226 6.83582e-009 0.0990764
2760.21 8.30827 7.44966e-009 0.131883
3036.23 9.17427 8.13026e-009 0.164689
3312.25 10.0403 8.79145e-009 0.197496
3588.27 10.9063 9.4257e-009 0.230302
3864.29 11.7723 1.0084e-008 0.263109
4140.31 12.6383 1.07384e-008 0.295915
4416.33 13.5043 1.14018e-008 0.328722
4692.36 14.3703 1.20304e-008 0.361528
