276.021 0.203622 5.40763e-010 -0.131143
552.042 0.487212 5.51343e-010 -0.134862
828.063 0.770802 5.69726e-010 -0.138582
1104.08 1.05439 6.01046e-010 -0.142301
1380.1 1.33798 6.04502e-010 -0.146021
1656.13 1.62157 6.25276e-010 -0.14974
1932.15 1.90516 6.47895e-010 -0.15346
2208.17 2.18875 6.71334e-010 -0.157179
2484.19 2.47234 6.87649e-010 -0.160899
2760.21 2.75593 6.91535e-010 -0.164618
3036.23 3.03952 7.19738e-010 -0.168338
3312.25 3.32311 7.49715e-010 -0.172057
3588.27 3.6067 7.63684e-010 -0.175777
3864.29 3.89029 7.89947e-010 -0.179496
4140.31 4.17388 8.12019e-010 -0.183216
4416.33 4.45747 8.38575e-010 -0.186935
4692.36 4.74106 8.47431e-010 -0.190655
