276.021 0.481184 2.89315e-010 -0.163607
552.042 1.26666 -4.53171e-010 -0.137462
828.063 2.05213 -1.18477e-009 -0.111317
1104.08 2.83761 -1.88754e-009 -0.0851718
1380.1 3.62309 -2.64633e-009 -0.0590266
1656.13 4.40856 -3.36755e-009 -0.0328814
1932.15 5.19404 -4.09281e-009 -0.00673613
2208.17 5.97951 -4.80909e-009 0.0194091
2484.19 6.76499 -5.54614e-009 0.0455543
2760.21 7.55046 -6.30541e-009 0.0716995
3036.23 8.33594 -7.01013e-009 0.0978448
3312.25 9.12141 -7.71755e-009 0.12399
3588.27 9.90689 -8.45954e-009 0.150135
3864.29 10.6924 -9.17561e-009 0.17628
4140.31 11.4778 -9.89605e-009 0.202426
4416.33 12.2633 -1.06096e-008 0.228571
4692.36 13.0488 -1.13581e-008 0.254716
