276.021 0.279523 7.51509e-010 -0.14493
552.042 0.681883 8.83127e-010 -0.141382
828.063 1.08424 1.02494e-009 -0.137835
1104.08 1.4866 1.18336e-009 -0.134288
1380.1 1.88896 1.30601e-009 -0.130741
1656.13 2.29132 1.45106e-009 -0.127194
1932.15 2.69368 1.59812e-009 -0.123647
2208.17 3.09604 1.74636e-009 -0.1201
2484.19 3.4984 1.88543e-009 -0.116553
2760.21 3.90076 2.00871e-009 -0.113006
3036.23 4.30312 2.16331e-009 -0.109459
3312.25 4.70548 2.31962e-009 -0.105912
3588.27 5.10784 2.45583e-009 -0.102364
3864.29 5.5102 2.60752e-009 -0.0988173
4140.31 5.91256 2.75398e-009 -0.0952702
4416.33 6.31492 2.90627e-009 -0.0917231
4692.36 6.71728 3.03584e-009 -0.0881761
