276.021 0.351103 1.06244e-009 -0.154584
552.042 0.874884 1.35714e-009 -0.143299
828.063 1.39866 1.66381e-009 -0.132013
1104.08 1.92245 1.99073e-009 -0.120727
1380.1 2.44623 2.27439e-009 -0.109442
1656.13 2.97001 2.58517e-009 -0.0981561
1932.15 3.49379 2.89819e-009 -0.0868705
2208.17 4.01757 3.2131e-009 -0.0755848
2484.19 4.54135 3.5164e-009 -0.0642992
2760.21 5.06513 3.80059e-009 -0.0530136
3036.23 5.58891 4.1234e-009 -0.0417279
3312.25 6.11269 4.44788e-009 -0.0304423
3588.27 6.63648 4.74768e-009 -0.0191566
3864.29 7.16026 5.06647e-009 -0.00787098
4140.31 7.68404 5.3791e-009 0.00341466
4416.33 8.20782 5.69881e-009 0.0147003
4692.36 8.7316 5.99077e-009 0.0259859
