276.021 0.367653 -1.47316e-009 -0.0789652
552.042 0.907073 -2.52165e-009 -0.040996
828.063 1.44649 -3.57836e-009 -0.00302682
1104.08 1.98591 -4.64484e-009 0.0349424
1380.1 2.52533 -5.68759e-009 0.0729116
1656.13 3.06475 -6.74452e-009 0.110881
1932.15 3.60417 -7.80404e-009 0.14885
2208.17 4.14359 -8.86434e-009 0.186819
2484.19 4.68301 -9.9193e-009 0.224788
2760.21 5.22243 -1.09621e-008 0.262757
3036.23 5.76185 -1.20221e-008 0.300727
3312.25 6.30127 -1.30918e-008 0.338696
3588.27 6.84069 -1.41431e-008 0.376665
3864.29 7.38011 -1.52081e-008 0.414634
4140.31 7.91953 -1.62664e-008 0.452603
4416.33 8.45895 -1.73278e-008 0.490573
4692.36 8.99837 -1.8375e-008 0.528542
