276.021 0.367653 6.88244e-010 -0.0789652
552.042 0.907073 1.75363e-009 -0.040996
828.063 1.44649 2.81079e-009 -0.00302682
1104.08 1.98591 3.85818e-009 0.0349424
1380.1 2.52533 4.9293e-009 0.0729116
1656.13 3.06475 5.98624e-009 0.110881
1932.15 3.60417 7.0406e-009 0.14885
2208.17 4.14359 8.09417e-009 0.186819
2484.19 4.68301 9.15308e-009 0.224788
2760.21 5.22243 1.02241e-008 0.262757
3036.23 5.76185 1.1278e-008 0.300727
3312.25 6.30127 1.23222e-008 0.338696
3588.27 6.84069 1.33848e-008 0.376665
3864.29 7.38011 1.44337e-008 0.414634
4140.31 7.91953 1.54892e-008 0.452603
4416.33 8.45895 1.65417e-008 0.490573
4692.36 8.99837 1.76083e-008 0.528542
