276.021 0.146314 4.97951e-010 -0.112132
552.042 0.346134 6.23448e-010 -0.121602
828.063 0.545955 7.54838e-010 -0.131072
1104.08 0.745775 8.95975e-010 -0.140543
1380.1 0.945595 1.0159e-009 -0.150013
1656.13 1.14542 1.14917e-009 -0.159483
1932.15 1.34524 1.28384e-009 -0.168954
2208.17 1.54506 1.41899e-009 -0.178424
2484.19 1.74488 1.5487e-009 -0.187894
2760.21 1.9447 1.66907e-009 -0.197365
3036.23 2.14452 1.80796e-009 -0.206835
3312.25 2.34434 1.94808e-009 -0.216305
3588.27 2.54416 2.07606e-009 -0.225775
3864.29 2.74398 2.21351e-009 -0.235246
4140.31 2.9438 2.34769e-009 -0.244716
4416.33 3.14362 2.4853e-009 -0.254186
4692.36 3.34344 2.60949e-009 -0.263657
