276.021 0.493599 8.6366e-011 -0.132949
552.042 1.29058 8.48841e-011 -0.169305
828.063 2.08756 8.37725e-011 -0.205661
1104.08 2.88454 8.55505e-011 -0.242017
1380.1 3.68152 8.41697e-011 -0.278373
1656.13 4.47851 8.45536e-011 -0.314729
1932.15 5.27549 8.46442e-011 -0.351085
2208.17 6.07247 8.54083e-011 -0.387441
2484.19 6.86945 8.41146e-011 -0.423797
2760.21 7.66643 8.25743e-011 -0.460153
3036.23 8.46341 8.4532e-011 -0.496509
3312.25 9.26039 8.48799e-011 -0.532865
3588.27 10.0574 8.51011e-011 -0.569221
3864.29 10.8544 8.44325e-011 -0.605577
4140.31 11.6513 8.50843e-011 -0.641933
4416.33 12.4483 8.69881e-011 -0.678289
4692.36 13.2453 8.54982e-011 -0.714645
