276.021 0.164293 -1.16572e-010 -0.0282397
552.042 0.381285 2.06112e-011 0.0148933
828.063 0.598278 1.53286e-010 0.0580262
1104.08 0.81527 2.79943e-010 0.101159
1380.1 1.03226 4.20814e-010 0.144292
1656.13 1.24926 5.52957e-010 0.187425
1932.15 1.46625 6.83604e-010 0.230558
2208.17 1.68324 8.14141e-010 0.273691
2484.19 1.90023 9.47909e-010 0.316824
2760.21 2.11723 1.0885e-009 0.359957
3036.23 2.33422 1.21822e-009 0.40309
3312.25 2.55121 1.34387e-009 0.446223
3588.27 2.7682 1.47941e-009 0.489356
3864.29 2.9852 1.60741e-009 0.532488
4140.31 3.20219 1.73884e-009 0.575621
4416.33 3.41918 1.86823e-009 0.618754
4692.36 3.63617 2.00617e-009 0.661887
