276.021 0.523028 5.95396e-010 -0.142485
552.042 1.41435 5.86893e-010 -0.0495488
828.063 2.30568 5.84612e-010 0.0433878
1104.08 3.197 5.97866e-010 0.136324
1380.1 4.08833 5.79906e-010 0.229261
1656.13 4.97965 5.83058e-010 0.322198
1932.15 5.87097 5.85736e-010 0.415134
2208.17 6.7623 5.89827e-010 0.508071
2484.19 7.65362 5.84767e-010 0.601007
2760.21 8.54495 5.67769e-010 0.693944
3036.23 9.43627 5.85174e-010 0.78688
3312.25 10.3276 5.89986e-010 0.879817
3588.27 11.2189 5.83907e-010 0.972754
3864.29 12.1102 5.87818e-010 1.06569
4140.31 13.0016 5.91565e-010 1.15863
4416.33 13.8929 6.0101e-010 1.25156
4692.36 14.7842 5.89711e-010 1.3445
