276.021 0.128468 6.91636e-010 -0.112132
552.042 0.302159 9.85742e-010 -0.121602
828.063 0.475851 1.28556e-009 -0.131072
1104.08 0.649542 1.59469e-009 -0.140543
1380.1 0.823234 1.88349e-009 -0.150013
1656.13 0.996925 2.18505e-009 -0.159483
1932.15 1.17062 2.488e-009 -0.168954
2208.17 1.34431 2.7914e-009 -0.178424
2484.19 1.518 3.08962e-009 -0.187894
2760.21 1.69169 3.37884e-009 -0.197365
3036.23 1.86538 3.6856e-009 -0.206835
3312.25 2.03907 3.99396e-009 -0.216305
3588.27 2.21277 4.29048e-009 -0.225775
3864.29 2.38646 4.59618e-009 -0.235246
4140.31 2.56015 4.89862e-009 -0.244716
4416.33 2.73384 5.20433e-009 -0.254186
4692.36 2.90753 5.49721e-009 -0.263657
