276.021 0.161861 -5.80527e-011 -0.0282397
552.042 0.375357 1.35183e-010 0.0148933
828.063 0.588853 3.2391e-010 0.0580262
1104.08 0.802349 5.06608e-010 0.101159
1380.1 1.01584 7.0353e-010 0.144292
1656.13 1.22934 8.9172e-010 0.187425
1932.15 1.44284 1.07841e-009 0.230558
2208.17 1.65633 1.265e-009 0.273691
2484.19 1.86983 1.45482e-009 0.316824
2760.21 2.08332 1.65145e-009 0.359957
3036.23 2.29682 1.83722e-009 0.40309
3312.25 2.51032 2.01892e-009 0.446223
3588.27 2.72381 2.21051e-009 0.489356
3864.29 2.93731 2.39456e-009 0.532488
4140.31 3.1508 2.58203e-009 0.575621
4416.33 3.3643 2.76746e-009 0.618754
4692.36 3.5778 2.96146e-009 0.661887
