276.021 0.145504 3.35623e-010 -0.0282397
552.042 0.335477 9.05938e-010 0.0148933
828.063 0.52545 1.47174e-009 0.0580262
1104.08 0.715423 2.03145e-009 0.101159
1380.1 0.905396 2.60544e-009 0.144292
1656.13 1.09537 3.17067e-009 0.187425
1932.15 1.28534 3.73441e-009 0.230558
2208.17 1.47532 4.29802e-009 0.273691
2484.19 1.66529 4.86492e-009 0.316824
2760.21 1.85526 5.43863e-009 0.359957
3036.23 2.04524 6.00141e-009 0.40309
3312.25 2.23521 6.56015e-009 0.446223
3588.27 2.42518 7.12877e-009 0.489356
3864.29 2.61516 7.68989e-009 0.532488
4140.31 2.80513 8.2544e-009 0.575621
4416.33 2.9951 8.81684e-009 0.618754
4692.36 3.18508 9.38791e-009 0.661887
