276.021 0.523028 2.33936e-010 -0.163376
552.042 1.41435 -6.38601e-010 -0.130569
828.063 2.30568 -1.49938e-009 -0.0977626
1104.08 3.197 -2.33353e-009 -0.0649561
1380.1 4.08833 -3.22462e-009 -0.0321496
1656.13 4.97965 -4.07566e-009 0.000656875
1932.15 5.87097 -4.93002e-009 0.0334634
2208.17 6.7623 -5.7793e-009 0.0662699
2484.19 7.65362 -6.64668e-009 0.0990764
2760.21 8.54495 -7.5395e-009 0.131883
3036.23 9.43627 -8.36445e-009 0.164689
3312.25 10.3276 -9.20921e-009 0.197496
3588.27 11.2189 -1.00813e-008 0.230302
3864.29 12.1102 -1.09289e-008 0.263109
4140.31 13.0016 -1.17806e-008 0.295915
4416.33 13.8929 -1.2623e-008 0.328722
4692.36 14.7842 -1.35008e-008 0.361528
