276.021 0.0198536 2.07746e-009 -0.000491238
552.042 0.0436788 4.15309e-009 0.0274615
828.063 0.067504 6.22686e-009 0.0554142
1104.08 0.0913292 8.29844e-009 0.0833669
1380.1 0.115154 1.03753e-008 0.11132
1656.13 0.13898 1.24489e-008 0.139272
1932.15 0.162805 1.4522e-008 0.167225
2208.17 0.18663 1.6595e-008 0.195178
2484.19 0.210455 1.86693e-008 0.22313
2760.21 0.23428 2.0746e-008 0.251083
3036.23 0.258106 2.28187e-008 0.279036
3312.25 0.281931 2.48899e-008 0.306988
3588.27 0.305756 2.69648e-008 0.334941
3864.29 0.329581 2.9037e-008 0.362894
4140.31 0.353406 3.11103e-008 0.390847
4416.33 0.377232 3.31829e-008 0.418799
4692.36 0.401057 3.52586e-008 0.446752
