276.021 0.428974 1.67116e-009 -0.160699
552.042 1.10123 2.40751e-009 -0.141769
828.063 1.77348 3.158e-009 -0.122839
1104.08 2.44573 3.93243e-009 -0.103909
1380.1 3.11798 4.65621e-009 -0.084979
1656.13 3.79024 5.41176e-009 -0.066049
1932.15 4.46249 6.1696e-009 -0.0471191
2208.17 5.13474 6.93019e-009 -0.0281892
2484.19 5.80699 7.67677e-009 -0.00925921
2760.21 6.47925 8.40065e-009 0.00967072
3036.23 7.1515 9.17072e-009 0.0286007
3312.25 7.82375 9.94228e-009 0.0475306
3588.27 8.496 1.06848e-008 0.0664605
3864.29 9.16825 1.14494e-008 0.0853905
4140.31 9.84051 1.22069e-008 0.10432
4416.33 10.5128 1.29733e-008 0.12325
4692.36 11.185 1.37066e-008 0.14218
