276.021 0.312834 2.72137e-010 -0.0626285
552.042 0.758251 8.92e-010 -0.0209294
828.063 1.20367 1.50445e-009 0.0207696
1104.08 1.64909 2.10825e-009 0.0624687
1380.1 2.0945 2.73306e-009 0.104168
1656.13 2.53992 3.34521e-009 0.145867
1932.15 2.98534 3.95514e-009 0.187566
2208.17 3.43076 4.56472e-009 0.229265
2484.19 3.87617 5.17869e-009 0.270964
2760.21 4.32159 5.80324e-009 0.312663
3036.23 4.76701 6.41263e-009 0.354362
3312.25 5.21242 7.01421e-009 0.396061
3588.27 5.65784 7.63123e-009 0.43776
3864.29 6.10326 8.23672e-009 0.479459
4140.31 6.54868 8.84786e-009 0.521158
4416.33 6.99409 9.45619e-009 0.562857
4692.36 7.43951 1.00769e-008 0.604556
