276.021 0.21968 1.56601e-010 -0.131143
552.042 0.528391 -2.14166e-010 -0.134862
828.063 0.837101 -5.76951e-010 -0.138582
1104.08 1.14581 -9.26357e-010 -0.142301
1380.1 1.45452 -1.30452e-009 -0.146021
1656.13 1.76323 -1.66476e-009 -0.14974
1932.15 2.07194 -2.02317e-009 -0.15346
2208.17 2.38065 -2.38072e-009 -0.157179
2484.19 2.68936 -2.74565e-009 -0.160899
2760.21 2.99807 -3.12335e-009 -0.164618
3036.23 3.30678 -3.47576e-009 -0.168338
3312.25 3.61549 -3.82676e-009 -0.172057
3588.27 3.9242 -4.19407e-009 -0.175777
3864.29 4.23291 -4.54879e-009 -0.179496
4140.31 4.54162 -4.90772e-009 -0.183216
4416.33 4.85033 -5.262e-009 -0.186935
4692.36 5.15904 -5.63457e-009 -0.190655
