276.021 0.0246547 -2.35554e-009 -0.0511918
552.042 0.0567603 -4.71849e-009 -0.0606861
828.063 0.0888658 -7.07934e-009 -0.0701804
1104.08 0.120971 -9.43743e-009 -0.0796747
1380.1 0.153077 -1.18019e-008 -0.089169
1656.13 0.185183 -1.41625e-008 -0.0986632
1932.15 0.217288 -1.65224e-008 -0.108158
2208.17 0.249394 -1.88823e-008 -0.117652
2484.19 0.281499 -2.12438e-008 -0.127146
2760.21 0.313605 -2.36081e-008 -0.13664
3036.23 0.34571 -2.59672e-008 -0.146135
3312.25 0.377816 -2.83252e-008 -0.155629
3588.27 0.409922 -3.06874e-008 -0.165123
3864.29 0.442027 -3.30464e-008 -0.174618
4140.31 0.474133 -3.54065e-008 -0.184112
4416.33 0.506238 -3.77658e-008 -0.193606
4692.36 0.538344 -4.0129e-008 -0.2031
