276.021 0.164293 -3.60138e-010 -0.0282397
552.042 0.381285 -4.87683e-010 0.0148933
828.063 0.598278 -6.19735e-010 0.0580262
1104.08 0.81527 -7.57807e-010 0.101159
1380.1 1.03226 -8.81664e-010 0.144292
1656.13 1.24926 -1.01425e-009 0.187425
1932.15 1.46625 -1.14833e-009 0.230558
2208.17 1.68324 -1.28252e-009 0.273691
2484.19 1.90023 -1.41348e-009 0.316824
2760.21 2.11723 -1.53762e-009 0.359957
3036.23 2.33422 -1.67262e-009 0.40309
3312.25 2.55121 -1.8117e-009 0.446223
3588.27 2.7682 -1.94089e-009 0.489356
3864.29 2.9852 -2.07761e-009 0.532488
4140.31 3.20219 -2.21092e-009 0.575621
4416.33 3.41918 -2.34625e-009 0.618754
4692.36 3.63617 -2.47304e-009 0.661887
