276.021 0.367102 1.48201e-009 -0.154584
552.042 0.920665 2.15047e-009 -0.143299
828.063 1.47423 2.83111e-009 -0.132013
1104.08 2.02779 3.53256e-009 -0.120727
1380.1 2.58136 4.18964e-009 -0.109442
1656.13 3.13492 4.8746e-009 -0.0981561
1932.15 3.68848 5.56176e-009 -0.0868705
2208.17 4.24205 6.25087e-009 -0.0755848
2484.19 4.79561 6.92805e-009 -0.0642992
2760.21 5.34917 7.5857e-009 -0.0530136
3036.23 5.90274 8.28318e-009 -0.0417279
3312.25 6.4563 8.98189e-009 -0.0304423
3588.27 7.00986 9.65553e-009 -0.0191566
3864.29 7.56343 1.03485e-008 -0.00787099
4140.31 8.11699 1.10353e-008 0.00341465
4416.33 8.67055 1.17294e-008 0.0147003
4692.36 9.22412 1.23951e-008 0.0259859
