276.021 0.203622 4.49101e-010 -0.131143
552.042 0.487212 4.20306e-010 -0.134862
828.063 0.770802 3.99315e-010 -0.138582
1104.08 1.05439 3.9126e-010 -0.142301
1380.1 1.33798 3.55342e-010 -0.146021
1656.13 1.62157 3.36741e-010 -0.14974
1932.15 1.90516 3.19986e-010 -0.15346
2208.17 2.18875 3.0405e-010 -0.157179
2484.19 2.47234 2.8099e-010 -0.160899
2760.21 2.75593 2.45501e-010 -0.164618
3036.23 3.03952 2.3433e-010 -0.168338
3312.25 3.32311 2.24933e-010 -0.172057
3588.27 3.6067 1.99527e-010 -0.175777
3864.29 3.89029 1.86416e-010 -0.179496
4140.31 4.17388 1.69113e-010 -0.183216
4416.33 4.45747 1.56294e-010 -0.186935
4692.36 4.74106 1.25776e-010 -0.190655
