276.021 0.481184 1.70224e-009 -0.163607
552.042 1.26666 2.41427e-009 -0.137462
828.063 2.05213 3.1372e-009 -0.111317
1104.08 2.83761 3.88896e-009 -0.0851718
1380.1 3.62309 4.58469e-009 -0.0590266
1656.13 4.40856 5.31799e-009 -0.0328814
1932.15 5.19404 6.04726e-009 -0.00673613
2208.17 5.97951 6.7855e-009 0.0194091
2484.19 6.76499 7.50298e-009 0.0455543
2760.21 7.55046 8.19824e-009 0.0716995
3036.23 8.33594 8.94804e-009 0.0978448
3312.25 9.12141 9.69515e-009 0.12399
3588.27 9.90689 1.04077e-008 0.150135
3864.29 10.6924 1.11461e-008 0.17628
4140.31 11.4778 1.18802e-008 0.202426
4416.33 12.2633 1.26212e-008 0.228571
4692.36 13.0488 1.33272e-008 0.254716
