276.021 0.365031 1.66517e-010 -0.154584
552.042 0.914741 -4.82334e-010 -0.143299
828.063 1.46445 -1.11903e-009 -0.132013
1104.08 2.01416 -1.73499e-009 -0.120727
1380.1 2.56387 -2.39518e-009 -0.109442
1656.13 3.11358 -3.02759e-009 -0.0981561
1932.15 3.66329 -3.65778e-009 -0.0868705
2208.17 4.213 -4.28605e-009 -0.0755848
2484.19 4.76271 -4.92619e-009 -0.0642992
2760.21 5.31242 -5.58582e-009 -0.0530136
3036.23 5.86212 -6.20577e-009 -0.0417279
3312.25 6.41183 -6.82442e-009 -0.0304423
3588.27 6.96154 -7.4681e-009 -0.0191566
3864.29 7.51125 -8.09248e-009 -0.00787099
4140.31 8.06096 -8.72303e-009 0.00341465
4416.33 8.61067 -9.34633e-009 0.0147003
4692.36 9.16038 -9.99801e-009 0.0259859
