276.021 0.567031 1.29967e-010 -0.138981
552.042 1.56703 1.27774e-010 -0.176503
828.063 2.56703 1.26226e-010 -0.214026
1104.08 3.56703 1.2893e-010 -0.251549
1380.1 4.56703 1.26658e-010 -0.289072
1656.13 5.56703 1.27224e-010 -0.326595
1932.15 6.56703 1.27419e-010 -0.364118
2208.17 7.56703 1.28563e-010 -0.401641
2484.19 8.56703 1.26696e-010 -0.439164
2760.21 9.56703 1.24221e-010 -0.476687
3036.23 10.567 1.27253e-010 -0.51421
3312.25 11.567 1.27811e-010 -0.551733
3588.27 12.567 1.27968e-010 -0.589256
3864.29 13.567 1.27169e-010 -0.626779
4140.31 14.567 1.28135e-010 -0.664302
4416.33 15.567 1.30922e-010 -0.701825
4692.36 16.567 1.28654e-010 -0.739348
