276.021 0.554594 3.41096e-009 -0.1604
552.042 1.54343 5.50086e-009 -0.121986
828.063 2.53226 7.60352e-009 -0.0835726
1104.08 3.5211 9.73519e-009 -0.0451588
1380.1 4.50994 1.18048e-008 -0.00674495
1656.13 5.49877 1.39165e-008 0.0316689
1932.15 6.48761 1.60282e-008 0.0700827
2208.17 7.47644 1.81421e-008 0.108497
2484.19 8.46528 2.02389e-008 0.14691
2760.21 9.45411 2.23105e-008 0.185324
3036.23 10.4429 2.44498e-008 0.223738
3312.25 11.4318 2.65656e-008 0.262152
3588.27 12.4206 2.86577e-008 0.300566
3864.29 13.4095 3.07739e-008 0.338979
4140.31 14.3983 3.28861e-008 0.377393
4416.33 15.3871 3.50093e-008 0.415807
4692.36 16.376 3.70936e-008 0.454221
