276.021 0.294897 1.51615e-010 -0.14493
552.042 0.723294 -3.65322e-010 -0.141382
828.063 1.15169 -8.7187e-010 -0.137835
1104.08 1.58009 -1.36135e-009 -0.134288
1380.1 2.00849 -1.88754e-009 -0.130741
1656.13 2.43688 -2.39069e-009 -0.127194
1932.15 2.86528 -2.89185e-009 -0.123647
2208.17 3.29368 -3.39179e-009 -0.1201
2484.19 3.72207 -3.90116e-009 -0.116553
2760.21 4.15047 -4.42669e-009 -0.113006
3036.23 4.57887 -4.91987e-009 -0.109459
3312.25 5.00727 -5.4117e-009 -0.105912
3588.27 5.43566 -5.92398e-009 -0.102364
3864.29 5.86406 -6.42046e-009 -0.0988173
4140.31 6.29246 -6.92218e-009 -0.0952702
4416.33 6.72086 -7.4179e-009 -0.0917232
4692.36 7.14925 -7.93698e-009 -0.0881761
