276.021 0.297246 -1.34076e-009 -0.0626285
552.042 0.716442 -2.30687e-009 -0.0209294
828.063 1.13564 -3.28041e-009 0.0207696
1104.08 1.55483 -4.26269e-009 0.0624687
1380.1 1.97403 -5.22386e-009 0.104168
1656.13 2.39322 -6.19775e-009 0.145867
1932.15 2.81242 -7.17385e-009 0.187566
2208.17 3.23161 -8.15032e-009 0.229265
2484.19 3.65081 -9.12233e-009 0.270964
2760.21 4.07 -1.00838e-008 0.312663
3036.23 4.4892 -1.10605e-008 0.354362
3312.25 4.90839 -1.20449e-008 0.396061
3588.27 5.32759 -1.30139e-008 0.43776
3864.29 5.74679 -1.39944e-008 0.479459
4140.31 6.16598 -1.49694e-008 0.521158
4416.33 6.58518 -1.59471e-008 0.562857
4692.36 7.00437 -1.69124e-008 0.604556
