276.021 0.161861 -4.19189e-010 -0.0282397
552.042 0.375357 -6.02776e-010 0.0148933
828.063 0.588853 -7.90872e-010 0.0580262
1104.08 0.802349 -9.84997e-010 0.101159
1380.1 1.01584 -1.1649e-009 0.144292
1656.13 1.22934 -1.35353e-009 0.187425
1932.15 1.44284 -1.54366e-009 0.230558
2208.17 1.65633 -1.7339e-009 0.273691
2484.19 1.86983 -1.9209e-009 0.316824
2760.21 2.08332 -2.10109e-009 0.359957
3036.23 2.29682 -2.29214e-009 0.40309
3312.25 2.51032 -2.48727e-009 0.446223
3588.27 2.72381 -2.67251e-009 0.489356
3864.29 2.93731 -2.86528e-009 0.532488
4140.31 3.1508 -3.05463e-009 0.575621
4416.33 3.3643 -3.24602e-009 0.618754
4692.36 3.5778 -3.42885e-009 0.661887
