276.021 0.351103 4.95159e-010 -0.154584
552.042 0.874884 1.7222e-010 -0.143299
828.063 1.39866 -1.38758e-010 -0.132013
1104.08 1.92245 -4.29477e-010 -0.120727
1380.1 2.44623 -7.63464e-010 -0.109442
1656.13 2.97001 -1.07032e-009 -0.0981561
1932.15 3.49379 -1.37495e-009 -0.0868705
2208.17 4.01757 -1.67768e-009 -0.0755848
2484.19 4.54135 -1.99202e-009 -0.0642992
2760.21 5.06513 -2.32548e-009 -0.0530136
3036.23 5.58891 -2.62031e-009 -0.0417279
3312.25 6.11269 -2.91347e-009 -0.0304423
3588.27 6.63648 -3.23131e-009 -0.0191566
3864.29 7.16026 -3.53016e-009 -0.00787098
4140.31 7.68404 -3.83518e-009 0.00341466
4416.33 8.20782 -4.13311e-009 0.0147003
4692.36 8.7316 -4.4588e-009 0.0259859
