276.021 0.554594 -1.11925e-009 -0.1604
552.042 1.54343 -3.24104e-009 -0.121986
828.063 2.53226 -5.35008e-009 -0.0835726
1104.08 3.5211 -7.4301e-009 -0.0451588
1380.1 4.50994 -9.57216e-009 -0.00674495
1656.13 5.49877 -1.16721e-008 0.0316689
1932.15 6.48761 -1.37722e-008 0.0700827
2208.17 7.47644 -1.587e-008 0.108497
2484.19 8.46528 -1.79848e-008 0.14691
2760.21 9.45411 -2.01249e-008 0.185324
3036.23 10.4429 -2.21973e-008 0.223738
3312.25 11.4318 -2.42933e-008 0.262152
3588.27 12.4206 -2.64128e-008 0.300566
3864.29 13.4095 -2.85083e-008 0.338979
4140.31 14.3983 -3.06078e-008 0.377393
4416.33 15.3871 -3.26963e-008 0.415807
4692.36 16.376 -3.48237e-008 0.454221
