276.021 0.0198536 -2.25693e-009 -0.000491238
552.042 0.0436788 -4.32871e-009 0.0274615
828.063 0.067504 -6.40236e-009 0.0554142
1104.08 0.0913292 -8.4782e-009 0.0833669
1380.1 0.115154 -1.05488e-008 0.11132
1656.13 0.13898 -1.26226e-008 0.139272
1932.15 0.162805 -1.46969e-008 0.167225
2208.17 0.18663 -1.67713e-008 0.195178
2484.19 0.210455 -1.88444e-008 0.22313
2760.21 0.23428 -2.09151e-008 0.251083
3036.23 0.258106 -2.29899e-008 0.279036
3312.25 0.281931 -2.5066e-008 0.306988
3588.27 0.305756 -2.71385e-008 0.334941
3864.29 0.329581 -2.92138e-008 0.362894
4140.31 0.353406 -3.1288e-008 0.390847
4416.33 0.377232 -3.33627e-008 0.418799
4692.36 0.401057 -3.54344e-008 0.446752
