276.021 0.315151 -8.98142e-010 -0.0626285
552.042 0.764466 -1.44917e-009 -0.0209294
828.063 1.21378 -2.00762e-009 0.0207696
1104.08 1.6631 -2.57469e-009 0.0624687
1380.1 2.11241 -3.12077e-009 0.104168
1656.13 2.56173 -3.67951e-009 0.145867
1932.15 3.01104 -4.24046e-009 0.187566
2208.17 3.46036 -4.80176e-009 0.229265
2484.19 3.90967 -5.35869e-009 0.270964
2760.21 4.35899 -5.90504e-009 0.312663
3036.23 4.8083 -6.46652e-009 0.354362
3312.25 5.25762 -7.03582e-009 0.396061
3588.27 5.70693 -7.58969e-009 0.43776
3864.29 6.15625 -8.15508e-009 0.479459
4140.31 6.60556 -8.71482e-009 0.521158
4416.33 7.05488 -9.27737e-009 0.562857
4692.36 7.50419 -9.82753e-009 0.604556
