276.021 0.566023 -2.6313e-009 -0.120471
552.042 1.56285 -4.75308e-009 -0.0998159
828.063 2.55968 -6.87996e-009 -0.0791613
1104.08 3.55651 -9.01409e-009 -0.0585067
1380.1 4.55334 -1.11263e-008 -0.0378521
1656.13 5.55017 -1.32539e-008 -0.0171975
1932.15 6.547 -1.53826e-008 0.00345713
2208.17 7.54383 -1.75107e-008 0.0241117
2484.19 8.54066 -1.96353e-008 0.0447664
2760.21 9.53749 -2.17489e-008 0.065421
3036.23 10.5343 -2.38854e-008 0.0860756
3312.25 11.5311 -2.6015e-008 0.10673
3588.27 12.528 -2.8134e-008 0.127385
3864.29 13.5248 -3.02667e-008 0.148039
4140.31 14.5216 -3.23938e-008 0.168694
4416.33 15.5185 -3.45236e-008 0.189349
4692.36 16.5153 -3.6643e-008 0.210003
