276.021 0.415163 5.01503e-010 -0.160699
552.042 1.0586 5.37889e-011 -0.141769
828.063 1.70204 -3.80005e-010 -0.122839
1104.08 2.34548 -7.90393e-010 -0.103909
1380.1 2.98892 -1.25037e-009 -0.084979
1656.13 3.63236 -1.67929e-009 -0.066049
1932.15 4.2758 -2.1059e-009 -0.0471191
2208.17 4.91924 -2.52981e-009 -0.0281891
2484.19 5.56268 -2.96742e-009 -0.00925921
2760.21 6.20612 -3.42732e-009 0.00967072
3036.23 6.84956 -3.84221e-009 0.0286007
3312.25 7.493 -4.25519e-009 0.0475306
3588.27 8.13644 -4.69685e-009 0.0664605
3864.29 8.77988 -5.11668e-009 0.0853905
4140.31 9.42332 -5.5437e-009 0.10432
4416.33 10.0668 -5.96198e-009 0.12325
4692.36 10.7102 -6.4127e-009 0.14218
