276.021 0.0234125 -2.39536e-009 -0.0511918
552.042 0.0538516 -4.79544e-009 -0.0606861
828.063 0.0842908 -7.19343e-009 -0.0701804
1104.08 0.11473 -9.58868e-009 -0.0796747
1380.1 0.145169 -1.19903e-008 -0.089169
1656.13 0.175608 -1.4388e-008 -0.0986632
1932.15 0.206047 -1.6785e-008 -0.108158
2208.17 0.236486 -1.91821e-008 -0.117652
2484.19 0.266926 -2.15807e-008 -0.127146
2760.21 0.297365 -2.39822e-008 -0.13664
3036.23 0.327804 -2.63784e-008 -0.146135
3312.25 0.358243 -2.87736e-008 -0.155629
3588.27 0.388682 -3.11729e-008 -0.165123
3864.29 0.419121 -3.3569e-008 -0.174618
4140.31 0.44956 -3.59663e-008 -0.184112
4416.33 0.479999 -3.83628e-008 -0.193606
4692.36 0.510439 -4.0763e-008 -0.2031
