276.021 0.0895776 -9.05133e-010 -0.0123432
552.042 0.203316 -1.60211e-009 0.026419
828.063 0.317055 -2.30237e-009 0.0651811
1104.08 0.430793 -3.00659e-009 0.103943
1380.1 0.544532 -3.70112e-009 0.142706
1656.13 0.658271 -4.4016e-009 0.181468
1932.15 0.772009 -5.10314e-009 0.22023
2208.17 0.885748 -5.8047e-009 0.258992
2484.19 0.999487 -6.50406e-009 0.297754
2760.21 1.11323 -7.19877e-009 0.336517
3036.23 1.22696 -7.9009e-009 0.375279
3312.25 1.3407 -8.60584e-009 0.414041
3588.27 1.45444 -9.30402e-009 0.452803
3864.29 1.56818 -1.00073e-008 0.491565
4140.31 1.68192 -1.07083e-008 0.530327
4416.33 1.79566 -1.14107e-008 0.56909
4692.36 1.9094 -1.21072e-008 0.607852
