276.021 0.297182 1.21139e-009 -0.14493
552.042 0.72945 1.75785e-009 -0.141382
828.063 1.16172 2.31473e-009 -0.137835
1104.08 1.59399 2.88875e-009 -0.134288
1380.1 2.02625 3.42592e-009 -0.130741
1656.13 2.45852 3.98621e-009 -0.127194
1932.15 2.89079 4.54851e-009 -0.123647
2208.17 3.32306 5.11203e-009 -0.1201
2484.19 3.75532 5.66606e-009 -0.116553
2760.21 4.18759 6.20389e-009 -0.113006
3036.23 4.61986 6.77424e-009 -0.109459
3312.25 5.05213 7.34586e-009 -0.105912
3588.27 5.48439 7.897e-009 -0.102364
3864.29 5.91666 8.46397e-009 -0.0988173
4140.31 6.34893 9.0257e-009 -0.0952702
4416.33 6.7812 9.59346e-009 -0.0917232
4692.36 7.21347 1.01378e-008 -0.0881761
