276.021 0.221743 -1.1724e-009 -0.0454476
552.042 0.522608 -2.02203e-009 -0.00176401
828.063 0.823473 -2.8775e-009 0.0419195
1104.08 1.12434 -3.74056e-009 0.0856031
1380.1 1.4252 -4.58583e-009 0.129287
1656.13 1.72607 -5.44173e-009 0.17297
1932.15 2.02694 -6.29965e-009 0.216654
2208.17 2.3278 -7.1578e-009 0.260337
2484.19 2.62867 -8.01209e-009 0.304021
2760.21 2.92953 -8.85749e-009 0.347704
3036.23 3.2304 -9.71625e-009 0.391388
3312.25 3.53126 -1.05809e-008 0.435071
3588.27 3.83213 -1.14327e-008 0.478755
3864.29 4.13299 -1.22941e-008 0.522439
4140.31 4.43386 -1.31511e-008 0.566122
4416.33 4.73472 -1.40105e-008 0.609806
4692.36 5.03559 -1.48592e-008 0.653489
