276.021 0.532665 -1.24409e-009 -0.115878
552.042 1.43057 -2.12477e-009 -0.0926955
828.063 2.32847 -3.01042e-009 -0.069513
1104.08 3.22637 -3.90357e-009 -0.0463305
1380.1 4.12427 -4.77521e-009 -0.023148
1656.13 5.02218 -5.66334e-009 3.44559e-005
1932.15 5.92008 -6.54898e-009 0.0232169
2208.17 6.81798 -7.43749e-009 0.0463994
2484.19 7.71588 -8.31962e-009 0.0695819
2760.21 8.61379 -9.18872e-009 0.0927644
3036.23 9.51169 -1.00866e-008 0.115947
3312.25 10.4096 -1.09794e-008 0.139129
3588.27 11.3075 -1.18561e-008 0.162312
3864.29 12.2054 -1.27481e-008 0.185494
4140.31 13.1033 -1.36347e-008 0.208677
4416.33 14.0012 -1.45233e-008 0.231859
4692.36 14.8991 -1.54015e-008 0.255042
