276.021 0.128468 2.67063e-011 -0.112132
552.042 0.302159 -2.80649e-010 -0.121602
828.063 0.475851 -5.82291e-010 -0.131072
1104.08 0.649542 -8.7463e-010 -0.140543
1380.1 0.823234 -1.18729e-009 -0.150013
1656.13 0.996925 -1.48719e-009 -0.159483
1932.15 1.17062 -1.7857e-009 -0.168954
2208.17 1.34431 -2.08376e-009 -0.178424
2484.19 1.518 -2.38701e-009 -0.187894
2760.21 1.69169 -2.69924e-009 -0.197365
3036.23 1.86538 -2.99394e-009 -0.206835
3312.25 2.03907 -3.28705e-009 -0.216305
3588.27 2.21277 -3.59199e-009 -0.225775
3864.29 2.38646 -3.88775e-009 -0.235246
4140.31 2.56015 -4.18678e-009 -0.244716
4416.33 2.73384 -4.48253e-009 -0.254186
4692.36 2.90753 -4.79111e-009 -0.263657
