1 -0.000337683 1.19801e-023
1.80266e+007 -0.000339323 2.81654e-007
3.59101e+007 -0.000341158 5.63307e-007
5.36487e+007 -0.000343192 8.44961e-007
7.12405e+007 -0.000345427 1.12661e-006
8.86834e+007 -0.000347866 1.40827e-006
1.05894e+008 -0.000350416 1.68992e-006
1.22778e+008 -0.000352936 1.97158e-006
1.38763e+008 -0.000354735 2.25323e-006
1.52268e+008 -0.000353634 2.53488e-006
1.6398e+008 -0.000350184 2.81654e-006
1.74258e+008 -0.000344674 3.09819e-006
1.83423e+008 -0.000337424 3.37984e-006
1.91724e+008 -0.000328751 3.6615e-006
1.9904e+008 -0.000318182 3.94315e-006
2.05955e+008 -0.000306884 4.22481e-006
2.12204e+008 -0.000294179 4.50646e-006
2.1817e+008 -0.000280903 4.78811e-006
2.23554e+008 -0.000266192 5.06977e-006
2.28987e+008 -0.000251738 5.35142e-006
2.34089e+008 -0.000235929 5.63307e-006
2.39221e+008 -0.000220169 5.91473e-006
2.44466e+008 -0.000204802 6.19638e-006
2.49535e+008 -0.000188646 6.47804e-006
2.54408e+008 -0.000171742 6.75969e-006
2.59422e+008 -0.000155405 7.04134e-006
2.64436e+008 -0.000139275 7.323e-006
2.69436e+008 -0.000123107 7.60465e-006
2.74169e+008 -0.000105661 7.8863e-006
2.78873e+008 -8.83202e-005 8.16796e-006
2.83663e+008 -7.14227e-005 8.44961e-006
2.88433e+008 -5.47443e-005 8.73127e-006
2.93169e+008 -3.82029e-005 9.01292e-006
2.97964e+008 -2.21028e-005 9.29457e-006
3.02514e+008 -4.61334e-006 9.57623e-006
3.06996e+008 1.29632e-005 9.85788e-006
3.11437e+008 3.0408e-005 1.01395e-005
3.15901e+008 4.74537e-005 1.04212e-005
3.20272e+008 6.45835e-005 1.07028e-005
3.24538e+008 8.1679e-005 1.09845e-005
3.2865e+008 9.88486e-005 1.12661e-005
3.32546e+008 0.00011627 1.15478e-005
3.36201e+008 0.000133905 1.18295e-005
3.39434e+008 0.000152692 1.21111e-005
3.4209e+008 0.000173753 1.23928e-005
3.44313e+008 0.000195727 1.26744e-005
3.46163e+008 0.000218472 1.29561e-005
3.47752e+008 0.000241622 1.32377e-005
3.49181e+008 0.000264854 1.35194e-005
3.50407e+008 0.000287925 1.3801e-005
3.51387e+008 0.000310364 1.40827e-005
3.52303e+008 0.000332671 1.43643e-005
3.53174e+008 0.000354689 1.4646e-005
3.53864e+008 0.000375628 1.49276e-005
3.54463e+008 0.000395935 1.52093e-005
3.55058e+008 0.000415627 1.5491e-005
3.55508e+008 0.000436727 1.57726e-005
3.55757e+008 0.000456664 1.60543e-005
3.55936e+008 0.000475934 1.63359e-005
3.56074e+008 0.000494772 1.66176e-005
3.56172e+008 0.000513171 1.68992e-005
3.56131e+008 0.000530188 1.71809e-005
3.55964e+008 0.000545944 1.74625e-005
3.55757e+008 0.000561251 1.77442e-005
3.55511e+008 0.000576024 1.80258e-005
3.55198e+008 0.000589916 1.83075e-005
3.54677e+008 0.000601523 1.85891e-005
3.54129e+008 0.000612607 1.88708e-005
3.53559e+008 0.000623148 1.91525e-005
3.52962e+008 0.000633347 1.94341e-005
3.5234e+008 0.000643225 1.97158e-005
3.51696e+008 0.000652793 1.99974e-005
3.50996e+008 0.000661674 2.02791e-005
3.50222e+008 0.000669632 2.05607e-005
3.49427e+008 0.00067729 2.08424e-005
3.48611e+008 0.000684646 2.1124e-005
3.47774e+008 0.000691698 2.14057e-005
3.46916e+008 0.000698441 2.16873e-005
3.46037e+008 0.000704898 2.1969e-005
3.45136e+008 0.00071106 2.22506e-005
3.44213e+008 0.000716922 2.25323e-005
3.43264e+008 0.000722326 2.2814e-005
3.42265e+008 0.000726858 2.30956e-005
3.41171e+008 0.000730115 2.33773e-005
3.40049e+008 0.000732972 2.36589e-005
3.38899e+008 0.000735413 2.39406e-005
3.37812e+008 0.000738238 2.42222e-005
3.37095e+008 0.000744189 2.45039e-005
3.36357e+008 0.000749823 2.47855e-005
3.35599e+008 0.000755131 2.50672e-005
3.34863e+008 0.000760527 2.53488e-005
3.3446e+008 0.000768967 2.56305e-005
3.34042e+008 0.000777158 2.59121e-005
3.33607e+008 0.000785092 2.61938e-005
3.33156e+008 0.000792761 2.64755e-005
3.32805e+008 0.000801319 2.67571e-005
3.32605e+008 0.000811063 2.70388e-005
3.32392e+008 0.000820596 2.73204e-005
3.32167e+008 0.000829913 2.76021e-005
3.31928e+008 0.000839008 2.78837e-005
3.31676e+008 0.000847874 2.81654e-005
3.31658e+008 0.000859298 2.8447e-005
3.31649e+008 0.000871178 2.87287e-005
3.3163e+008 0.000883024 2.90103e-005
3.31599e+008 0.000894659 2.9292e-005
3.31557e+008 0.000906093 2.95736e-005
3.3151e+008 0.000917392 2.98553e-005
3.31539e+008 0.000929694 3.0137e-005
3.31691e+008 0.000943626 3.04186e-005
3.31838e+008 0.000957463 3.07003e-005
3.31981e+008 0.000971203 3.09819e-005
3.3212e+008 0.000984846 3.12636e-005
3.32254e+008 0.000998388 3.15452e-005
3.32386e+008 0.00101176 3.18269e-005
3.32519e+008 0.00102479 3.21085e-005
3.32648e+008 0.00103772 3.23902e-005
3.32771e+008 0.00105054 3.26718e-005
3.3289e+008 0.00106324 3.29535e-005
3.33004e+008 0.00107584 3.32351e-005
3.33126e+008 0.00108853 3.35168e-005
3.3329e+008 0.00110171 3.37984e-005
3.33436e+008 0.00111444 3.40801e-005
3.33577e+008 0.00112706 3.43618e-005
3.33712e+008 0.00113952 3.46434e-005
3.33843e+008 0.00115191 3.49251e-005
3.33973e+008 0.00116424 3.52067e-005
3.34099e+008 0.00117649 3.54884e-005
3.34223e+008 0.00118867 3.577e-005
3.34345e+008 0.00120077 3.60517e-005
3.34464e+008 0.0012128 3.63333e-005
3.3458e+008 0.00122476 3.6615e-005
3.34693e+008 0.00123664 3.68966e-005
3.34804e+008 0.00124845 3.71783e-005
3.34912e+008 0.00126017 3.74599e-005
3.35017e+008 0.00127182 3.77416e-005
3.3512e+008 0.00128338 3.80233e-005
3.35219e+008 0.00129486 3.83049e-005
3.35316e+008 0.00130626 3.85866e-005
3.35409e+008 0.00131757 3.88682e-005
3.355e+008 0.0013288 3.91499e-005
3.35631e+008 0.00134078 3.94315e-005
3.35769e+008 0.00135285 3.97132e-005
3.35904e+008 0.00136484 3.99948e-005
3.36036e+008 0.00137675 4.02765e-005
3.36166e+008 0.00138859 4.05581e-005
3.36293e+008 0.00140035 4.08398e-005
3.36417e+008 0.00141202 4.11214e-005
3.36538e+008 0.00142361 4.14031e-005
3.36654e+008 0.00143508 4.16848e-005
3.36769e+008 0.00144649 4.19664e-005
3.36882e+008 0.00145784 4.22481e-005
3.36994e+008 0.00146915 4.25297e-005
3.37104e+008 0.00148041 4.28114e-005
3.37213e+008 0.00149161 4.3093e-005
3.37321e+008 0.00150277 4.33747e-005
3.37427e+008 0.00151387 4.36563e-005
3.37531e+008 0.00152491 4.3938e-005
3.37634e+008 0.00153591 4.42196e-005
3.37735e+008 0.00154684 4.45013e-005
3.37835e+008 0.00155773 4.47829e-005
3.37933e+008 0.00156856 4.50646e-005
3.38025e+008 0.00157917 4.53463e-005
3.38105e+008 0.00158929 4.56279e-005
3.38183e+008 0.00159935 4.59096e-005
3.38259e+008 0.00160935 4.61912e-005
3.38334e+008 0.00161929 4.64729e-005
3.38406e+008 0.00162917 4.67545e-005
3.38487e+008 0.00163921 4.70362e-005
3.38597e+008 0.00164998 4.73178e-005
3.38706e+008 0.0016607 4.75995e-005
3.38813e+008 0.00167137 4.78811e-005
3.38918e+008 0.00168199 4.81628e-005
3.39022e+008 0.00169256 4.84444e-005
3.39124e+008 0.00170308 4.87261e-005
3.39225e+008 0.00171355 4.90078e-005
3.39324e+008 0.00172396 4.92894e-005
3.39421e+008 0.00173433 4.95711e-005
3.39517e+008 0.00174464 4.98527e-005
3.3961e+008 0.0017549 5.01344e-005
3.39702e+008 0.00176512 5.0416e-005
3.39792e+008 0.00177528 5.06977e-005
3.39881e+008 0.00178539 5.09793e-005
3.39967e+008 0.00179545 5.1261e-005
3.40051e+008 0.00180544 5.15426e-005
3.40132e+008 0.00181536 5.18243e-005
3.40212e+008 0.00182527 5.21059e-005
3.40291e+008 0.00183515 5.23876e-005
3.34622e+008 0.00180947 5.21059e-005
3.28954e+008 0.00178378 5.18243e-005
3.23289e+008 0.00175808 5.15426e-005
3.1763e+008 0.00173237 5.1261e-005
3.12207e+008 0.00170773 5.09793e-005
3.07334e+008 0.00168571 5.06977e-005
3.02782e+008 0.00166546 5.0416e-005
2.98318e+008 0.00164567 5.01344e-005
2.93875e+008 0.00162592 4.98527e-005
2.89481e+008 0.00160641 4.95711e-005
2.85103e+008 0.00158687 4.92894e-005
2.80745e+008 0.00156732 4.90078e-005
2.76424e+008 0.00154793 4.87261e-005
2.72125e+008 0.0015285 4.84444e-005
2.67847e+008 0.00150901 4.81628e-005
2.63592e+008 0.00148947 4.78811e-005
2.59363e+008 0.00146986 4.75995e-005
2.5516e+008 0.0014502 4.73178e-005
2.50985e+008 0.00143046 4.70362e-005
2.4684e+008 0.00141066 4.67545e-005
2.42725e+008 0.00139078 4.64729e-005
2.38642e+008 0.00137081 4.61912e-005
2.346e+008 0.00135065 4.59096e-005
2.30592e+008 0.0013304 4.56279e-005
2.2662e+008 0.00131007 4.53463e-005
2.22685e+008 0.00128964 4.50646e-005
2.18788e+008 0.00126912 4.47829e-005
2.1493e+008 0.0012485 4.45013e-005
2.11112e+008 0.00122778 4.42196e-005
2.07334e+008 0.00120697 4.3938e-005
2.03598e+008 0.00118605 4.36563e-005
1.99903e+008 0.00116503 4.33747e-005
1.96251e+008 0.0011439 4.3093e-005
1.92642e+008 0.00112268 4.28114e-005
1.89083e+008 0.00110148 4.25297e-005
1.85567e+008 0.00108017 4.22481e-005
1.82095e+008 0.00105876 4.19664e-005
1.78666e+008 0.00103723 4.16848e-005
1.75283e+008 0.00101553 4.14031e-005
1.71944e+008 0.000993676 4.11214e-005
1.68649e+008 0.000971707 4.08398e-005
1.65397e+008 0.000949645 4.05581e-005
1.62068e+008 0.000928894 4.02765e-005
1.58776e+008 0.000908096 3.99948e-005
1.55525e+008 0.000887197 3.97132e-005
1.52315e+008 0.0008662 3.94315e-005
1.49146e+008 0.000845104 3.91499e-005
1.46017e+008 0.000823911 3.88682e-005
1.42928e+008 0.000802622 3.85866e-005
1.39879e+008 0.000781237 3.83049e-005
1.3687e+008 0.000759757 3.80233e-005
1.33899e+008 0.000738184 3.77416e-005
1.30967e+008 0.000716518 3.74599e-005
1.27835e+008 0.000693557 3.71783e-005
1.24568e+008 0.000669578 3.68966e-005
1.21386e+008 0.000645676 3.6615e-005
1.18221e+008 0.000621426 3.63333e-005
1.15354e+008 0.000598496 3.60517e-005
1.12409e+008 0.000574705 3.577e-005
1.0969e+008 0.000551966 3.54884e-005
1.06928e+008 0.000528555 3.52067e-005
1.04429e+008 0.000506697 3.49251e-005
1.0202e+008 0.000485258 3.46434e-005
9.98358e+007 0.000465158 3.43618e-005
9.7652e+007 0.000444743 3.40801e-005
9.54921e+007 0.000424212 3.37984e-005
9.336e+007 0.00040361 3.35168e-005
9.13068e+007 0.00038338 3.32351e-005
8.9305e+007 0.0003631 3.29535e-005
8.73343e+007 0.000342681 3.26718e-005
8.53895e+007 0.000322188 3.23902e-005
8.34439e+007 0.000301328 3.21085e-005
8.15159e+007 0.000280313 3.18269e-005
7.96126e+007 0.000259232 3.15452e-005
7.77337e+007 0.000238085 3.12636e-005
7.57927e+007 0.000218406 3.09819e-005
7.37837e+007 0.000199422 3.07003e-005
7.17848e+007 0.000180344 3.04186e-005
6.98055e+007 0.000161219 3.0137e-005
6.78358e+007 0.00014209 2.98553e-005
6.5982e+007 0.000123783 2.95736e-005
6.41471e+007 0.00010544 2.9292e-005
6.22871e+007 8.67457e-005 2.90103e-005
6.04326e+007 6.78657e-005 2.87287e-005
5.85962e+007 4.8952e-005 2.8447e-005
5.67649e+007 2.99306e-005 2.81654e-005
5.49372e+007 1.07938e-005 2.78837e-005
5.31482e+007 -8.11376e-006 2.76021e-005
5.13838e+007 -2.69548e-005 2.73204e-005
4.96277e+007 -4.58773e-005 2.70388e-005
4.7873e+007 -6.49248e-005 2.67571e-005
4.6134e+007 -8.39991e-005 2.64755e-005
4.44104e+007 -0.000103099 2.61938e-005
4.2702e+007 -0.000122224 2.59121e-005
4.10085e+007 -0.000141372 2.56305e-005
3.93296e+007 -0.000160544 2.53488e-005
3.76724e+007 -0.000179817 2.50672e-005
3.60378e+007 -0.000199287 2.47855e-005
3.43338e+007 -0.000218109 2.45039e-005
3.24655e+007 -0.000235436 2.42222e-005
3.06107e+007 -0.000252781 2.39406e-005
2.87691e+007 -0.000270143 2.36589e-005
2.69406e+007 -0.000287522 2.33773e-005
2.51249e+007 -0.000304916 2.30956e-005
2.33218e+007 -0.000322325 2.2814e-005
2.15311e+007 -0.000339749 2.25323e-005
1.97527e+007 -0.000357187 2.22506e-005
1.80239e+007 -0.000374248 2.1969e-005
1.63544e+007 -0.000390827 2.16873e-005
1.46963e+007 -0.000407414 2.14057e-005
1.30476e+007 -0.000424028 2.1124e-005
1.14064e+007 -0.00044068 2.08424e-005
9.77625e+006 -0.00045734 2.05607e-005
8.15701e+006 -0.000474008 2.02791e-005
6.54852e+006 -0.000490682 1.99974e-005
4.51845e+006 -0.000506854 1.97158e-005
2.39933e+006 -0.000522822 1.94341e-005
382655 -0.000538283 1.91525e-005
-1.29084e+006 -0.000551889 1.88708e-005
-2.95347e+006 -0.000565496 1.85891e-005
-4.60535e+006 -0.000579104 1.83075e-005
-6.2466e+006 -0.000592712 1.80258e-005
-7.87733e+006 -0.000606321 1.77442e-005
-9.49765e+006 -0.000619929 1.74625e-005
-1.11077e+007 -0.000633538 1.71809e-005
-1.27075e+007 -0.000647146 1.68992e-005
-1.42972e+007 -0.000660754 1.66176e-005
-1.59422e+007 -0.000673854 1.63359e-005
-1.78424e+007 -0.000684999 1.60543e-005
-1.97346e+007 -0.000696147 1.57726e-005
-2.18384e+007 -0.00070853 1.5491e-005
-2.39106e+007 -0.000721085 1.52093e-005
-2.5864e+007 -0.000733036 1.49276e-005
-2.75248e+007 -0.000743386 1.4646e-005
-2.91749e+007 -0.000753732 1.43643e-005
-3.08145e+007 -0.000764073 1.40827e-005
-3.24436e+007 -0.00077441 1.3801e-005
-3.4233e+007 -0.000783712 1.35194e-005
-3.62205e+007 -0.000791742 1.32377e-005
-3.81975e+007 -0.00079976 1.29561e-005
-4.0217e+007 -0.000808046 1.26744e-005
-4.22772e+007 -0.000816592 1.23928e-005
-4.42426e+007 -0.000824589 1.21111e-005
-4.612e+007 -0.000832332 1.18295e-005
-4.79333e+007 -0.000839703 1.15478e-005
-5.00441e+007 -0.000845389 1.12661e-005
-5.22617e+007 -0.000850427 1.09845e-005
-5.46181e+007 -0.000856167 1.07028e-005
-5.70532e+007 -0.000862325 1.04212e-005
-5.94417e+007 -0.000868305 1.01395e-005
-6.14103e+007 -0.000872323 9.85788e-006
-6.36527e+007 -0.000874918 9.57623e-006
-6.60441e+007 -0.000876753 9.29457e-006
-6.84227e+007 -0.000878576 9.01292e-006
-7.07886e+007 -0.000880386 8.73127e-006
-7.32058e+007 -0.000882412 8.44961e-006
-7.59492e+007 -0.000883037 8.16796e-006
-7.8897e+007 -0.000882749 7.8863e-006
-8.18321e+007 -0.000882445 7.60465e-006
-8.47332e+007 -0.000882255 7.323e-006
-8.80222e+007 -0.000880615 7.04134e-006
-9.15343e+007 -0.000878109 6.75969e-006
-9.50324e+007 -0.000875592 6.47804e-006
-9.8812e+007 -0.00087214 6.19638e-006
-1.03002e+008 -0.000867371 5.91473e-006
-1.07422e+008 -0.000863465 5.63307e-006
-1.12574e+008 -0.000857958 5.35142e-006
-1.17389e+008 -0.000850467 5.06977e-006
-1.22425e+008 -0.000841432 4.78811e-006
-1.27674e+008 -0.000830669 4.50646e-006
-1.33421e+008 -0.000818549 4.22481e-006
-1.39725e+008 -0.000805018 3.94315e-006
-1.46261e+008 -0.000790614 3.6615e-006
-1.5277e+008 -0.000776229 3.37984e-006
-1.59256e+008 -0.000761847 3.09819e-006
-1.6569e+008 -0.000747576 2.81654e-006
-1.72085e+008 -0.000733363 2.53488e-006
-1.78409e+008 -0.000719305 2.25323e-006
-1.84762e+008 -0.00070583 1.97158e-006
-1.913e+008 -0.000693648 1.68992e-006
-1.97455e+008 -0.000680931 1.40827e-006
-2.02879e+008 -0.00066664 1.12661e-006
-2.082e+008 -0.000652289 8.44961e-007
-2.1346e+008 -0.000638008 5.63307e-007
-2.18648e+008 -0.000623729 2.81654e-007
-2.23569e+008 -0.000608933 2.0117e-021
-2.28439e+008 -0.000594242 -2.81654e-007
-2.33258e+008 -0.000579657 -5.63307e-007
-2.38024e+008 -0.000565182 -8.44961e-007
-2.42791e+008 -0.000550974 -1.12661e-006
-2.47727e+008 -0.000537526 -1.40827e-006
-2.52542e+008 -0.000523977 -1.68992e-006
-2.56641e+008 -0.000508422 -1.97158e-006
-2.60616e+008 -0.000492685 -2.25323e-006
-2.64421e+008 -0.00047667 -2.53488e-006
-2.68198e+008 -0.000460852 -2.81654e-006
-2.72111e+008 -0.000445805 -3.09819e-006
-2.76021e+008 -0.000431043 -3.37984e-006
-2.79312e+008 -0.000414133 -3.6615e-006
-2.82428e+008 -0.000396719 -3.94315e-006
-2.85473e+008 -0.000379318 -4.22481e-006
-2.88645e+008 -0.000362768 -4.50646e-006
-2.91818e+008 -0.000346524 -4.78811e-006
-2.94652e+008 -0.000329062 -5.06977e-006
-2.97144e+008 -0.00031026 -5.35142e-006
-2.99475e+008 -0.000290898 -5.63307e-006
-3.01581e+008 -0.000270572 -5.91473e-006
-3.03633e+008 -0.000250222 -6.19638e-006
-3.05655e+008 -0.000229972 -6.47804e-006
-3.07646e+008 -0.000209825 -6.75969e-006
-3.09604e+008 -0.000189663 -7.04134e-006
-3.11467e+008 -0.000169027 -7.323e-006
-3.13175e+008 -0.000147617 -7.60465e-006
-3.14864e+008 -0.000126326 -7.8863e-006
-3.16503e+008 -0.000104938 -8.16796e-006
-3.18115e+008 -8.36561e-005 -8.44961e-006
-3.19699e+008 -6.2482e-005 -8.73127e-006
-3.21259e+008 -4.14268e-005 -9.01292e-006
-3.22811e+008 -2.03779e-005 -9.29457e-006
-3.24241e+008 1.49453e-006 -9.57623e-006
-3.25602e+008 2.36864e-005 -9.85788e-006
-3.26939e+008 4.57651e-005 -1.01395e-005
-3.28252e+008 6.7728e-005 -1.04212e-005
-3.2954e+008 8.95726e-005 -1.07028e-005
-3.30804e+008 0.000111296 -1.09845e-005
-3.32076e+008 0.000132774 -1.12661e-005
-3.33341e+008 0.000154051 -1.15478e-005
-3.34558e+008 0.000175354 -1.18295e-005
-3.35715e+008 0.00019678 -1.21111e-005
-3.36838e+008 0.000218181 -1.23928e-005
-3.37867e+008 0.000240423 -1.26744e-005
-3.38823e+008 0.000263243 -1.29561e-005
-3.39757e+008 0.000285928 -1.32377e-005
-3.40691e+008 0.000308313 -1.35194e-005
-3.41633e+008 0.000330309 -1.3801e-005
-3.42549e+008 0.000352123 -1.40827e-005
-3.43231e+008 0.000372323 -1.43643e-005
-3.43892e+008 0.000392374 -1.4646e-005
-3.44532e+008 0.000412274 -1.49276e-005
-3.45023e+008 0.000431064 -1.52093e-005
-3.45409e+008 0.000449063 -1.5491e-005
-3.45776e+008 0.000466906 -1.57726e-005
-3.46123e+008 0.00048459 -1.60543e-005
-3.46251e+008 0.000500514 -1.63359e-005
-3.46347e+008 0.000516161 -1.66176e-005
-3.46425e+008 0.000531645 -1.68992e-005
-3.4648e+008 0.000546919 -1.71809e-005
-3.46304e+008 0.000560174 -1.74625e-005
-3.46105e+008 0.000572974 -1.77442e-005
-3.45888e+008 0.000585584 -1.80258e-005
-3.45652e+008 0.000598 -1.83075e-005
-3.45192e+008 0.000608216 -1.85891e-005
-3.44694e+008 0.000618037 -1.88708e-005
-3.44179e+008 0.000627648 -1.91525e-005
-3.43645e+008 0.000637043 -1.94341e-005
-3.43093e+008 0.000646218 -1.97158e-005
-3.42522e+008 0.000655164 -1.99974e-005
-3.41903e+008 0.000663561 -2.02791e-005
-3.41205e+008 0.000671062 -2.05607e-005
-3.40486e+008 0.000678311 -2.08424e-005
-3.39748e+008 0.0006853 -2.1124e-005
-3.38988e+008 0.000692021 -2.14057e-005
-3.38207e+008 0.000698463 -2.16873e-005
-3.37404e+008 0.000704619 -2.1969e-005
-3.36578e+008 0.000710478 -2.22506e-005
-3.35729e+008 0.000716029 -2.25323e-005
-3.34856e+008 0.000721263 -2.2814e-005
-3.3394e+008 0.000725924 -2.30956e-005
-3.3293e+008 0.000729383 -2.33773e-005
-3.31894e+008 0.000732474 -2.36589e-005
-3.3083e+008 0.00073518 -2.39406e-005
-3.29828e+008 0.000738287 -2.42222e-005
-3.29183e+008 0.00074407 -2.45039e-005
-3.28513e+008 0.000749408 -2.47855e-005
-3.27821e+008 0.000754404 -2.50672e-005
-3.2716e+008 0.000759571 -2.53488e-005
-3.26825e+008 0.000767831 -2.56305e-005
-3.26474e+008 0.000775833 -2.59121e-005
-3.26105e+008 0.000783569 -2.61938e-005
-3.25718e+008 0.000791029 -2.64755e-005
-3.25442e+008 0.000799505 -2.67571e-005
-3.25306e+008 0.000809129 -2.70388e-005
-3.25157e+008 0.000818537 -2.73204e-005
-3.24993e+008 0.000827722 -2.76021e-005
-3.24816e+008 0.000836676 -2.78837e-005
-3.24623e+008 0.000845393 -2.81654e-005
-3.24683e+008 0.000856975 -2.8447e-005
-3.24738e+008 0.000868458 -2.87287e-005
-3.24783e+008 0.000879764 -2.90103e-005
-3.24814e+008 0.000890861 -2.9292e-005
-3.24834e+008 0.000901777 -2.95736e-005
-3.24846e+008 0.000912563 -2.98553e-005
-3.24969e+008 0.000924702 -3.0137e-005
-3.25186e+008 0.000938 -3.04186e-005
-3.25397e+008 0.000951206 -3.07003e-005
-3.25603e+008 0.000964318 -3.09819e-005
-3.25804e+008 0.000977334 -3.12636e-005
-3.25999e+008 0.000990252 -3.15452e-005
-3.26188e+008 0.00100307 -3.18269e-005
-3.26372e+008 0.00101579 -3.21085e-005
-3.26551e+008 0.0010284 -3.23902e-005
-3.26723e+008 0.00104091 -3.26718e-005
-3.2689e+008 0.00105332 -3.29535e-005
-3.27052e+008 0.00106561 -3.32351e-005
-3.27244e+008 0.00107833 -3.35168e-005
-3.27441e+008 0.00109085 -3.37984e-005
-3.27633e+008 0.00110328 -3.40801e-005
-3.27818e+008 0.00111557 -3.43618e-005
-3.27997e+008 0.00112775 -3.46434e-005
-3.28173e+008 0.00113987 -3.49251e-005
-3.28346e+008 0.00115191 -3.52067e-005
-3.28516e+008 0.00116389 -3.54884e-005
-3.28682e+008 0.0011758 -3.577e-005
-3.28845e+008 0.00118764 -3.60517e-005
-3.29005e+008 0.00119941 -3.63333e-005
-3.29161e+008 0.0012111 -3.6615e-005
-3.29315e+008 0.00122273 -3.68966e-005
-3.29464e+008 0.00123427 -3.71783e-005
-3.29611e+008 0.00124574 -3.74599e-005
-3.29754e+008 0.00125713 -3.77416e-005
-3.29893e+008 0.00126845 -3.80233e-005
-3.3003e+008 0.00127968 -3.83049e-005
-3.30162e+008 0.00129083 -3.85866e-005
-3.30291e+008 0.0013019 -3.88682e-005
-3.30439e+008 0.0013133 -3.91499e-005
-3.30615e+008 0.00132518 -3.94315e-005
-3.30787e+008 0.00133699 -3.97132e-005
-3.30957e+008 0.00134873 -3.99948e-005
-3.31123e+008 0.00136039 -4.02765e-005
-3.31286e+008 0.00137198 -4.05581e-005
-3.31445e+008 0.00138349 -4.08398e-005
-3.31601e+008 0.00139491 -4.11214e-005
-3.31753e+008 0.00140623 -4.14031e-005
-3.31901e+008 0.00141748 -4.16848e-005
-3.32048e+008 0.00142867 -4.19664e-005
-3.32193e+008 0.00143982 -4.22481e-005
-3.32336e+008 0.00145092 -4.25297e-005
-3.32477e+008 0.00146198 -4.28114e-005
-3.32616e+008 0.00147298 -4.3093e-005
-3.32753e+008 0.00148393 -4.33747e-005
-3.32888e+008 0.00149484 -4.36563e-005
-3.33021e+008 0.00150569 -4.3938e-005
-3.33153e+008 0.00151649 -4.42196e-005
-3.33282e+008 0.00152724 -4.45013e-005
-3.3341e+008 0.00153794 -4.47829e-005
-3.33525e+008 0.00154819 -4.50646e-005
-3.33633e+008 0.0015582 -4.53463e-005
-3.33739e+008 0.00156816 -4.56279e-005
-3.33842e+008 0.00157806 -4.59096e-005
-3.33944e+008 0.00158791 -4.61912e-005
-3.34044e+008 0.0015977 -4.64729e-005
-3.34147e+008 0.00160755 -4.67545e-005
-3.34284e+008 0.00161821 -4.70362e-005
-3.34419e+008 0.00162881 -4.73178e-005
-3.34552e+008 0.00163937 -4.75995e-005
-3.34683e+008 0.00164989 -4.78811e-005
-3.29018e+008 0.0016242 -4.75995e-005
-3.23356e+008 0.0015985 -4.73178e-005
-3.17701e+008 0.00157279 -4.70362e-005
-3.12056e+008 0.00154706 -4.67545e-005
-3.06635e+008 0.00152231 -4.64729e-005
-3.01762e+008 0.00150012 -4.61912e-005
-2.97218e+008 0.00147971 -4.59096e-005
-2.92772e+008 0.00145977 -4.56279e-005
-2.88352e+008 0.00143984 -4.53463e-005
-2.83991e+008 0.00142018 -4.50646e-005
-2.79651e+008 0.00140048 -4.47829e-005
-2.75335e+008 0.00138072 -4.45013e-005
-2.71064e+008 0.00136113 -4.42196e-005
-2.66822e+008 0.00134149 -4.3938e-005
-2.62607e+008 0.00132179 -4.36563e-005
-2.58423e+008 0.00130202 -4.33747e-005
-2.5427e+008 0.00128219 -4.3093e-005
-2.5015e+008 0.00126228 -4.28114e-005
-2.46063e+008 0.00124229 -4.25297e-005
-2.42012e+008 0.00122223 -4.22481e-005
-2.37997e+008 0.00120208 -4.19664e-005
-2.3402e+008 0.00118185 -4.16848e-005
-2.30081e+008 0.00116154 -4.14031e-005
-2.26181e+008 0.00114113 -4.11214e-005
-2.22321e+008 0.00112064 -4.08398e-005
-2.18502e+008 0.00110006 -4.05581e-005
-2.14725e+008 0.00107939 -4.02765e-005
-2.10989e+008 0.00105862 -3.99948e-005
-2.07296e+008 0.00103776 -3.97132e-005
-2.03645e+008 0.00101681 -3.94315e-005
-2.00038e+008 0.000995759 -3.91499e-005
-1.96475e+008 0.000974612 -3.88682e-005
-1.92955e+008 0.000953369 -3.85866e-005
-1.89478e+008 0.00093202 -3.83049e-005
-1.86047e+008 0.000910513 -3.80233e-005
-1.82659e+008 0.000888903 -3.77416e-005
-1.79315e+008 0.000867191 -3.74599e-005
-1.76015e+008 0.000845375 -3.71783e-005
-1.72762e+008 0.000823414 -3.68966e-005
-1.69489e+008 0.00080202 -3.6615e-005
-1.66202e+008 0.000781177 -3.63333e-005
-1.62956e+008 0.000760244 -3.60517e-005
-1.59751e+008 0.000739222 -3.577e-005
-1.56586e+008 0.000718112 -3.54884e-005
-1.53462e+008 0.000696913 -3.52067e-005
-1.50377e+008 0.000675628 -3.49251e-005
-1.47331e+008 0.000654257 -3.46434e-005
-1.44324e+008 0.000632801 -3.43618e-005
-1.41355e+008 0.000611262 -3.40801e-005
-1.38443e+008 0.000589798 -3.37984e-005
-1.35588e+008 0.000568396 -3.35168e-005
-1.32784e+008 0.000546989 -3.32351e-005
-1.30036e+008 0.000525623 -3.29535e-005
-1.27331e+008 0.000504227 -3.26718e-005
-1.24671e+008 0.000482826 -3.23902e-005
-1.22052e+008 0.000461407 -3.21085e-005
-1.19475e+008 0.000439974 -3.18269e-005
-1.16931e+008 0.000418469 -3.15452e-005
-1.14418e+008 0.000396893 -3.12636e-005
-1.11941e+008 0.000375286 -3.09819e-005
-1.09496e+008 0.000353617 -3.07003e-005
-1.0708e+008 0.000331882 -3.04186e-005
-1.04786e+008 0.00031086 -3.0137e-005
-1.02577e+008 0.000290264 -2.98553e-005
-1.00396e+008 0.000269609 -2.95736e-005
-9.8241e+007 0.000248894 -2.9292e-005
-9.61159e+007 0.000228163 -2.90103e-005
-9.40168e+007 0.000207379 -2.87287e-005
-9.19428e+007 0.000186541 -2.8447e-005
-8.98932e+007 0.00016565 -2.81654e-005
-8.78678e+007 0.000144707 -2.78837e-005
-8.57584e+007 0.000124795 -2.76021e-005
-8.35894e+007 0.000105632 -2.73204e-005
-8.14417e+007 8.64364e-005 -2.70388e-005
-7.9315e+007 6.72074e-005 -2.67571e-005
-7.72087e+007 4.79464e-005 -2.64755e-005
-7.51225e+007 2.86546e-005 -2.61938e-005
-7.30592e+007 9.36844e-006 -2.59121e-005
-7.10151e+007 -9.94631e-006 -2.56305e-005
-6.89898e+007 -2.9289e-005 -2.53488e-005
-6.70129e+007 -4.83977e-005 -2.50672e-005
-6.51404e+007 -6.67719e-005 -2.47855e-005
-6.32852e+007 -8.51693e-005 -2.45039e-005
-6.14469e+007 -0.000103589 -2.42222e-005
-5.96253e+007 -0.00012203 -2.39406e-005
-5.78199e+007 -0.000140492 -2.36589e-005
-5.60304e+007 -0.000158974 -2.33773e-005
-5.426e+007 -0.000177527 -2.30956e-005
-5.25196e+007 -0.000196317 -2.2814e-005
-5.07945e+007 -0.000215131 -2.25323e-005
-4.90846e+007 -0.000233969 -2.22506e-005
-4.73895e+007 -0.000252829 -2.1969e-005
-4.5709e+007 -0.00027171 -2.16873e-005
-4.39718e+007 -0.00029 -2.14057e-005
-4.20791e+007 -0.000306843 -2.1124e-005
-4.01996e+007 -0.000323697 -2.08424e-005
-3.8333e+007 -0.000340561 -2.05607e-005
-3.64792e+007 -0.000357435 -2.02791e-005
-3.46378e+007 -0.000374318 -1.99974e-005
-3.28087e+007 -0.00039121 -1.97158e-005
-3.09916e+007 -0.000408111 -1.94341e-005
-2.91864e+007 -0.00042502 -1.91525e-005
-2.73927e+007 -0.000441937 -1.88708e-005
-2.56105e+007 -0.000458861 -1.85891e-005
-2.38394e+007 -0.000475791 -1.83075e-005
-2.20794e+007 -0.000492729 -1.80258e-005
-2.03302e+007 -0.000509672 -1.77442e-005
-1.86337e+007 -0.000526198 -1.74625e-005
-1.6994e+007 -0.000542265 -1.71809e-005
-1.53341e+007 -0.0005581 -1.68992e-005
-1.35638e+007 -0.000571774 -1.66176e-005
-1.18218e+007 -0.000584973 -1.63359e-005
-1.00896e+007 -0.000598167 -1.60543e-005
-8.36709e+006 -0.000611355 -1.57726e-005
-6.65408e+006 -0.000624537 -1.5491e-005
-4.95045e+006 -0.000637713 -1.52093e-005
-3.25605e+006 -0.000650883 -1.49276e-005
-1.57075e+006 -0.000664046 -1.4646e-005
105581 -0.000677202 -1.43643e-005
1.77309e+006 -0.000690352 -1.40827e-005
3.43189e+006 -0.000703495 -1.3801e-005
5.08134e+006 -0.000716643 -1.35194e-005
6.73647e+006 -0.000729822 -1.32377e-005
8.49798e+006 -0.00074223 -1.29561e-005
1.03497e+007 -0.000753041 -1.26744e-005
1.21328e+007 -0.000763521 -1.23928e-005
1.39073e+007 -0.000773991 -1.21111e-005
1.56733e+007 -0.000784452 -1.18295e-005
1.74311e+007 -0.000794902 -1.15478e-005
1.91806e+007 -0.000805343 -1.12661e-005
2.0922e+007 -0.000815774 -1.09845e-005
2.26391e+007 -0.000826023 -1.07028e-005
2.43465e+007 -0.000836245 -1.04212e-005
2.60881e+007 -0.000846211 -1.01395e-005
2.78449e+007 -0.00085603 -9.85788e-006
2.97938e+007 -0.000864661 -9.57623e-006
3.18223e+007 -0.000872764 -9.29457e-006
3.3843e+007 -0.000880853 -9.01292e-006
3.58559e+007 -0.000888929 -8.73127e-006
3.77663e+007 -0.000896362 -8.44961e-006
3.96314e+007 -0.000903531 -8.16796e-006
4.14283e+007 -0.00091035 -7.8863e-006
4.31355e+007 -0.000916713 -7.60465e-006
4.48483e+007 -0.000922988 -7.323e-006
4.66021e+007 -0.000928977 -7.04134e-006
4.8348e+007 -0.000934949 -6.75969e-006
5.00738e+007 -0.000940827 -6.47804e-006
5.20737e+007 -0.000945114 -6.19638e-006
5.40788e+007 -0.000949311 -5.91473e-006
5.60762e+007 -0.000953491 -5.63307e-006
5.80659e+007 -0.000957655 -5.35142e-006
6.00481e+007 -0.000961803 -5.06977e-006
6.20228e+007 -0.000965935 -4.78811e-006
6.39902e+007 -0.000970052 -4.50646e-006
6.59503e+007 -0.000974154 -4.22481e-006
6.79034e+007 -0.000978241 -3.94315e-006
6.98478e+007 -0.000982346 -3.6615e-006
7.17803e+007 -0.000986547 -3.37984e-006
7.3706e+007 -0.000990734 -3.09819e-006
7.5625e+007 -0.000994908 -2.81654e-006
7.75374e+007 -0.000999069 -2.53488e-006
7.93536e+007 -0.00100271 -2.25323e-006
8.11166e+007 -0.00100608 -1.97158e-006
8.28732e+007 -0.00100943 -1.68992e-006
8.47158e+007 -0.00101229 -1.40827e-006
8.67845e+007 -0.00101394 -1.12661e-006
8.88909e+007 -0.00101535 -8.44961e-007
9.09583e+007 -0.00101657 -5.63307e-007
9.28987e+007 -0.00101709 -2.81654e-007
9.48322e+007 -0.00101759 -2.0117e-021
9.67591e+007 -0.00101807 2.81654e-007
9.86794e+007 -0.00101855 5.63307e-007
1.00593e+008 -0.001019 8.44961e-007
1.02483e+008 -0.00101932 1.12661e-006
1.04354e+008 -0.00101954 1.40827e-006
1.06219e+008 -0.00101974 1.68992e-006
1.08077e+008 -0.00101993 1.97158e-006
1.0993e+008 -0.00102011 2.25323e-006
1.11776e+008 -0.00102027 2.53488e-006
1.13617e+008 -0.00102042 2.81654e-006
1.15404e+008 -0.00102028 3.09819e-006
1.17094e+008 -0.00101961 3.37984e-006
1.18777e+008 -0.00101892 3.6615e-006
1.20432e+008 -0.00101809 3.94315e-006
1.22079e+008 -0.00101729 4.22481e-006
1.23821e+008 -0.00101605 4.50646e-006
1.25766e+008 -0.00101371 4.78811e-006
1.27706e+008 -0.00101135 5.06977e-006
1.29639e+008 -0.00100897 5.35142e-006
1.31568e+008 -0.00100659 5.63307e-006
1.33491e+008 -0.00100419 5.91473e-006
1.35385e+008 -0.00100165 6.19638e-006
1.3716e+008 -0.000998389 6.47804e-006
1.38906e+008 -0.000994948 6.75969e-006
1.40642e+008 -0.000991466 7.04134e-006
1.42374e+008 -0.000987971 7.323e-006
1.44101e+008 -0.000984465 7.60465e-006
1.45822e+008 -0.000980947 7.8863e-006
1.47417e+008 -0.000976679 8.16796e-006
1.48992e+008 -0.000972309 8.44961e-006
1.50563e+008 -0.000967928 8.73127e-006
1.52101e+008 -0.000963368 9.01292e-006
1.53633e+008 -0.000958807 9.29457e-006
1.5515e+008 -0.000954448 9.57623e-006
1.56663e+008 -0.000950079 9.85788e-006
1.5822e+008 -0.000945442 1.01395e-005
1.60003e+008 -0.000939213 1.04212e-005
1.61685e+008 -0.000932325 1.07028e-005
1.63361e+008 -0.000925425 1.09845e-005
1.65033e+008 -0.000918515 1.12661e-005
1.66651e+008 -0.00091127 1.15478e-005
1.68164e+008 -0.000903318 1.18295e-005
1.69666e+008 -0.000895107 1.21111e-005
1.71157e+008 -0.000886801 1.23928e-005
1.72643e+008 -0.000878483 1.26744e-005
1.74124e+008 -0.000870154 1.29561e-005
1.75601e+008 -0.000861814 1.32377e-005
1.77073e+008 -0.000853464 1.35194e-005
1.78528e+008 -0.000845393 1.3801e-005
1.79977e+008 -0.000837339 1.40827e-005
1.81422e+008 -0.000829276 1.43643e-005
1.82786e+008 -0.000820549 1.4646e-005
1.8413e+008 -0.000811607 1.49276e-005
1.85735e+008 -0.000800903 1.52093e-005
1.8723e+008 -0.000789427 1.5491e-005
1.88697e+008 -0.000777765 1.57726e-005
1.90159e+008 -0.000766093 1.60543e-005
1.91617e+008 -0.000754411 1.63359e-005
1.93071e+008 -0.000742719 1.66176e-005
1.94501e+008 -0.00073084 1.68992e-005
1.95923e+008 -0.000718921 1.71809e-005
1.97342e+008 -0.000706994 1.74625e-005
1.98757e+008 -0.000695057 1.77442e-005
2.00168e+008 -0.000683111 1.80258e-005
2.01575e+008 -0.000671156 1.83075e-005
2.02979e+008 -0.000659193 1.85891e-005
2.04379e+008 -0.000647222 1.88708e-005
2.05894e+008 -0.000633609 1.91525e-005
2.07465e+008 -0.000619516 1.94341e-005
2.08929e+008 -0.000604583 1.97158e-005
2.10357e+008 -0.000589385 1.99974e-005
2.11782e+008 -0.000574178 2.02791e-005
2.13203e+008 -0.000558962 2.05607e-005
2.14621e+008 -0.000543737 2.08424e-005
2.16035e+008 -0.000528504 2.1124e-005
2.17446e+008 -0.000513262 2.14057e-005
2.18853e+008 -0.000498012 2.16873e-005
2.20257e+008 -0.000482755 2.1969e-005
2.21651e+008 -0.000467416 2.22506e-005
2.23027e+008 -0.000451925 2.25323e-005
2.24401e+008 -0.000436427 2.2814e-005
2.25771e+008 -0.000420921 2.30956e-005
2.27139e+008 -0.000405408 2.33773e-005
2.28503e+008 -0.000389888 2.36589e-005
2.29865e+008 -0.000374361 2.39406e-005
2.31223e+008 -0.000358827 2.42222e-005
2.32506e+008 -0.000342556 2.45039e-005
2.33759e+008 -0.000326022 2.47855e-005
2.34925e+008 -0.000308666 2.50672e-005
2.36081e+008 -0.000291233 2.53488e-005
2.37235e+008 -0.000273793 2.56305e-005
2.38386e+008 -0.000256346 2.59121e-005
2.39534e+008 -0.000238891 2.61938e-005
2.40679e+008 -0.000221429 2.64755e-005
2.41829e+008 -0.000203891 2.67571e-005
2.42976e+008 -0.000186328 2.70388e-005
2.44122e+008 -0.000168759 2.73204e-005
2.45265e+008 -0.000151184 2.76021e-005
2.46406e+008 -0.000133602 2.78837e-005
2.47544e+008 -0.000116014 2.81654e-005
2.4868e+008 -9.84202e-005 2.8447e-005
2.49812e+008 -8.0799e-005 2.87287e-005
2.50928e+008 -6.29912e-005 2.90103e-005
2.52041e+008 -4.51777e-005 2.9292e-005
2.53152e+008 -2.73585e-005 2.95736e-005
2.54261e+008 -9.53368e-006 2.98553e-005
2.55373e+008 8.35046e-006 3.0137e-005
2.56488e+008 2.62822e-005 3.04186e-005
2.57601e+008 4.42192e-005 3.07003e-005
2.58712e+008 6.21613e-005 3.09819e-005
2.59811e+008 8.02416e-005 3.12636e-005
2.60853e+008 9.89886e-005 3.15452e-005
2.61886e+008 0.000117834 3.18269e-005
2.62849e+008 0.000137526 3.21085e-005
2.63805e+008 0.000157385 3.23902e-005
2.64766e+008 0.00017731 3.26718e-005
2.65724e+008 0.000197241 3.29535e-005
2.66681e+008 0.000217177 3.32351e-005
2.67637e+008 0.000237119 3.35168e-005
2.68618e+008 0.000257296 3.37984e-005
2.69604e+008 0.000277524 3.40801e-005
2.706e+008 0.000297851 3.43618e-005
2.71619e+008 0.000318349 3.46434e-005
2.72646e+008 0.000338907 3.49251e-005
2.73702e+008 0.000359672 3.52067e-005
2.74772e+008 0.000380536 3.54884e-005
2.75869e+008 0.000401571 3.577e-005
2.76998e+008 0.000422804 3.60517e-005
2.78139e+008 0.000444109 3.63333e-005
2.79278e+008 0.000465418 3.6615e-005
2.80415e+008 0.000486737 3.68966e-005
2.81536e+008 0.000508248 3.71783e-005
2.82656e+008 0.000529763 3.74599e-005
2.83774e+008 0.000551281 3.77416e-005
2.8489e+008 0.000572803 3.80233e-005
2.86006e+008 0.000594329 3.83049e-005
2.87118e+008 0.000615744 3.85866e-005
2.88225e+008 0.000636955 3.88682e-005
2.89331e+008 0.000658169 3.91499e-005
2.90435e+008 0.000679387 3.94315e-005
2.91538e+008 0.000700608 3.97132e-005
2.9264e+008 0.000721832 3.99948e-005
2.93741e+008 0.00074306 4.02765e-005
2.9479e+008 0.000765029 4.05581e-005
2.95833e+008 0.000787072 4.08398e-005
2.96874e+008 0.000809119 4.11214e-005
2.97866e+008 0.000831884 4.14031e-005
2.98837e+008 0.000854928 4.16848e-005
2.99801e+008 0.000878051 4.19664e-005
3.00765e+008 0.000901178 4.22481e-005
3.01728e+008 0.000924308 4.25297e-005
3.02689e+008 0.000947442 4.28114e-005
3.03649e+008 0.000970579 4.3093e-005
3.04608e+008 0.00099372 4.33747e-005
3.05566e+008 0.00101686 4.36563e-005
3.06523e+008 0.00104001 4.3938e-005
3.07479e+008 0.00106316 4.42196e-005
3.08434e+008 0.00108632 4.45013e-005
3.09388e+008 0.00110947 4.47829e-005
3.10341e+008 0.00113263 4.50646e-005
3.11293e+008 0.0011558 4.53463e-005
3.12243e+008 0.00117897 4.56279e-005
3.13193e+008 0.00120214 4.59096e-005
3.14142e+008 0.00122531 4.61912e-005
3.1509e+008 0.00124849 4.64729e-005
3.16037e+008 0.00127167 4.67545e-005
3.16983e+008 0.00129486 4.70362e-005
3.17928e+008 0.00131805 4.73178e-005
3.18872e+008 0.00134124 4.75995e-005
3.19802e+008 0.00136427 4.78811e-005
3.20712e+008 0.00138682 4.81628e-005
3.21622e+008 0.00140937 4.84444e-005
3.2253e+008 0.00143193 4.87261e-005
3.23437e+008 0.0014545 4.90078e-005
3.24343e+008 0.00147708 4.92894e-005
3.25248e+008 0.00149966 4.95711e-005
3.26106e+008 0.00152112 4.98527e-005
3.2695e+008 0.00154227 5.01344e-005
3.27766e+008 0.00156294 5.0416e-005
3.2848e+008 0.00158176 5.06977e-005
3.28982e+008 0.00159744 5.09793e-005
