68.1129 -9.29867 0 1276.94 0 -8087.12 0 9.29867 0 -1276.94 0 6301.77 0 -58.8142 0 2141.46 0 -26543.9 0 58.8142 0 -2141.46 0 15251.6 0
136.226 -22.4317 0 1045.69 0 -23126.3 0 22.4317 0 -1045.69 0 18819.4 0 -113.794 0 2372.71 0 -68040.3 0 113.794 0 -2372.71 0 46191.8 0
204.339 -35.5647 0 814.443 0 -38165.4 0 35.5647 0 -814.443 0 31337 0 -168.774 0 2603.96 0 -109537 0 168.774 0 -2603.96 0 77132 0
272.452 -48.6978 0 583.193 0 -53204.5 0 48.6978 0 -583.193 0 43854.6 0 -223.754 0 2835.21 0 -151033 0 223.754 0 -2835.21 0 108072 0
340.564 -61.8308 0 351.943 0 -68243.7 0 61.8308 0 -351.943 0 56372.2 0 -278.734 0 3066.46 0 -192529 0 278.734 0 -3066.46 0 139012 0
408.677 -74.9638 0 120.693 0 -83282.8 0 74.9638 0 -120.693 0 68889.8 0 -333.714 0 3297.71 0 -234026 0 333.714 0 -3297.71 0 169953 0
476.79 -88.0968 0 -110.557 0 -98322 0 88.0968 0 110.557 0 81407.4 0 -388.693 0 3528.96 0 -275522 0 388.693 0 -3528.96 0 200893 0
544.903 -101.23 0 -341.807 0 -113361 0 101.23 0 341.807 0 93925 0 -443.673 0 3760.21 0 -317018 0 443.673 0 -3760.21 0 231833 0
613.016 -114.363 0 -573.056 0 -128400 0 114.363 0 573.056 0 106443 0 -498.653 0 3991.46 0 -358515 0 498.653 0 -3991.46 0 262773 0
681.129 -127.496 0 -804.306 0 -143439 0 127.496 0 804.306 0 118960 0 -553.633 0 4222.71 0 -400011 0 553.633 0 -4222.71 0 293714 0
749.242 -140.629 0 -1035.56 0 -158479 0 140.629 0 1035.56 0 131478 0 -608.613 0 4453.96 0 -441507 0 608.613 0 -4453.96 0 324654 0
817.355 -153.762 0 -1266.81 0 -173518 0 153.762 0 1266.81 0 143995 0 -663.593 0 4685.21 0 -483004 0 663.593 0 -4685.21 0 355594 0
885.468 -166.895 0 -1498.06 0 -188557 0 166.895 0 1498.06 0 156513 0 -718.573 0 4916.46 0 -524500 0 718.573 0 -4916.46 0 386534 0
953.58 -180.028 0 -1729.31 0 -203596 0 180.028 0 1729.31 0 169031 0 -773.552 0 5147.71 0 -565996 0 773.552 0 -5147.71 0 417474 0
1021.69 -193.161 0 -1960.56 0 -218635 0 193.161 0 1960.56 0 181548 0 -828.532 0 5378.96 0 -607493 0 828.532 0 -5378.96 0 448415 0
1089.81 -206.294 0 -2191.81 0 -233674 0 206.294 0 2191.81 0 194066 0 -883.512 0 5610.21 0 -648989 0 883.512 0 -5610.21 0 479355 0
1157.92 -219.427 0 -2423.06 0 -248713 0 219.427 0 2423.06 0 206583 0 -938.492 0 5841.46 0 -690485 0 938.492 0 -5841.46 0 510295 0
