68.1129 36.7254 0 -10.6159 0 0 0 -36.7254 -0 10.6159 0 0 0 20.5039 0 -5.92691 0 0 0 -20.5039 -0 5.92691 0 0 0
136.226 53.2606 0 -15.3956 0 0 0 -53.2606 -0 15.3956 0 0 0 33.0406 0 -9.5508 0 0 0 -33.0406 -0 9.5508 0 0 0
204.339 69.7959 0 -20.1754 0 0 0 -69.7959 -0 20.1754 0 0 0 45.5773 0 -13.1747 0 0 0 -45.5773 -0 13.1747 0 0 0
272.452 86.3311 0 -24.9551 0 0 0 -86.3311 -0 24.9551 0 0 0 58.114 0 -16.7986 0 0 0 -58.114 -0 16.7986 0 0 0
340.564 102.866 0 -29.7348 0 0 0 -102.866 -0 29.7348 0 0 0 70.6508 0 -20.4225 0 0 0 -70.6508 -0 20.4225 0 0 0
408.677 119.402 0 -34.5145 0 0 0 -119.402 -0 34.5145 0 0 0 83.1875 0 -24.0464 0 0 0 -83.1875 -0 24.0464 0 0 0
476.79 135.937 0 -39.2942 0 0 0 -135.937 -0 39.2942 0 0 0 95.7242 0 -27.6703 0 0 0 -95.7242 -0 27.6703 0 0 0
544.903 152.472 0 -44.074 0 0 0 -152.472 -0 44.074 0 0 0 108.261 0 -31.2942 0 0 0 -108.261 -0 31.2942 0 0 0
613.016 169.007 0 -48.8537 0 0 0 -169.007 -0 48.8537 0 0 0 120.798 0 -34.9181 0 0 0 -120.798 -0 34.9181 0 0 0
681.129 185.543 0 -53.6334 0 0 0 -185.543 -0 53.6334 0 0 0 133.334 0 -38.5419 0 0 0 -133.334 -0 38.5419 0 0 0
749.242 202.078 0 -58.4131 0 0 0 -202.078 -0 58.4131 0 0 0 145.871 0 -42.1658 0 0 0 -145.871 -0 42.1658 0 0 0
817.355 218.613 0 -63.1929 0 0 0 -218.613 -0 63.1929 0 0 0 158.408 0 -45.7897 0 0 0 -158.408 -0 45.7897 0 0 0
885.468 235.148 0 -67.9726 0 0 0 -235.148 -0 67.9726 0 0 0 170.944 0 -49.4136 0 0 0 -170.944 -0 49.4136 0 0 0
953.58 251.684 0 -72.7523 0 0 0 -251.684 -0 72.7523 0 0 0 183.481 0 -53.0375 0 0 0 -183.481 -0 53.0375 0 0 0
1021.69 268.219 0 -77.532 0 0 0 -268.219 -0 77.532 0 0 0 196.018 0 -56.6614 0 0 0 -196.018 -0 56.6614 0 0 0
1089.81 284.754 0 -82.3117 0 0 0 -284.754 -0 82.3117 0 0 0 208.555 0 -60.2853 0 0 0 -208.555 -0 60.2853 0 0 0
1157.92 301.289 0 -87.0915 0 0 0 -301.289 -0 87.0915 0 0 0 221.091 0 -63.9092 0 0 0 -221.091 -0 63.9092 0 0 0
