68.1129 43.4106 -0 12.5484 0 0 0 -43.4106 0 -12.5484 0 0 0 14.7444 -0 4.26204 0 0 0 -14.7444 0 -4.26204 0 0 0
136.226 64.1374 -0 18.5397 0 0 0 -64.1374 0 -18.5397 0 0 0 23.7723 -0 6.87167 0 0 0 -23.7723 0 -6.87167 0 0 0
204.339 84.8643 -0 24.5311 0 0 0 -84.8643 0 -24.5311 0 0 0 32.8001 -0 9.48129 0 0 0 -32.8001 0 -9.48129 0 0 0
272.452 105.591 -0 30.5224 0 0 0 -105.591 0 -30.5224 0 0 0 41.828 -0 12.0909 0 0 0 -41.828 0 -12.0909 0 0 0
340.564 126.318 -0 36.5138 0 0 0 -126.318 0 -36.5138 0 0 0 50.8559 -0 14.7005 0 0 0 -50.8559 0 -14.7005 0 0 0
408.677 147.045 -0 42.5051 0 0 0 -147.045 0 -42.5051 0 0 0 59.8838 -0 17.3102 0 0 0 -59.8838 0 -17.3102 0 0 0
476.79 167.772 -0 48.4965 0 0 0 -167.772 0 -48.4965 0 0 0 68.9117 -0 19.9198 0 0 0 -68.9117 0 -19.9198 0 0 0
544.903 188.499 -0 54.4878 0 0 0 -188.499 0 -54.4878 0 0 0 77.9396 -0 22.5294 0 0 0 -77.9396 0 -22.5294 0 0 0
613.016 209.225 -0 60.4792 0 0 0 -209.225 0 -60.4792 0 0 0 86.9675 -0 25.139 0 0 0 -86.9675 0 -25.139 0 0 0
681.129 229.952 -0 66.4706 0 0 0 -229.952 0 -66.4706 0 0 0 95.9954 -0 27.7487 0 0 0 -95.9954 0 -27.7487 0 0 0
749.242 250.679 -0 72.4619 0 0 0 -250.679 0 -72.4619 0 0 0 105.023 -0 30.3583 0 0 0 -105.023 0 -30.3583 0 0 0
817.355 271.406 -0 78.4533 0 0 0 -271.406 0 -78.4533 0 0 0 114.051 -0 32.9679 0 0 0 -114.051 0 -32.9679 0 0 0
885.468 292.133 -0 84.4446 0 0 0 -292.133 0 -84.4446 0 0 0 123.079 -0 35.5776 0 0 0 -123.079 0 -35.5776 0 0 0
953.58 312.86 -0 90.436 0 0 0 -312.86 0 -90.436 0 0 0 132.107 -0 38.1872 0 0 0 -132.107 0 -38.1872 0 0 0
1021.69 333.586 -0 96.4273 0 0 0 -333.586 0 -96.4273 0 0 0 141.135 -0 40.7968 0 0 0 -141.135 0 -40.7968 0 0 0
1089.81 354.313 -0 102.419 0 0 0 -354.313 0 -102.419 0 0 0 150.163 -0 43.4064 0 0 0 -150.163 0 -43.4064 0 0 0
1157.92 375.04 -0 108.41 0 0 0 -375.04 0 -108.41 0 0 0 159.191 -0 46.0161 0 0 0 -159.191 0 -46.0161 0 0 0
