276.021 0.427186 -5.69495e-010 -0.160699
552.042 1.09571 -1.28145e-009 -0.141769
828.063 1.76423 -1.99075e-009 -0.122839
1104.08 2.43276 -2.70286e-009 -0.103909
1380.1 3.10128 -3.41604e-009 -0.084979
1656.13 3.7698 -4.12775e-009 -0.066049
1932.15 4.43833 -4.83647e-009 -0.0471191
2208.17 5.10685 -5.55166e-009 -0.0281891
2484.19 5.77538 -6.26499e-009 -0.00925921
2760.21 6.4439 -6.97083e-009 0.00967072
3036.23 7.11242 -7.68612e-009 0.0286007
3312.25 7.78095 -8.4006e-009 0.0475306
3588.27 8.44947 -9.10914e-009 0.0664605
3864.29 9.11799 -9.82259e-009 0.0853905
4140.31 9.78652 -1.05325e-008 0.10432
4416.33 10.455 -1.12411e-008 0.12325
4692.36 11.1236 -1.19525e-008 0.14218
4968.38 11.7921 -1.26628e-008 0.16111
5244.4 12.4606 -1.33754e-008 0.18004
5520.42 13.1291 -1.40895e-008 0.19897
5796.44 13.7977 -1.47998e-008 0.2179
6072.46 14.4662 -1.55103e-008 0.23683
6348.48 15.1347 -1.62235e-008 0.25576
6624.5 15.8032 -1.69334e-008 0.27469
6900.52 16.4718 -1.76452e-008 0.29362
7176.54 17.1403 -1.83581e-008 0.31255
7452.57 17.8088 -1.90665e-008 0.33148
7728.59 18.4773 -1.97807e-008 0.35041
8004.61 19.1458 -2.049e-008 0.36934
8280.63 19.8144 -2.12057e-008 0.388269
8556.65 20.4829 -2.19099e-008 0.407199
8832.67 21.1514 -2.26252e-008 0.426129
9108.69 21.8199 -2.33363e-008 0.445059
9384.71 22.4885 -2.40457e-008 0.463989
9660.73 23.157 -2.47577e-008 0.482919
9936.75 23.8255 -2.54721e-008 0.501849
10212.8 24.494 -2.61836e-008 0.520779
10488.8 25.1626 -2.68979e-008 0.539709
10764.8 25.8311 -2.7605e-008 0.558639
11040.8 26.4996 -2.83188e-008 0.577569
11316.9 27.1681 -2.90318e-008 0.596499
11592.9 27.8367 -2.97407e-008 0.615429
11868.9 28.5052 -3.04516e-008 0.634359
12144.9 29.1737 -3.11654e-008 0.653289
12420.9 29.8422 -3.18747e-008 0.672218
12697 30.5108 -3.25855e-008 0.691148
12973 31.1793 -3.32992e-008 0.710078
13249 31.8478 -3.4013e-008 0.729008
13525 32.5163 -3.4727e-008 0.747938
13801 33.1848 -3.54348e-008 0.766868
14077.1 33.8534 -3.61444e-008 0.785798
