276.021 0.315151 5.95758e-012 -0.105148
552.042 0.764466 5.97464e-012 -0.134977
828.063 1.21378 6.07496e-012 -0.164806
1104.08 1.6631 6.01151e-012 -0.194635
1380.1 2.11241 5.89119e-012 -0.224464
1656.13 2.56173 5.9619e-012 -0.254293
1932.15 3.01104 6.09722e-012 -0.284122
2208.17 3.46036 5.92229e-012 -0.313951
2484.19 3.90967 5.89019e-012 -0.343779
2760.21 4.35899 5.98763e-012 -0.373608
3036.23 4.8083 6.00238e-012 -0.403437
3312.25 5.25762 5.77668e-012 -0.433266
3588.27 5.70693 6.0092e-012 -0.463095
3864.29 6.15625 5.95448e-012 -0.492924
4140.31 6.60556 5.85902e-012 -0.522753
4416.33 7.05488 5.93478e-012 -0.552582
4692.36 7.50419 6.04993e-012 -0.582411
4968.38 7.95351 5.95756e-012 -0.61224
5244.4 8.40282 5.99895e-012 -0.642069
5520.42 8.85214 5.97485e-012 -0.671898
5796.44 9.30145 6.0503e-012 -0.701727
6072.46 9.75077 6.04851e-012 -0.731556
6348.48 10.2001 5.94614e-012 -0.761385
6624.5 10.6494 6.06602e-012 -0.791214
6900.52 11.0987 6.0576e-012 -0.821043
7176.54 11.548 5.94481e-012 -0.850872
7452.57 11.9973 6.02686e-012 -0.8807
7728.59 12.4467 6.02101e-012 -0.910529
8004.61 12.896 5.9554e-012 -0.940358
8280.63 13.3453 5.86712e-012 -0.970187
8556.65 13.7946 5.94409e-012 -1.00002
8832.67 14.2439 5.97478e-012 -1.02985
9108.69 14.6932 6.07525e-012 -1.05967
9384.71 15.1426 6.04174e-012 -1.0895
9660.73 15.5919 6.07199e-012 -1.11933
9936.75 16.0412 6.06999e-012 -1.14916
10212.8 16.4905 5.97184e-012 -1.17899
10488.8 16.9398 5.9606e-012 -1.20882
10764.8 17.3891 6.05358e-012 -1.23865
11040.8 17.8384 5.92789e-012 -1.26848
11316.9 18.2878 5.91056e-012 -1.29831
11592.9 18.7371 6.01679e-012 -1.32813
11868.9 19.1864 5.96868e-012 -1.35796
12144.9 19.6357 5.87928e-012 -1.38779
12420.9 20.085 5.90954e-012 -1.41762
12697 20.5343 5.8968e-012 -1.44745
12973 20.9836 5.9047e-012 -1.47728
13249 21.433 5.93707e-012 -1.50711
13525 21.8823 5.7409e-012 -1.53694
13801 22.3316 5.95241e-012 -1.56677
14077.1 22.7809 5.92564e-012 -1.5966
