276.021 0.493599 1.47283e-011 -0.132949
552.042 1.29058 1.47609e-011 -0.169305
828.063 2.08756 1.49968e-011 -0.205661
1104.08 2.88454 1.48525e-011 -0.242017
1380.1 3.68152 1.45938e-011 -0.278373
1656.13 4.47851 1.47304e-011 -0.314729
1932.15 5.27549 1.50345e-011 -0.351085
2208.17 6.07247 1.46175e-011 -0.387441
2484.19 6.86945 1.45271e-011 -0.423797
2760.21 7.66643 1.47935e-011 -0.460153
3036.23 8.46341 1.48164e-011 -0.496509
3312.25 9.26039 1.42844e-011 -0.532865
3588.27 10.0574 1.48054e-011 -0.569221
3864.29 10.8544 1.46564e-011 -0.605577
4140.31 11.6513 1.44899e-011 -0.641933
4416.33 12.4483 1.46889e-011 -0.678289
4692.36 13.2453 1.49431e-011 -0.714645
4968.38 14.0423 1.47624e-011 -0.751001
5244.4 14.8393 1.48194e-011 -0.787357
5520.42 15.6362 1.47273e-011 -0.823713
5796.44 16.4332 1.49234e-011 -0.860069
6072.46 17.2302 1.49157e-011 -0.896425
6348.48 18.0272 1.47022e-011 -0.932781
6624.5 18.8242 1.49474e-011 -0.969137
6900.52 19.6212 1.49265e-011 -1.00549
7176.54 20.4181 1.46662e-011 -1.04185
7452.57 21.2151 1.49018e-011 -1.07821
7728.59 22.0121 1.48433e-011 -1.11456
8004.61 22.8091 1.47266e-011 -1.15092
8280.63 23.6061 1.4466e-011 -1.18727
8556.65 24.403 1.47646e-011 -1.22363
8832.67 25.2 1.47568e-011 -1.25999
9108.69 25.997 1.49774e-011 -1.29634
9384.71 26.794 1.49578e-011 -1.3327
9660.73 27.591 1.50196e-011 -1.36905
9936.75 28.3879 1.49267e-011 -1.40541
10212.8 29.1849 1.47388e-011 -1.44177
10488.8 29.9819 1.46726e-011 -1.47812
10764.8 30.7789 1.49476e-011 -1.51448
11040.8 31.5759 1.46494e-011 -1.55083
11316.9 32.3729 1.45681e-011 -1.58719
11592.9 33.1698 1.48585e-011 -1.62355
11868.9 33.9668 1.47698e-011 -1.6599
12144.9 34.7638 1.4524e-011 -1.69626
12420.9 35.5608 1.46146e-011 -1.73261
12697 36.3578 1.46044e-011 -1.76897
12973 37.1547 1.45844e-011 -1.80533
13249 37.9517 1.46202e-011 -1.84168
13525 38.7487 1.41765e-011 -1.87804
13801 39.5457 1.46832e-011 -1.91439
14077.1 40.3427 1.46265e-011 -1.95075
