276.021 0.533824 7.84562e-010 -0.115878
552.042 1.43501 1.64347e-009 -0.0926955
828.063 2.33621 2.50015e-009 -0.069513
1104.08 3.2374 3.35822e-009 -0.0463305
1380.1 4.13859 4.21702e-009 -0.023148
1656.13 5.03978 5.07442e-009 3.44562e-005
1932.15 5.94097 5.93267e-009 0.0232169
2208.17 6.84216 6.79044e-009 0.0463994
2484.19 7.74335 7.64933e-009 0.0695819
2760.21 8.64455 8.50569e-009 0.0927644
3036.23 9.54574 9.36414e-009 0.115947
3312.25 10.4469 1.02234e-008 0.139129
3588.27 11.3481 1.10804e-008 0.162312
3864.29 12.2493 1.19389e-008 0.185494
4140.31 13.1505 1.27957e-008 0.208677
4416.33 14.0517 1.36524e-008 0.231859
4692.36 14.9529 1.45102e-008 0.255042
4968.38 15.8541 1.53671e-008 0.278224
5244.4 16.7553 1.6226e-008 0.301407
5520.42 17.6565 1.70857e-008 0.324589
5796.44 18.5577 1.79424e-008 0.347772
6072.46 19.4588 1.88002e-008 0.370954
6348.48 20.36 1.96579e-008 0.394137
6624.5 21.2612 2.05166e-008 0.417319
6900.52 22.1624 2.13743e-008 0.440502
7176.54 23.0636 2.22328e-008 0.463684
7452.57 23.9648 2.30885e-008 0.486867
7728.59 24.866 2.39487e-008 0.510049
8004.61 25.7672 2.48043e-008 0.533232
8280.63 26.6684 2.56646e-008 0.556414
8556.65 27.5696 2.65182e-008 0.579596
8832.67 28.4708 2.73793e-008 0.602779
9108.69 29.3719 2.82362e-008 0.625961
9384.71 30.2731 2.90933e-008 0.649144
9660.73 31.1743 2.99514e-008 0.672326
9936.75 32.0755 3.08112e-008 0.695509
10212.8 32.9767 3.16684e-008 0.718691
10488.8 33.8779 3.25277e-008 0.741874
10764.8 34.7791 3.33834e-008 0.765056
11040.8 35.6803 3.42425e-008 0.788239
11316.9 36.5815 3.51012e-008 0.811421
11592.9 37.4827 3.59567e-008 0.834604
11868.9 38.3839 3.68151e-008 0.857786
12144.9 39.2851 3.76736e-008 0.880969
12420.9 40.1862 3.85306e-008 0.904151
12697 41.0874 3.93878e-008 0.927334
12973 41.9886 4.02476e-008 0.950516
13249 42.8898 4.11071e-008 0.973699
13525 43.791 4.19654e-008 0.996881
13801 44.6922 4.28212e-008 1.02006
14077.1 45.5934 4.36786e-008 1.04325
