276.021 0.144005 1.18941e-010 -0.112132
552.042 0.340444 1.95065e-010 -0.121602
828.063 0.536882 2.72289e-010 -0.131072
1104.08 0.733321 3.48306e-010 -0.140543
1380.1 0.92976 4.23992e-010 -0.150013
1656.13 1.1262 5.00186e-010 -0.159483
1932.15 1.32264 5.77671e-010 -0.168954
2208.17 1.51908 6.52411e-010 -0.178424
2484.19 1.71552 7.27886e-010 -0.187894
2760.21 1.91195 8.06681e-010 -0.197365
3036.23 2.10839 8.81294e-010 -0.206835
3312.25 2.30483 9.56362e-010 -0.216305
3588.27 2.50127 1.03389e-009 -0.225775
3864.29 2.69771 1.10939e-009 -0.235246
4140.31 2.89415 1.18639e-009 -0.244716
4416.33 3.09059 1.26396e-009 -0.254186
4692.36 3.28703 1.34026e-009 -0.263657
4968.38 3.48347 1.41713e-009 -0.273127
5244.4 3.6799 1.49294e-009 -0.282597
5520.42 3.87634 1.56816e-009 -0.292068
5796.44 4.07278 1.64493e-009 -0.301538
6072.46 4.26922 1.72168e-009 -0.311008
6348.48 4.46566 1.79725e-009 -0.320479
6624.5 4.6621 1.87429e-009 -0.329949
6900.52 4.85854 1.95045e-009 -0.339419
7176.54 5.05498 2.02618e-009 -0.348889
7452.57 5.25142 2.10382e-009 -0.35836
7728.59 5.44785 2.17899e-009 -0.36783
8004.61 5.64429 2.25619e-009 -0.3773
8280.63 5.84073 2.33073e-009 -0.386771
8556.65 6.03717 2.41022e-009 -0.396241
8832.67 6.23361 2.48484e-009 -0.405711
9108.69 6.43005 2.56127e-009 -0.415182
9384.71 6.62649 2.6385e-009 -0.424652
9660.73 6.82293 2.71457e-009 -0.434122
9936.75 7.01936 2.78962e-009 -0.443593
10212.8 7.2158 2.86601e-009 -0.453063
10488.8 7.41224 2.94104e-009 -0.462533
10764.8 7.60868 3.01926e-009 -0.472003
11040.8 7.80512 3.09465e-009 -0.481474
11316.9 8.00156 3.17028e-009 -0.490944
11592.9 8.198 3.24764e-009 -0.500414
11868.9 8.39444 3.32424e-009 -0.509885
12144.9 8.59088 3.39961e-009 -0.519355
12420.9 8.78731 3.47686e-009 -0.528825
12697 8.98375 3.55347e-009 -0.538296
12973 9.18019 3.62888e-009 -0.547766
13249 9.37663 3.70416e-009 -0.557236
13525 9.57307 3.77939e-009 -0.566707
13801 9.76951 3.85722e-009 -0.576177
14077.1 9.96595 3.9344e-009 -0.585647
