276.021 0.482463 9.34799e-010 -0.106503
552.042 1.25242 1.9286e-009 -0.0786813
828.063 2.02238 2.91956e-009 -0.05086
1104.08 2.79233 3.9128e-009 -0.0230387
1380.1 3.56229 4.90721e-009 0.00478264
1656.13 4.33225 5.89993e-009 0.032604
1932.15 5.1022 6.89125e-009 0.0604253
2208.17 5.87216 7.8857e-009 0.0882466
2484.19 6.64212 8.87922e-009 0.116068
2760.21 7.41207 9.86925e-009 0.143889
3036.23 8.18203 1.0864e-008 0.171711
3312.25 8.95199 1.18583e-008 0.199532
3588.27 9.72194 1.28499e-008 0.227353
3864.29 10.4919 1.38434e-008 0.255175
4140.31 11.2619 1.48354e-008 0.282996
4416.33 12.0318 1.58268e-008 0.310817
4692.36 12.8018 1.68194e-008 0.338639
4968.38 13.5717 1.78113e-008 0.36646
5244.4 14.3417 1.88054e-008 0.394281
5520.42 15.1116 1.97992e-008 0.422103
5796.44 15.8816 2.07917e-008 0.449924
6072.46 16.6516 2.17832e-008 0.477745
6348.48 17.4215 2.2777e-008 0.505566
6624.5 18.1915 2.37701e-008 0.533388
6900.52 18.9614 2.47624e-008 0.561209
7176.54 19.7314 2.5756e-008 0.58903
7452.57 20.5013 2.67475e-008 0.616852
7728.59 21.2713 2.7742e-008 0.644673
8004.61 22.0413 2.87321e-008 0.672494
8280.63 22.8112 2.97281e-008 0.700316
8556.65 23.5812 3.07163e-008 0.728137
8832.67 24.3511 3.17124e-008 0.755958
9108.69 25.1211 3.27045e-008 0.78378
9384.71 25.891 3.36961e-008 0.811601
9660.73 26.661 3.46898e-008 0.839422
9936.75 27.431 3.56837e-008 0.867244
10212.8 28.2009 3.66765e-008 0.895065
10488.8 28.9709 3.76708e-008 0.922886
10764.8 29.7408 3.86612e-008 0.950708
11040.8 30.5108 3.96553e-008 0.978529
11316.9 31.2807 4.0649e-008 1.00635
11592.9 32.0507 4.16397e-008 1.03417
11868.9 32.8206 4.26327e-008 1.06199
12144.9 33.5906 4.36259e-008 1.08981
12420.9 34.3606 4.46179e-008 1.11764
12697 35.1305 4.56101e-008 1.14546
12973 35.9005 4.66048e-008 1.17328
13249 36.6704 4.75993e-008 1.2011
13525 37.4404 4.85926e-008 1.22892
13801 38.2103 4.95833e-008 1.25674
14077.1 38.9803 5.05757e-008 1.28456
