276.021 0.493599 -7.67746e-010 -0.106503
552.042 1.29058 -1.494e-009 -0.0786813
828.063 2.08756 -2.22308e-009 -0.05086
1104.08 2.88454 -2.9499e-009 -0.0230387
1380.1 3.68152 -3.67557e-009 0.00478264
1656.13 4.47851 -4.4029e-009 0.032604
1932.15 5.27549 -5.13162e-009 0.0604253
2208.17 6.07247 -5.85725e-009 0.0882466
2484.19 6.86945 -6.58379e-009 0.116068
2760.21 7.66643 -7.3138e-009 0.143889
3036.23 8.46341 -8.03906e-009 0.171711
3312.25 9.26039 -8.76485e-009 0.199532
3588.27 10.0574 -9.49331e-009 0.227353
3864.29 10.8544 -1.02198e-008 0.255175
4140.31 11.6513 -1.0948e-008 0.282996
4416.33 12.4483 -1.16765e-008 0.310817
4692.36 13.2453 -1.24041e-008 0.338639
4968.38 14.0423 -1.31322e-008 0.36646
5244.4 14.8393 -1.38582e-008 0.394281
5520.42 15.6362 -1.45844e-008 0.422103
5796.44 16.4332 -1.53119e-008 0.449924
6072.46 17.2302 -1.60405e-008 0.477745
6348.48 18.0272 -1.67668e-008 0.505566
6624.5 18.8242 -1.74937e-008 0.533388
6900.52 19.6212 -1.82215e-008 0.561209
7176.54 20.4181 -1.8948e-008 0.58903
7452.57 21.2151 -1.96765e-008 0.616852
7728.59 22.0121 -2.04021e-008 0.644673
8004.61 22.8091 -2.1132e-008 0.672494
8280.63 23.6061 -2.18561e-008 0.700316
8556.65 24.403 -2.25879e-008 0.728137
8832.67 25.2 -2.33119e-008 0.755958
9108.69 25.997 -2.40398e-008 0.78378
9384.71 26.794 -2.47683e-008 0.811601
9660.73 27.591 -2.54947e-008 0.839422
9936.75 28.3879 -2.62209e-008 0.867244
10212.8 29.1849 -2.69481e-008 0.895065
10488.8 29.9819 -2.76739e-008 0.922886
10764.8 30.7789 -2.84035e-008 0.950708
11040.8 31.5759 -2.91294e-008 0.978529
11316.9 32.3729 -2.98558e-008 1.00635
11592.9 33.1698 -3.05851e-008 1.03417
11868.9 33.9668 -3.13122e-008 1.06199
12144.9 34.7638 -3.2039e-008 1.08981
12420.9 35.5608 -3.27671e-008 1.11764
12697 36.3578 -3.3495e-008 1.14546
12973 37.1547 -3.42203e-008 1.17328
13249 37.9517 -3.4946e-008 1.2011
13525 38.7487 -3.56726e-008 1.22892
13801 39.5457 -3.6402e-008 1.25674
14077.1 40.3427 -3.71297e-008 1.28456
