276.021 0.146314 -6.55482e-011 -0.112132
552.042 0.346134 -1.98105e-010 -0.121602
828.063 0.545955 -3.29557e-010 -0.131072
1104.08 0.745775 -4.62223e-010 -0.140543
1380.1 0.945595 -5.9522e-010 -0.150013
1656.13 1.14542 -7.27706e-010 -0.159483
1932.15 1.34524 -8.58898e-010 -0.168954
2208.17 1.54506 -9.92845e-010 -0.178424
2484.19 1.74488 -1.12605e-009 -0.187894
2760.21 1.9447 -1.25593e-009 -0.197365
3036.23 2.14452 -1.39e-009 -0.206835
3312.25 2.34434 -1.52362e-009 -0.216305
3588.27 2.54416 -1.65477e-009 -0.225775
3864.29 2.74398 -1.78795e-009 -0.235246
4140.31 2.9438 -1.91962e-009 -0.244716
4416.33 3.14362 -2.05074e-009 -0.254186
4692.36 3.34344 -2.18311e-009 -0.263657
4968.38 3.54326 -2.31492e-009 -0.273127
5244.4 3.74308 -2.4478e-009 -0.282597
5520.42 3.9429 -2.58126e-009 -0.292068
5796.44 4.14272 -2.71317e-009 -0.301538
6072.46 4.34254 -2.84509e-009 -0.311008
6348.48 4.54236 -2.97821e-009 -0.320479
6624.5 4.74218 -3.10985e-009 -0.329949
6900.52 4.942 -3.24237e-009 -0.339419
7176.54 5.14182 -3.37532e-009 -0.348889
7452.57 5.34164 -3.50635e-009 -0.35836
7728.59 5.54146 -3.63988e-009 -0.36783
8004.61 5.74128 -3.77135e-009 -0.3773
8280.63 5.9411 -3.9055e-009 -0.386771
8556.65 6.14092 -4.03467e-009 -0.396241
8832.67 6.34074 -4.16874e-009 -0.405711
9108.69 6.54056 -4.30099e-009 -0.415182
9384.71 6.74038 -4.43244e-009 -0.424652
9660.73 6.9402 -4.56505e-009 -0.434122
9936.75 7.14002 -4.69868e-009 -0.443593
10212.8 7.33984 -4.83098e-009 -0.453063
10488.8 7.53966 -4.96463e-009 -0.462533
10764.8 7.73948 -5.09509e-009 -0.472004
11040.8 7.9393 -5.22837e-009 -0.481474
11316.9 8.13912 -5.36143e-009 -0.490944
11592.9 8.33894 -5.49274e-009 -0.500414
11868.9 8.53876 -5.62482e-009 -0.509885
12144.9 8.73858 -5.75814e-009 -0.519355
12420.9 8.9384 -5.88957e-009 -0.528825
12697 9.13822 -6.02164e-009 -0.538296
12973 9.33804 -6.15491e-009 -0.547766
13249 9.53787 -6.28832e-009 -0.557236
13525 9.73769 -6.42177e-009 -0.566707
13801 9.93751 -6.55262e-009 -0.576177
14077.1 10.1373 -6.68411e-009 -0.585647
