276.021 0.428974 -6.14021e-010 -0.160699
552.042 1.10123 -1.36764e-009 -0.141769
828.063 1.77348 -2.11859e-009 -0.122839
1104.08 2.44573 -2.87236e-009 -0.103909
1380.1 3.11798 -3.62721e-009 -0.084979
1656.13 3.79024 -4.38057e-009 -0.066049
1932.15 4.46249 -5.13095e-009 -0.0471191
2208.17 5.13474 -5.88781e-009 -0.0281892
2484.19 5.80699 -6.6428e-009 -0.00925921
2760.21 6.47925 -7.39029e-009 0.00967072
3036.23 7.1515 -8.14724e-009 0.0286007
3312.25 7.82375 -8.90339e-009 0.0475306
3588.27 8.496 -9.65358e-009 0.0664605
3864.29 9.16825 -1.04087e-008 0.0853905
4140.31 9.84051 -1.11603e-008 0.10432
4416.33 10.5128 -1.19106e-008 0.12325
4692.36 11.185 -1.26636e-008 0.14218
4968.38 11.8573 -1.34156e-008 0.16111
5244.4 12.5295 -1.41698e-008 0.18004
5520.42 13.2018 -1.49255e-008 0.19897
5796.44 13.874 -1.56776e-008 0.2179
6072.46 14.5463 -1.64297e-008 0.23683
6348.48 15.2185 -1.71846e-008 0.25576
6624.5 15.8908 -1.79361e-008 0.27469
6900.52 16.563 -1.86895e-008 0.29362
7176.54 17.2353 -1.94442e-008 0.31255
7452.57 17.9075 -2.01942e-008 0.33148
7728.59 18.5798 -2.095e-008 0.35041
8004.61 19.252 -2.1701e-008 0.36934
8280.63 19.9243 -2.24584e-008 0.388269
8556.65 20.5965 -2.32042e-008 0.407199
8832.67 21.2688 -2.39612e-008 0.426129
9108.69 21.9411 -2.47139e-008 0.445059
9384.71 22.6133 -2.5465e-008 0.463989
9660.73 23.2856 -2.62187e-008 0.482919
9936.75 23.9578 -2.69748e-008 0.501849
10212.8 24.6301 -2.77278e-008 0.520779
10488.8 25.3023 -2.84839e-008 0.539709
10764.8 25.9746 -2.92326e-008 0.558639
11040.8 26.6468 -2.99881e-008 0.577569
11316.9 27.3191 -3.07427e-008 0.596499
11592.9 27.9913 -3.14933e-008 0.615429
11868.9 28.6636 -3.22459e-008 0.634359
12144.9 29.3358 -3.30013e-008 0.653289
12420.9 30.0081 -3.37522e-008 0.672218
12697 30.6803 -3.45047e-008 0.691148
12973 31.3526 -3.52601e-008 0.710078
13249 32.0248 -3.60156e-008 0.729008
13525 32.6971 -3.67712e-008 0.747938
13801 33.3693 -3.75207e-008 0.766868
14077.1 34.0416 -3.82719e-008 0.785798
