276.021 0.381625 6.72638e-010 -0.0789652
552.042 0.94699 1.40435e-009 -0.040996
828.063 1.51236 2.13455e-009 -0.00302682
1104.08 2.07772 2.86601e-009 0.0349424
1380.1 2.64309 3.5982e-009 0.0729116
1656.13 3.20845 4.32974e-009 0.110881
1932.15 3.77382 5.05936e-009 0.14885
2208.17 4.33918 5.79261e-009 0.186819
2484.19 4.90455 6.52504e-009 0.224788
2760.21 5.46992 7.25263e-009 0.262757
3036.23 6.03528 7.98725e-009 0.300727
3312.25 6.60065 8.71954e-009 0.338696
3588.27 7.16601 9.44944e-009 0.376665
3864.29 7.73138 1.01817e-008 0.414634
4140.31 8.29674 1.09118e-008 0.452603
4416.33 8.86211 1.16415e-008 0.490573
4692.36 9.42748 1.23733e-008 0.528542
4968.38 9.99284 1.31035e-008 0.566511
5244.4 10.5582 1.38355e-008 0.60448
5520.42 11.1236 1.45682e-008 0.642449
5796.44 11.6889 1.52994e-008 0.680419
6072.46 12.2543 1.60297e-008 0.718388
6348.48 12.8197 1.67623e-008 0.756357
6624.5 13.385 1.74923e-008 0.794326
6900.52 13.9504 1.82238e-008 0.832295
7176.54 14.5158 1.89556e-008 0.870264
7452.57 15.0811 1.96854e-008 0.908234
7728.59 15.6465 2.04182e-008 0.946203
8004.61 16.2119 2.1148e-008 0.984172
8280.63 16.7772 2.18814e-008 1.02214
8556.65 17.3426 2.26088e-008 1.06011
8832.67 17.908 2.33423e-008 1.09808
9108.69 18.4733 2.40738e-008 1.13605
9384.71 19.0387 2.48039e-008 1.17402
9660.73 19.6041 2.55357e-008 1.21199
9936.75 20.1694 2.62682e-008 1.24996
10212.8 20.7348 2.69994e-008 1.28793
10488.8 21.3002 2.77325e-008 1.32589
10764.8 21.8655 2.84615e-008 1.36386
11040.8 22.4309 2.91938e-008 1.40183
11316.9 22.9963 2.99256e-008 1.4398
11592.9 23.5616 3.06562e-008 1.47777
11868.9 24.127 3.13869e-008 1.51574
12144.9 24.6923 3.21191e-008 1.55371
12420.9 25.2577 3.2849e-008 1.59168
12697 25.8231 3.35798e-008 1.62965
12973 26.3884 3.43125e-008 1.66762
13249 26.9538 3.50454e-008 1.70559
13525 27.5192 3.57778e-008 1.74356
13801 28.0845 3.65077e-008 1.78152
14077.1 28.6499 3.72371e-008 1.81949
