276.021 0.567031 2.21143e-009 -0.120471
552.042 1.56703 4.31735e-009 -0.0998159
828.063 2.56703 6.42253e-009 -0.0791613
1104.08 3.56703 8.52855e-009 -0.0585067
1380.1 4.56703 1.06344e-008 -0.0378521
1656.13 5.56703 1.27407e-008 -0.0171975
1932.15 6.56703 1.48463e-008 0.00345713
2208.17 7.56703 1.69531e-008 0.0241117
2484.19 8.56703 1.90596e-008 0.0447664
2760.21 9.56703 2.1164e-008 0.065421
3036.23 10.567 2.32698e-008 0.0860756
3312.25 11.567 2.53768e-008 0.10673
3588.27 12.567 2.74825e-008 0.127385
3864.29 13.567 2.95893e-008 0.148039
4140.31 14.567 3.16939e-008 0.168694
4416.33 15.567 3.37987e-008 0.189349
4692.36 16.567 3.59044e-008 0.210003
4968.38 17.567 3.80096e-008 0.230658
5244.4 18.567 4.01163e-008 0.251312
5520.42 19.567 4.22234e-008 0.271967
5796.44 20.567 4.43283e-008 0.292622
6072.46 21.567 4.64343e-008 0.313276
6348.48 22.567 4.85398e-008 0.333931
6624.5 23.567 5.06462e-008 0.354586
6900.52 24.567 5.27521e-008 0.37524
7176.54 25.567 5.48585e-008 0.395895
7452.57 26.567 5.69628e-008 0.416549
7728.59 27.567 5.907e-008 0.437204
8004.61 28.567 6.11749e-008 0.457859
8280.63 29.567 6.32828e-008 0.478513
8556.65 30.567 6.53847e-008 0.499168
8832.67 31.567 6.74927e-008 0.519822
9108.69 32.567 6.95985e-008 0.540477
9384.71 33.567 7.17028e-008 0.561132
9660.73 34.567 7.38088e-008 0.581786
9936.75 35.567 7.59172e-008 0.602441
10212.8 36.567 7.80224e-008 0.623095
10488.8 37.567 8.01295e-008 0.64375
10764.8 38.567 8.22332e-008 0.664405
11040.8 39.567 8.43398e-008 0.685059
11316.9 40.567 8.64469e-008 0.705714
11592.9 41.567 8.85509e-008 0.726369
11868.9 42.567 9.06563e-008 0.747023
12144.9 43.567 9.27637e-008 0.767678
12420.9 44.567 9.48687e-008 0.788332
12697 45.567 9.69743e-008 0.808987
12973 46.567 9.90811e-008 0.829642
13249 47.567 1.01188e-007 0.850296
13525 48.567 1.03294e-007 0.870951
13801 49.567 1.05399e-007 0.891605
14077.1 50.567 1.07505e-007 0.91226
