276.021 0.240682 -4.61177e-010 -0.0454476
552.042 0.570858 -8.78972e-010 -0.00176401
828.063 0.901033 -1.29784e-009 0.0419195
1104.08 1.23121 -1.7157e-009 0.0856031
1380.1 1.56138 -2.13315e-009 0.129287
1656.13 1.89156 -2.55107e-009 0.17297
1932.15 2.22174 -2.97031e-009 0.216654
2208.17 2.55191 -3.38696e-009 0.260337
2484.19 2.88209 -3.80419e-009 0.304021
2760.21 3.21226 -4.22487e-009 0.347704
3036.23 3.54244 -4.64069e-009 0.391388
3312.25 3.87261 -5.05792e-009 0.435071
3588.27 4.20279 -5.47705e-009 0.478755
3864.29 4.53296 -5.89438e-009 0.522439
4140.31 4.86314 -6.31322e-009 0.566122
4416.33 5.19332 -6.73247e-009 0.609806
4692.36 5.52349 -7.15026e-009 0.653489
4968.38 5.85367 -7.56905e-009 0.697173
5244.4 6.18384 -7.98663e-009 0.740856
5520.42 6.51402 -8.40364e-009 0.78454
5796.44 6.84419 -8.82186e-009 0.828223
6072.46 7.17437 -9.24059e-009 0.871907
6348.48 7.50454 -9.65776e-009 0.91559
6624.5 7.83472 -1.00767e-008 0.959274
6900.52 8.1649 -1.04946e-008 1.00296
7176.54 8.49507 -1.09123e-008 1.04664
7452.57 8.82525 -1.13315e-008 1.09032
7728.59 9.15542 -1.17484e-008 1.13401
8004.61 9.4856 -1.21675e-008 1.17769
8280.63 9.81577 -1.2584e-008 1.22138
8556.65 10.1459 -1.3005e-008 1.26506
8832.67 10.4761 -1.34214e-008 1.30874
9108.69 10.8063 -1.38394e-008 1.35243
9384.71 11.1365 -1.42583e-008 1.39611
9660.73 11.4667 -1.46761e-008 1.43979
9936.75 11.7968 -1.50931e-008 1.48348
10212.8 12.127 -1.55113e-008 1.52716
10488.8 12.4572 -1.59281e-008 1.57084
10764.8 12.7874 -1.63478e-008 1.61453
11040.8 13.1175 -1.67651e-008 1.65821
11316.9 13.4477 -1.71827e-008 1.70189
11592.9 13.7779 -1.76014e-008 1.74558
11868.9 14.1081 -1.80199e-008 1.78926
12144.9 14.4382 -1.84373e-008 1.83294
12420.9 14.7684 -1.88563e-008 1.87663
12697 15.0986 -1.92747e-008 1.92031
12973 15.4288 -1.96918e-008 1.964
13249 15.7589 -2.01087e-008 2.00768
13525 16.0891 -2.05259e-008 2.05136
13801 16.4193 -2.09451e-008 2.09505
14077.1 16.7495 -2.13645e-008 2.13873
