276.021 0.482463 -1.05908e-009 -0.106503
552.042 1.25242 -2.05087e-009 -0.0786813
828.063 2.02238 -3.0455e-009 -0.05086
1104.08 2.79233 -4.03784e-009 -0.0230387
1380.1 3.56229 -5.02903e-009 0.00478264
1656.13 4.33225 -6.02189e-009 0.032604
1932.15 5.1022 -7.01616e-009 0.0604253
2208.17 5.87216 -8.0073e-009 0.0882466
2484.19 6.64212 -8.99936e-009 0.116068
2760.21 7.41207 -9.99492e-009 0.143889
3036.23 8.18203 -1.09857e-008 0.171711
3312.25 8.95199 -1.1977e-008 0.199532
3588.27 9.72194 -1.2971e-008 0.227353
3864.29 10.4919 -1.39631e-008 0.255175
4140.31 11.2619 -1.49567e-008 0.282996
4416.33 12.0318 -1.59509e-008 0.310817
4692.36 12.8018 -1.69439e-008 0.338639
4968.38 13.5717 -1.79376e-008 0.36646
5244.4 14.3417 -1.89291e-008 0.394281
5520.42 15.1116 -1.99209e-008 0.422103
5796.44 15.8816 -2.09139e-008 0.449924
6072.46 16.6516 -2.19081e-008 0.477745
6348.48 17.4215 -2.28998e-008 0.505566
6624.5 18.1915 -2.38923e-008 0.533388
6900.52 18.9614 -2.48856e-008 0.561209
7176.54 19.7314 -2.58776e-008 0.58903
7452.57 20.5013 -2.68717e-008 0.616852
7728.59 21.2713 -2.78627e-008 0.644673
8004.61 22.0413 -2.88582e-008 0.672494
8280.63 22.8112 -2.98478e-008 0.700316
8556.65 23.5812 -3.08452e-008 0.728137
8832.67 24.3511 -3.18347e-008 0.755958
9108.69 25.1211 -3.28282e-008 0.78378
9384.71 25.891 -3.38222e-008 0.811601
9660.73 26.661 -3.48141e-008 0.839422
9936.75 27.431 -3.58058e-008 0.867244
10212.8 28.2009 -3.67986e-008 0.895065
10488.8 28.9709 -3.77899e-008 0.922886
10764.8 29.7408 -3.87851e-008 0.950708
11040.8 30.5108 -3.97765e-008 0.978529
11316.9 31.2807 -4.07684e-008 1.00635
11592.9 32.0507 -4.17632e-008 1.03417
11868.9 32.8206 -4.27559e-008 1.06199
12144.9 33.5906 -4.37482e-008 1.08981
12420.9 34.3606 -4.47419e-008 1.11764
12697 35.1305 -4.57353e-008 1.14546
12973 35.9005 -4.67261e-008 1.17328
13249 36.6704 -4.77173e-008 1.2011
13525 37.4404 -4.87095e-008 1.22892
13801 38.2103 -4.97044e-008 1.25674
14077.1 38.9803 -5.06976e-008 1.28456
