276.021 0.221743 8.28833e-010 -0.0454476
552.042 0.522608 1.68493e-009 -0.00176401
828.063 0.823473 2.53994e-009 0.0419195
1104.08 1.12434 3.39598e-009 0.0856031
1380.1 1.4252 4.25244e-009 0.129287
1656.13 1.72607 5.1084e-009 0.17297
1932.15 2.02694 5.96304e-009 0.216654
2208.17 2.3278 6.8203e-009 0.260337
2484.19 2.62867 7.67696e-009 0.304021
2760.21 2.92953 8.53016e-009 0.347704
3036.23 3.2304 9.38824e-009 0.391388
3312.25 3.53126 1.02449e-008 0.435071
3588.27 3.83213 1.10997e-008 0.478755
3864.29 4.13299 1.19562e-008 0.522439
4140.31 4.43386 1.28113e-008 0.566122
4416.33 4.73472 1.36659e-008 0.609806
4692.36 5.03559 1.4522e-008 0.653489
4968.38 5.33645 1.53771e-008 0.697173
5244.4 5.63732 1.62334e-008 0.740856
5520.42 5.93819 1.70903e-008 0.78454
5796.44 6.23905 1.7946e-008 0.828223
6072.46 6.53992 1.88011e-008 0.871907
6348.48 6.84078 1.96579e-008 0.91559
6624.5 7.14165 2.05128e-008 0.959274
6900.52 7.44251 2.13688e-008 1.00296
7176.54 7.74338 2.2225e-008 1.04664
7452.57 8.04424 2.30797e-008 1.09032
7728.59 8.34511 2.39367e-008 1.13401
8004.61 8.64597 2.47914e-008 1.17769
8280.63 8.94684 2.56489e-008 1.22138
8556.65 9.2477 2.65018e-008 1.26506
8832.67 9.54857 2.73592e-008 1.30874
9108.69 9.84944 2.82152e-008 1.35243
9384.71 10.1503 2.90701e-008 1.39611
9660.73 10.4512 2.99263e-008 1.43979
9936.75 10.752 3.07831e-008 1.48348
10212.8 11.0529 3.16388e-008 1.52716
10488.8 11.3538 3.24959e-008 1.57084
10764.8 11.6546 3.33501e-008 1.61453
11040.8 11.9555 3.42067e-008 1.65821
11316.9 12.2564 3.5063e-008 1.70189
11592.9 12.5572 3.59181e-008 1.74558
11868.9 12.8581 3.67736e-008 1.78926
12144.9 13.159 3.76301e-008 1.83294
12420.9 13.4598 3.8485e-008 1.87663
12697 13.7607 3.93405e-008 1.92031
12973 14.0616 4.01972e-008 1.964
13249 14.3624 4.10542e-008 2.00768
13525 14.6633 4.19109e-008 2.05136
13801 14.9641 4.27656e-008 2.09505
14077.1 15.265 4.36202e-008 2.13873
