276.021 0.0198536 -2.18127e-009 -0.000491238
552.042 0.0436788 -4.2549e-009 0.0274615
828.063 0.067504 -6.32885e-009 0.0554142
1104.08 0.0913292 -8.40249e-009 0.0833669
1380.1 0.115154 -1.0476e-008 0.11132
1656.13 0.13898 -1.25497e-008 0.139272
1932.15 0.162805 -1.46237e-008 0.167225
2208.17 0.18663 -1.6697e-008 0.195178
2484.19 0.210455 -1.87705e-008 0.22313
2760.21 0.23428 -2.08449e-008 0.251083
3036.23 0.258106 -2.2918e-008 0.279036
3312.25 0.281931 -2.49915e-008 0.306988
3588.27 0.305756 -2.70655e-008 0.334941
3864.29 0.329581 -2.9139e-008 0.362894
4140.31 0.353406 -3.12129e-008 0.390847
4416.33 0.377232 -3.3287e-008 0.418799
4692.36 0.401057 -3.53606e-008 0.446752
4968.38 0.424882 -3.74345e-008 0.474705
5244.4 0.448707 -3.95081e-008 0.502657
5520.42 0.472532 -4.15815e-008 0.53061
5796.44 0.496358 -4.36553e-008 0.558563
6072.46 0.520183 -4.57292e-008 0.586515
6348.48 0.544008 -4.78026e-008 0.614468
6624.5 0.567833 -4.98765e-008 0.642421
6900.52 0.591658 -5.19502e-008 0.670374
7176.54 0.615484 -5.40238e-008 0.698326
7452.57 0.639309 -5.60978e-008 0.726279
7728.59 0.663134 -5.81712e-008 0.754232
8004.61 0.686959 -6.02452e-008 0.782184
8280.63 0.710784 -6.23185e-008 0.810137
8556.65 0.73461 -6.4393e-008 0.83809
8832.67 0.758435 -6.64662e-008 0.866042
9108.69 0.78226 -6.854e-008 0.893995
9384.71 0.806085 -7.06139e-008 0.921948
9660.73 0.82991 -7.26875e-008 0.949901
9936.75 0.853736 -7.47609e-008 0.977853
10212.8 0.877561 -7.68347e-008 1.00581
10488.8 0.901386 -7.8908e-008 1.03376
10764.8 0.925211 -8.09822e-008 1.06171
11040.8 0.949036 -8.30557e-008 1.08966
11316.9 0.972862 -8.51292e-008 1.11762
11592.9 0.996687 -8.72032e-008 1.14557
11868.9 1.02051 -8.9277e-008 1.17352
12144.9 1.04434 -9.13505e-008 1.20147
12420.9 1.06816 -9.34244e-008 1.22943
12697 1.09199 -9.54983e-008 1.25738
12973 1.11581 -9.75717e-008 1.28533
13249 1.13964 -9.96451e-008 1.31329
13525 1.16346 -1.01718e-007 1.34124
13801 1.18729 -1.03793e-007 1.36919
14077.1 1.21111 -1.05867e-007 1.39714
