276.021 0.481184 -5.62166e-010 -0.163607
552.042 1.26666 -1.29046e-009 -0.137462
828.063 2.05213 -2.01469e-009 -0.111317
1104.08 2.83761 -2.74297e-009 -0.0851718
1380.1 3.62309 -3.47261e-009 -0.0590266
1656.13 4.40856 -4.19974e-009 -0.0328814
1932.15 5.19404 -4.92446e-009 -0.00673613
2208.17 5.97951 -5.65527e-009 0.0194091
2484.19 6.76499 -6.384e-009 0.0455543
2760.21 7.55046 -7.10662e-009 0.0716995
3036.23 8.33594 -7.83589e-009 0.0978448
3312.25 9.12141 -8.56707e-009 0.12399
3588.27 9.90689 -9.29138e-009 0.150135
3864.29 10.6924 -1.00205e-008 0.17628
4140.31 11.4778 -1.07465e-008 0.202426
4416.33 12.2633 -1.14711e-008 0.228571
4692.36 13.0488 -1.21972e-008 0.254716
4968.38 13.8343 -1.29237e-008 0.280861
5244.4 14.6197 -1.36527e-008 0.307007
5520.42 15.4052 -1.43822e-008 0.333152
5796.44 16.1907 -1.51079e-008 0.359297
6072.46 16.9762 -1.5834e-008 0.385442
6348.48 17.7616 -1.65626e-008 0.411587
6624.5 18.5471 -1.72899e-008 0.437733
6900.52 19.3326 -1.80168e-008 0.463878
7176.54 20.1181 -1.8746e-008 0.490023
7452.57 20.9035 -1.94701e-008 0.516168
7728.59 21.689 -2.02003e-008 0.542314
8004.61 22.4745 -2.09244e-008 0.568459
8280.63 23.26 -2.16572e-008 0.594604
8556.65 24.0454 -2.23762e-008 0.620749
8832.67 24.8309 -2.31084e-008 0.646894
9108.69 25.6164 -2.38342e-008 0.67304
9384.71 26.4019 -2.45593e-008 0.699185
9660.73 27.1873 -2.52873e-008 0.72533
9936.75 27.9728 -2.60177e-008 0.751475
10212.8 28.7583 -2.67451e-008 0.777621
10488.8 29.5438 -2.74749e-008 0.803766
10764.8 30.3292 -2.81974e-008 0.829911
11040.8 31.1147 -2.89275e-008 0.856056
11316.9 31.9002 -2.96569e-008 0.882202
11592.9 32.6857 -3.03798e-008 0.908347
11868.9 33.4711 -3.11072e-008 0.934492
12144.9 34.2566 -3.18367e-008 0.960637
12420.9 35.0421 -3.25623e-008 0.986782
12697 35.8276 -3.32887e-008 1.01293
12973 36.613 -3.40188e-008 1.03907
13249 37.3985 -3.47484e-008 1.06522
13525 38.184 -3.54778e-008 1.09136
13801 38.9695 -3.62003e-008 1.11751
14077.1 39.7549 -3.69275e-008 1.14365
