276.021 0.294897 5.96692e-010 -0.14493
552.042 0.723294 1.10117e-009 -0.141382
828.063 1.15169 1.6076e-009 -0.137835
1104.08 1.58009 2.11196e-009 -0.134288
1380.1 2.00849 2.61567e-009 -0.130741
1656.13 2.43688 3.12037e-009 -0.127194
1932.15 2.86528 3.62719e-009 -0.123647
2208.17 3.29368 4.12936e-009 -0.1201
2484.19 3.72207 4.63283e-009 -0.116553
2760.21 4.15047 5.14183e-009 -0.113006
3036.23 4.57887 5.6439e-009 -0.109459
3312.25 5.00727 6.14659e-009 -0.105912
3588.27 5.43566 6.65355e-009 -0.102364
3864.29 5.86406 7.15699e-009 -0.0988173
4140.31 6.29246 7.663e-009 -0.0952702
4416.33 6.72086 8.16993e-009 -0.0917232
4692.36 7.14925 8.67484e-009 -0.0881761
4968.38 7.57765 9.18058e-009 -0.084629
5244.4 8.00605 9.68461e-009 -0.0810819
5520.42 8.43444 1.01876e-008 -0.0775348
5796.44 8.86284 1.06932e-008 -0.0739877
6072.46 9.29124 1.11989e-008 -0.0704406
6348.48 9.71964 1.17024e-008 -0.0668935
6624.5 10.148 1.22085e-008 -0.0633464
6900.52 10.5764 1.27131e-008 -0.0597993
7176.54 11.0048 1.32169e-008 -0.0562522
7452.57 11.4332 1.3724e-008 -0.0527051
7728.59 11.8616 1.42269e-008 -0.049158
8004.61 12.29 1.47333e-008 -0.0456109
8280.63 12.7184 1.52351e-008 -0.0420639
8556.65 13.1468 1.57453e-008 -0.0385168
8832.67 13.5752 1.62474e-008 -0.0349697
9108.69 14.0036 1.67525e-008 -0.0314226
9384.71 14.432 1.72588e-008 -0.0278755
9660.73 14.8604 1.77633e-008 -0.0243284
9936.75 15.2888 1.8266e-008 -0.0207813
10212.8 15.7172 1.87709e-008 -0.0172342
10488.8 16.1456 1.92737e-008 -0.0136871
10764.8 16.574 1.97817e-008 -0.01014
11040.8 17.0024 2.02849e-008 -0.00659292
11316.9 17.4308 2.07887e-008 -0.00304583
11592.9 17.8592 2.12954e-008 0.000501263
11868.9 18.2876 2.18007e-008 0.00404836
12144.9 18.716 2.23038e-008 0.00759545
12420.9 19.1444 2.28103e-008 0.0111425
12697 19.5728 2.33157e-008 0.0146896
12973 20.0012 2.38189e-008 0.0182367
13249 20.4296 2.43221e-008 0.0217838
13525 20.858 2.48251e-008 0.0253309
13801 21.2864 2.53326e-008 0.028878
14077.1 21.7148 2.58388e-008 0.0324251
