276.021 0.0770767 8.16868e-012 -0.0501899
552.042 0.179701 8.16522e-012 -0.0122639
828.063 0.282325 8.27956e-012 0.0256622
1104.08 0.384949 8.22779e-012 0.0635883
1380.1 0.487573 8.17248e-012 0.101514
1656.13 0.590197 8.15948e-012 0.13944
1932.15 0.692821 8.25193e-012 0.177366
2208.17 0.795445 8.07099e-012 0.215293
2484.19 0.898069 7.99244e-012 0.253219
2760.21 1.00069 8.18974e-012 0.291145
3036.23 1.10332 8.18435e-012 0.329071
3312.25 1.20594 7.96003e-012 0.366997
3588.27 1.30857 8.10172e-012 0.404923
3864.29 1.41119 7.98279e-012 0.442849
4140.31 1.51381 8.05677e-012 0.480775
4416.33 1.61644 8.19187e-012 0.518701
4692.36 1.71906 8.26498e-012 0.556627
4968.38 1.82169 8.27965e-012 0.594553
5244.4 1.92431 8.21824e-012 0.632479
5520.42 2.02693 8.08299e-012 0.670405
5796.44 2.12956 8.21685e-012 0.708331
6072.46 2.23218 8.1942e-012 0.746257
6348.48 2.33481 8.17845e-012 0.784184
6624.5 2.43743 8.1895e-012 0.82211
6900.52 2.54005 8.17624e-012 0.860036
7176.54 2.64268 8.06558e-012 0.897962
7452.57 2.7453 8.26292e-012 0.935888
7728.59 2.84793 8.12701e-012 0.973814
8004.61 2.95055 8.18749e-012 1.01174
8280.63 3.05317 7.94323e-012 1.04967
8556.65 3.1558 8.36136e-012 1.08759
8832.67 3.25842 8.15904e-012 1.12552
9108.69 3.36105 8.22456e-012 1.16344
9384.71 3.46367 8.3462e-012 1.20137
9660.73 3.5663 8.35281e-012 1.2393
9936.75 3.66892 8.10648e-012 1.27722
10212.8 3.77154 8.11992e-012 1.31515
10488.8 3.87417 7.99705e-012 1.35307
10764.8 3.97679 8.25232e-012 1.391
11040.8 4.07942 8.11149e-012 1.42893
11316.9 4.18204 7.9814e-012 1.46685
11592.9 4.28466 8.21354e-012 1.50478
11868.9 4.38729 8.22517e-012 1.5427
12144.9 4.48991 8.04079e-012 1.58063
12420.9 4.59254 8.13179e-012 1.61856
12697 4.69516 8.16079e-012 1.65648
12973 4.79778 8.06111e-012 1.69441
13249 4.90041 7.97613e-012 1.73234
13525 5.00303 7.83874e-012 1.77026
13801 5.10566 8.08951e-012 1.80819
14077.1 5.20828 8.05695e-012 1.84611
