276.021 0.427186 8.36643e-010 -0.160699
552.042 1.09571 1.54765e-009 -0.141769
828.063 1.76423 2.26131e-009 -0.122839
1104.08 2.43276 2.97215e-009 -0.103909
1380.1 3.10128 3.68193e-009 -0.084979
1656.13 3.7698 4.39319e-009 -0.066049
1932.15 4.43833 5.10743e-009 -0.0471191
2208.17 5.10685 5.81519e-009 -0.0281891
2484.19 5.77538 6.52482e-009 -0.00925921
2760.21 6.4439 7.24194e-009 0.00967072
3036.23 7.11242 7.94962e-009 0.0286007
3312.25 7.78095 8.65809e-009 0.0475306
3588.27 8.44947 9.37251e-009 0.0664605
3864.29 9.11799 1.0082e-008 0.0853905
4140.31 9.78652 1.07951e-008 0.10432
4416.33 10.455 1.15094e-008 0.12325
4692.36 11.1236 1.2221e-008 0.14218
4968.38 11.7921 1.29336e-008 0.16111
5244.4 12.4606 1.3644e-008 0.18004
5520.42 13.1291 1.43529e-008 0.19897
5796.44 13.7977 1.50655e-008 0.2179
6072.46 14.4662 1.5778e-008 0.23683
6348.48 15.1347 1.64877e-008 0.25576
6624.5 15.8032 1.72008e-008 0.27469
6900.52 16.4718 1.7912e-008 0.29362
7176.54 17.1403 1.8622e-008 0.31255
7452.57 17.8088 1.93366e-008 0.33148
7728.59 18.4773 2.00454e-008 0.35041
8004.61 19.1458 2.0759e-008 0.36934
8280.63 19.8144 2.14663e-008 0.388269
8556.65 20.4829 2.21851e-008 0.407199
8832.67 21.1514 2.28927e-008 0.426129
9108.69 21.8199 2.36046e-008 0.445059
9384.71 22.4885 2.43181e-008 0.463989
9660.73 23.157 2.5029e-008 0.482919
9936.75 23.8255 2.57376e-008 0.501849
10212.8 24.494 2.64491e-008 0.520779
10488.8 25.1626 2.71577e-008 0.539709
10764.8 25.8311 2.78736e-008 0.558639
11040.8 26.4996 2.85827e-008 0.577569
11316.9 27.1681 2.92928e-008 0.596499
11592.9 27.8367 3.00068e-008 0.615429
11868.9 28.5052 3.07188e-008 0.634359
12144.9 29.1737 3.1428e-008 0.653289
12420.9 29.8422 3.21417e-008 0.672218
12697 30.5108 3.28538e-008 0.691148
12973 31.1793 3.35631e-008 0.710078
13249 31.8478 3.42722e-008 0.729008
13525 32.5163 3.49812e-008 0.747938
13801 33.1848 3.56963e-008 0.766868
14077.1 33.8534 3.64097e-008 0.785798
