276.021 0.532665 -9.3217e-010 -0.115878
552.042 1.43057 -1.8161e-009 -0.0926955
828.063 2.32847 -2.70225e-009 -0.069513
1104.08 3.22637 -3.58703e-009 -0.0463305
1380.1 4.12427 -4.47106e-009 -0.023148
1656.13 5.02218 -5.3565e-009 3.4456e-005
1932.15 5.92008 -6.24108e-009 0.0232169
2208.17 6.81798 -7.12615e-009 0.0463994
2484.19 7.71588 -8.0101e-009 0.0695819
2760.21 8.61379 -8.89658e-009 0.0927644
3036.23 9.51169 -9.78096e-009 0.115947
3312.25 10.4096 -1.06645e-008 0.139129
3588.27 11.3075 -1.15504e-008 0.162312
3864.29 12.2054 -1.24347e-008 0.185494
4140.31 13.1033 -1.33207e-008 0.208677
4416.33 14.0012 -1.42069e-008 0.231859
4692.36 14.8991 -1.50919e-008 0.255042
4968.38 15.797 -1.59779e-008 0.278224
5244.4 16.6949 -1.68618e-008 0.301407
5520.42 17.5928 -1.7745e-008 0.324589
5796.44 18.4907 -1.86311e-008 0.347772
6072.46 19.3886 -1.95162e-008 0.370954
6348.48 20.2865 -2.04012e-008 0.394137
6624.5 21.1844 -2.12854e-008 0.417319
6900.52 22.0823 -2.21705e-008 0.440502
7176.54 22.9802 -2.30549e-008 0.463684
7452.57 23.8781 -2.3942e-008 0.486867
7728.59 24.776 -2.48246e-008 0.510049
8004.61 25.6739 -2.57118e-008 0.533232
8280.63 26.5718 -2.65944e-008 0.556414
8556.65 27.4697 -2.74837e-008 0.579596
8832.67 28.3676 -2.83654e-008 0.602779
9108.69 29.2655 -2.92513e-008 0.625961
9384.71 30.1634 -3.01371e-008 0.649144
9660.73 31.0613 -3.10218e-008 0.672326
9936.75 31.9592 -3.19048e-008 0.695509
10212.8 32.8571 -3.27904e-008 0.718691
10488.8 33.755 -3.3674e-008 0.741874
10764.8 34.6529 -3.45611e-008 0.765056
11040.8 35.5509 -3.54449e-008 0.788239
11316.9 36.4488 -3.63291e-008 0.811421
11592.9 37.3467 -3.72163e-008 0.834604
11868.9 38.2446 -3.81007e-008 0.857786
12144.9 39.1425 -3.89851e-008 0.880969
12420.9 40.0404 -3.98709e-008 0.904151
12697 40.9383 -4.07566e-008 0.927334
12973 41.8362 -4.16396e-008 0.950516
13249 42.7341 -4.2523e-008 0.973699
13525 43.632 -4.34076e-008 0.996881
13801 44.5299 -4.42946e-008 1.02006
14077.1 45.4278 -4.51799e-008 1.04325
