276.021 0.145504 5.38337e-010 -0.0282397
552.042 0.335477 1.10398e-009 0.0148933
828.063 0.52545 1.6688e-009 0.0580262
1104.08 0.715423 2.23443e-009 0.101159
1380.1 0.905396 2.80037e-009 0.144292
1656.13 1.09537 3.36595e-009 0.187425
1932.15 1.28534 3.93047e-009 0.230558
2208.17 1.47532 4.49708e-009 0.273691
2484.19 1.66529 5.06322e-009 0.316824
2760.21 1.85526 5.62662e-009 0.359957
3036.23 2.04524 6.19378e-009 0.40309
3312.25 2.23521 6.75996e-009 0.446223
3588.27 2.42518 7.32457e-009 0.489356
3864.29 2.61516 7.89059e-009 0.532488
4140.31 2.80513 8.45548e-009 0.575621
4416.33 2.9951 9.01998e-009 0.618754
4692.36 3.18508 9.58564e-009 0.661887
4968.38 3.37505 1.01505e-008 0.70502
5244.4 3.56502 1.07164e-008 0.748153
5520.42 3.75499 1.12827e-008 0.791286
5796.44 3.94497 1.1848e-008 0.834419
6072.46 4.13494 1.2413e-008 0.877552
6348.48 4.32491 1.29791e-008 0.920685
6624.5 4.51489 1.35439e-008 0.963818
6900.52 4.70486 1.41095e-008 1.00695
7176.54 4.89483 1.46753e-008 1.05008
7452.57 5.08481 1.52398e-008 1.09322
7728.59 5.27478 1.58062e-008 1.13635
8004.61 5.46475 1.63708e-008 1.17948
8280.63 5.65473 1.69376e-008 1.22262
8556.65 5.8447 1.75007e-008 1.26575
8832.67 6.03467 1.80675e-008 1.30888
9108.69 6.22465 1.8633e-008 1.35201
9384.71 6.41462 1.91977e-008 1.39515
9660.73 6.60459 1.97635e-008 1.43828
9936.75 6.79457 2.03297e-008 1.48141
10212.8 6.98454 2.08951e-008 1.52455
10488.8 7.17451 2.14616e-008 1.56768
10764.8 7.36449 2.20257e-008 1.61081
11040.8 7.55446 2.25917e-008 1.65394
11316.9 7.74443 2.31576e-008 1.69708
11592.9 7.93441 2.37225e-008 1.74021
11868.9 8.12438 2.42877e-008 1.78334
12144.9 8.31435 2.48537e-008 1.82648
12420.9 8.50432 2.54184e-008 1.86961
12697 8.6943 2.59837e-008 1.91274
12973 8.88427 2.65498e-008 1.95588
13249 9.07424 2.71162e-008 1.99901
13525 9.26422 2.76824e-008 2.04214
13801 9.45419 2.82469e-008 2.08527
14077.1 9.64416 2.88114e-008 2.12841
