276.021 0.21968 -2.79093e-010 -0.131143
552.042 0.528391 -6.40787e-010 -0.134862
828.063 0.837101 -1.00097e-009 -0.138582
1104.08 1.14581 -1.3628e-009 -0.142301
1380.1 1.45452 -1.72511e-009 -0.146021
1656.13 1.76323 -2.08665e-009 -0.14974
1932.15 2.07194 -2.44652e-009 -0.15346
2208.17 2.38065 -2.81005e-009 -0.157179
2484.19 2.68936 -3.17257e-009 -0.160899
2760.21 2.99807 -3.53069e-009 -0.164618
3036.23 3.30678 -3.89436e-009 -0.168338
3312.25 3.61549 -4.25748e-009 -0.172057
3588.27 3.9242 -4.61723e-009 -0.175777
3864.29 4.23291 -4.97979e-009 -0.179496
4140.31 4.54162 -5.34027e-009 -0.183216
4416.33 4.85033 -5.70003e-009 -0.186935
4692.36 5.15904 -6.06142e-009 -0.190655
4968.38 5.46775 -6.42213e-009 -0.194374
5244.4 5.77646 -6.7842e-009 -0.198094
5520.42 6.08517 -7.14712e-009 -0.201813
5796.44 6.39388 -7.50791e-009 -0.205533
6072.46 6.70259 -7.86874e-009 -0.209252
6348.48 7.0113 -8.23117e-009 -0.212972
6624.5 7.32001 -8.59161e-009 -0.216691
6900.52 7.62872 -8.95324e-009 -0.220411
7176.54 7.93743 -9.31548e-009 -0.22413
7452.57 8.24614 -9.67509e-009 -0.22785
7728.59 8.55485 -1.00381e-008 -0.231569
8004.61 8.86356 -1.03983e-008 -0.235288
8280.63 9.17227 -1.07621e-008 -0.239008
8556.65 9.48098 -1.11193e-008 -0.242727
8832.67 9.78969 -1.14829e-008 -0.246447
9108.69 10.0984 -1.18442e-008 -0.250166
9384.71 10.4071 -1.22044e-008 -0.253886
9660.73 10.7158 -1.25661e-008 -0.257605
9936.75 11.0245 -1.29293e-008 -0.261325
10212.8 11.3332 -1.32906e-008 -0.265044
10488.8 11.642 -1.36537e-008 -0.268764
10764.8 11.9507 -1.40126e-008 -0.272483
11040.8 12.2594 -1.43753e-008 -0.276203
11316.9 12.5681 -1.47376e-008 -0.279922
11592.9 12.8768 -1.50976e-008 -0.283642
11868.9 13.1855 -1.54586e-008 -0.287361
12144.9 13.4942 -1.58213e-008 -0.291081
12420.9 13.8029 -1.61815e-008 -0.2948
12697 14.1116 -1.65425e-008 -0.29852
12973 14.4203 -1.69052e-008 -0.302239
13249 14.7291 -1.7268e-008 -0.305959
13525 15.0378 -1.76309e-008 -0.309678
13801 15.3465 -1.79902e-008 -0.313398
14077.1 15.6552 -1.83505e-008 -0.317117
