276.021 0.441884 -8.56989e-010 -0.0938261
552.042 1.12417 -1.65135e-009 -0.0607145
828.063 1.80646 -2.4473e-009 -0.027603
1104.08 2.48874 -3.24195e-009 0.0055086
1380.1 3.17103 -4.03571e-009 0.0386202
1656.13 3.85331 -4.83023e-009 0.0717317
1932.15 4.5356 -5.62691e-009 0.104843
2208.17 5.21789 -6.41957e-009 0.137955
2484.19 5.90017 -7.21312e-009 0.171066
2760.21 6.58246 -8.01205e-009 0.204178
3036.23 7.26474 -8.80293e-009 0.23729
3312.25 7.94703 -9.59679e-009 0.270401
3588.27 8.62932 -1.03931e-008 0.303513
3864.29 9.3116 -1.11869e-008 0.336624
4140.31 9.99389 -1.19829e-008 0.369736
4416.33 10.6762 -1.27794e-008 0.402847
4692.36 11.3585 -1.35736e-008 0.435959
4968.38 12.0407 -1.43696e-008 0.469071
5244.4 12.723 -1.51637e-008 0.502182
5520.42 13.4053 -1.59569e-008 0.535294
5796.44 14.0876 -1.67517e-008 0.568405
6072.46 14.7699 -1.75477e-008 0.601517
6348.48 15.4522 -1.8341e-008 0.634628
6624.5 16.1345 -1.91373e-008 0.66774
6900.52 16.8167 -1.99318e-008 0.700852
7176.54 17.499 -2.07261e-008 0.733963
7452.57 18.1813 -2.15225e-008 0.767075
7728.59 18.8636 -2.23156e-008 0.800186
8004.61 19.5459 -2.31121e-008 0.833298
8280.63 20.2282 -2.39047e-008 0.86641
8556.65 20.9105 -2.47037e-008 0.899521
8832.67 21.5928 -2.5496e-008 0.932633
9108.69 22.275 -2.62906e-008 0.965744
9384.71 22.9573 -2.70866e-008 0.998856
9660.73 23.6396 -2.78808e-008 1.03197
9936.75 24.3219 -2.86744e-008 1.06508
10212.8 25.0042 -2.94693e-008 1.09819
10488.8 25.6865 -3.02621e-008 1.1313
10764.8 26.3688 -3.10593e-008 1.16441
11040.8 27.051 -3.1853e-008 1.19753
11316.9 27.7333 -3.26474e-008 1.23064
11592.9 28.4156 -3.34428e-008 1.26375
11868.9 29.0979 -3.42382e-008 1.29686
12144.9 29.7802 -3.50321e-008 1.32997
12420.9 30.4625 -3.58285e-008 1.36308
12697 31.1448 -3.66238e-008 1.39619
12973 31.827 -3.74171e-008 1.42931
13249 32.5093 -3.82101e-008 1.46242
13525 33.1916 -3.90037e-008 1.49553
13801 33.8739 -3.97999e-008 1.52864
14077.1 34.5562 -4.0597e-008 1.56175
