276.021 0.161861 -2.17946e-010 -0.0282397
552.042 0.375357 -4.06167e-010 0.0148933
828.063 0.588853 -5.95221e-010 0.0580262
1104.08 0.802349 -7.83459e-010 0.101159
1380.1 1.01584 -9.71401e-010 0.144292
1656.13 1.22934 -1.15969e-009 0.187425
1932.15 1.44284 -1.34903e-009 0.230558
2208.17 1.65633 -1.53629e-009 0.273691
2484.19 1.86983 -1.72403e-009 0.316824
2760.21 2.08332 -1.91449e-009 0.359957
3036.23 2.29682 -2.1012e-009 0.40309
3312.25 2.51032 -2.2889e-009 0.446223
3588.27 2.72381 -2.47815e-009 0.489356
3864.29 2.93731 -2.666e-009 0.532488
4140.31 3.1508 -2.855e-009 0.575621
4416.33 3.3643 -3.04436e-009 0.618754
4692.36 3.5778 -3.23257e-009 0.661887
4968.38 3.79129 -3.42154e-009 0.70502
5244.4 4.00479 -3.60955e-009 0.748153
5520.42 4.21828 -3.79714e-009 0.791286
5796.44 4.43178 -3.98571e-009 0.834419
6072.46 4.64527 -4.1746e-009 0.877552
6348.48 4.85877 -4.36234e-009 0.920685
6624.5 5.07227 -4.5514e-009 0.963818
6900.52 5.28576 -4.73969e-009 1.00695
7176.54 5.49926 -4.92778e-009 1.05008
7452.57 5.71275 -5.11709e-009 1.09322
7728.59 5.92625 -5.30462e-009 1.13635
8004.61 6.13975 -5.49383e-009 1.17948
8280.63 6.35324 -5.68098e-009 1.22262
8556.65 6.56674 -5.87171e-009 1.26575
8832.67 6.78023 -6.05881e-009 1.30888
9108.69 6.99373 -6.24716e-009 1.35201
9384.71 7.20723 -6.43626e-009 1.39515
9660.73 7.42072 -6.6244e-009 1.43828
9936.75 7.63422 -6.81204e-009 1.48141
10212.8 7.84771 -7.00053e-009 1.52455
10488.8 8.06121 -7.18791e-009 1.56768
10764.8 8.2747 -7.37767e-009 1.61081
11040.8 8.4882 -7.5655e-009 1.65394
11316.9 8.7017 -7.75349e-009 1.69708
11592.9 8.91519 -7.94244e-009 1.74021
11868.9 9.12869 -8.13113e-009 1.78334
12144.9 9.34218 -8.31899e-009 1.82648
12420.9 9.55568 -8.50814e-009 1.86961
12697 9.76918 -8.6968e-009 1.91274
12973 9.98267 -8.8845e-009 1.95588
13249 10.1962 -9.07202e-009 1.99901
13525 10.4097 -9.25971e-009 2.04214
13801 10.6232 -9.44904e-009 2.08527
14077.1 10.8367 -9.6384e-009 2.12841
