276.021 0.492158 6.82656e-010 -0.106503
552.042 1.28564 1.44529e-009 -0.0786813
828.063 2.07913 2.20509e-009 -0.05086
1104.08 2.87261 2.96716e-009 -0.0230387
1380.1 3.66609 3.73038e-009 0.00478264
1656.13 4.45958 4.49194e-009 0.032604
1932.15 5.25306 5.25211e-009 0.0604253
2208.17 6.04655 6.01537e-009 0.0882466
2484.19 6.84003 6.77772e-009 0.116068
2760.21 7.63351 7.5366e-009 0.143889
3036.23 8.427 8.30022e-009 0.171711
3312.25 9.22048 9.06332e-009 0.199532
3588.27 10.014 9.82375e-009 0.227353
3864.29 10.8075 1.05861e-008 0.255175
4140.31 11.6009 1.13469e-008 0.282996
4416.33 12.3944 1.21072e-008 0.310817
4692.36 13.1879 1.28686e-008 0.338639
4968.38 13.9814 1.36293e-008 0.36646
5244.4 14.7749 1.43922e-008 0.394281
5520.42 15.5684 1.51548e-008 0.422103
5796.44 16.3618 1.59162e-008 0.449924
6072.46 17.1553 1.66765e-008 0.477745
6348.48 17.9488 1.74391e-008 0.505566
6624.5 18.7423 1.82011e-008 0.533388
6900.52 19.5358 1.89622e-008 0.561209
7176.54 20.3293 1.97246e-008 0.58903
7452.57 21.1227 2.0485e-008 0.616852
7728.59 21.9162 2.12483e-008 0.644673
8004.61 22.7097 2.20072e-008 0.672494
8280.63 23.5032 2.27721e-008 0.700316
8556.65 24.2967 2.35291e-008 0.728137
8832.67 25.0902 2.4294e-008 0.755958
9108.69 25.8836 2.5055e-008 0.78378
9384.71 26.6771 2.58154e-008 0.811601
9660.73 27.4706 2.65779e-008 0.839422
9936.75 28.2641 2.73406e-008 0.867244
10212.8 29.0576 2.81022e-008 0.895065
10488.8 29.8511 2.88654e-008 0.922886
10764.8 30.6446 2.96246e-008 0.950708
11040.8 31.438 3.03876e-008 0.978529
11316.9 32.2315 3.11501e-008 1.00635
11592.9 33.025 3.19097e-008 1.03417
11868.9 33.8185 3.26715e-008 1.06199
12144.9 34.612 3.34335e-008 1.08981
12420.9 35.4055 3.41943e-008 1.11764
12697 36.1989 3.49553e-008 1.14546
12973 36.9924 3.57189e-008 1.17328
13249 37.7859 3.64822e-008 1.2011
13525 38.5794 3.72444e-008 1.22892
13801 39.3729 3.80039e-008 1.25674
14077.1 40.1664 3.87651e-008 1.28456
