276.021 0.294897 -4.03567e-010 -0.14493
552.042 0.723294 -9.08804e-010 -0.141382
828.063 1.15169 -1.41208e-009 -0.137835
1104.08 1.58009 -1.91744e-009 -0.134288
1380.1 2.00849 -2.42345e-009 -0.130741
1656.13 2.43688 -2.92846e-009 -0.127194
1932.15 2.86528 -3.43135e-009 -0.123647
2208.17 3.29368 -3.93889e-009 -0.1201
2484.19 3.72207 -4.44513e-009 -0.116553
2760.21 4.15047 -4.94585e-009 -0.113006
3036.23 4.57887 -5.4535e-009 -0.109459
3312.25 5.00727 -5.96052e-009 -0.105912
3588.27 5.43566 -6.46327e-009 -0.102364
3864.29 5.86406 -6.96955e-009 -0.0988173
4140.31 6.29246 -7.47325e-009 -0.0952702
4416.33 6.72086 -7.97603e-009 -0.0917232
4692.36 7.14925 -8.48083e-009 -0.0881761
4968.38 7.57765 -8.98481e-009 -0.084629
5244.4 8.00605 -9.49049e-009 -0.0810819
5520.42 8.43444 -9.99723e-009 -0.0775348
5796.44 8.86284 -1.05013e-008 -0.0739877
6072.46 9.29124 -1.10054e-008 -0.0704406
6348.48 9.71964 -1.15115e-008 -0.0668935
6624.5 10.148 -1.20152e-008 -0.0633464
6900.52 10.5764 -1.25203e-008 -0.0597993
7176.54 11.0048 -1.30262e-008 -0.0562522
7452.57 11.4332 -1.35288e-008 -0.0527051
7728.59 11.8616 -1.40356e-008 -0.049158
8004.61 12.29 -1.45389e-008 -0.0456109
8280.63 12.7184 -1.50468e-008 -0.0420639
8556.65 13.1468 -1.55463e-008 -0.0385168
8832.67 13.5752 -1.6054e-008 -0.0349697
9108.69 14.0036 -1.65586e-008 -0.0314226
9384.71 14.432 -1.7062e-008 -0.0278755
9660.73 14.8604 -1.75672e-008 -0.0243284
9936.75 15.2888 -1.80742e-008 -0.0207813
10212.8 15.7172 -1.8579e-008 -0.0172342
10488.8 16.1456 -1.9086e-008 -0.0136871
10764.8 16.574 -1.95876e-008 -0.01014
11040.8 17.0024 -2.00942e-008 -0.00659292
11316.9 17.4308 -2.06001e-008 -0.00304583
11592.9 17.8592 -2.11031e-008 0.000501263
11868.9 18.2876 -2.16075e-008 0.00404836
12144.9 18.716 -2.21141e-008 0.00759545
12420.9 19.1444 -2.26173e-008 0.0111425
12697 19.5728 -2.31217e-008 0.0146896
12973 20.0012 -2.36281e-008 0.0182367
13249 20.4296 -2.41347e-008 0.0217838
13525 20.858 -2.46414e-008 0.0253309
13801 21.2864 -2.51436e-008 0.028878
14077.1 21.7148 -2.56471e-008 0.0324251
