276.021 0.443654 6.83844e-010 -0.0938261
552.042 1.12965 1.43742e-009 -0.0607145
828.063 1.81564 2.18941e-009 -0.027603
1104.08 2.50164 2.9427e-009 0.0055086
1380.1 3.18763 3.69687e-009 0.0386202
1656.13 3.87363 4.4503e-009 0.0717317
1932.15 4.55962 5.20155e-009 0.104843
2208.17 5.24562 5.95683e-009 0.137955
2484.19 5.93161 6.71123e-009 0.171066
2760.21 6.6176 7.46023e-009 0.204178
3036.23 7.3036 8.21729e-009 0.23729
3312.25 7.98959 8.97137e-009 0.270401
3588.27 8.67559 9.723e-009 0.303513
3864.29 9.36158 1.04772e-008 0.336624
4140.31 10.0476 1.12291e-008 0.369736
4416.33 10.7336 1.19805e-008 0.402847
4692.36 11.4196 1.27343e-008 0.435959
4968.38 12.1056 1.34862e-008 0.469071
5244.4 12.7916 1.424e-008 0.502182
5520.42 13.4776 1.49947e-008 0.535294
5796.44 14.1635 1.57479e-008 0.568405
6072.46 14.8495 1.64999e-008 0.601517
6348.48 15.5355 1.72545e-008 0.634629
6624.5 16.2215 1.80062e-008 0.66774
6900.52 16.9075 1.87596e-008 0.700852
7176.54 17.5935 1.95132e-008 0.733963
7452.57 18.2795 2.02648e-008 0.767075
7728.59 18.9655 2.10196e-008 0.800186
8004.61 19.6515 2.1771e-008 0.833298
8280.63 20.3375 2.25263e-008 0.86641
8556.65 21.0235 2.32753e-008 0.899521
8832.67 21.7095 2.40309e-008 0.932633
9108.69 22.3955 2.47843e-008 0.965744
9384.71 23.0815 2.55362e-008 0.998856
9660.73 23.7675 2.629e-008 1.03197
9936.75 24.4535 2.70443e-008 1.06508
10212.8 25.1395 2.77973e-008 1.09819
10488.8 25.8255 2.85524e-008 1.1313
10764.8 26.5114 2.93032e-008 1.16441
11040.8 27.1974 3.00574e-008 1.19753
11316.9 27.8834 3.0811e-008 1.23064
11592.9 28.5694 3.15636e-008 1.26375
11868.9 29.2554 3.23161e-008 1.29686
12144.9 29.9414 3.30701e-008 1.32997
12420.9 30.6274 3.38217e-008 1.36308
12697 31.3134 3.45743e-008 1.39619
12973 31.9994 3.5329e-008 1.42931
13249 32.6854 3.60839e-008 1.46242
13525 33.3714 3.68382e-008 1.49553
13801 34.0574 3.759e-008 1.52864
14077.1 34.7434 3.83408e-008 1.56175
