276.021 0.164293 2.14911e-012 -0.0728593
552.042 0.381285 2.15673e-012 -0.0938911
828.063 0.598278 2.19449e-012 -0.114923
1104.08 0.81527 2.16995e-012 -0.135955
1380.1 1.03226 2.12084e-012 -0.156987
1656.13 1.24926 2.15187e-012 -0.178018
1932.15 1.46625 2.20519e-012 -0.19905
2208.17 1.68324 2.13961e-012 -0.220082
2484.19 1.90023 2.12985e-012 -0.241114
2760.21 2.11723 2.16106e-012 -0.262146
3036.23 2.33422 2.16858e-012 -0.283178
3312.25 2.55121 2.08343e-012 -0.304209
3588.27 2.7682 2.17505e-012 -0.325241
3864.29 2.9852 2.15742e-012 -0.346273
4140.31 3.20219 2.11287e-012 -0.367305
4416.33 3.41918 2.13843e-012 -0.388337
4692.36 3.63617 2.18447e-012 -0.409369
4968.38 3.85317 2.144e-012 -0.430401
5244.4 4.07016 2.16542e-012 -0.451432
5520.42 4.28715 2.16164e-012 -0.472464
5796.44 4.50414 2.18733e-012 -0.493496
6072.46 4.72114 2.1872e-012 -0.514528
6348.48 4.93813 2.14471e-012 -0.53556
6624.5 5.15512 2.1953e-012 -0.556592
6900.52 5.37211 2.19223e-012 -0.577623
7176.54 5.58911 2.14906e-012 -0.598655
7452.57 5.8061 2.17373e-012 -0.619687
7728.59 6.02309 2.17802e-012 -0.640719
8004.61 6.24008 2.14783e-012 -0.661751
8280.63 6.45708 2.12222e-012 -0.682783
8556.65 6.67407 2.13406e-012 -0.703814
8832.67 6.89106 2.15747e-012 -0.724846
9108.69 7.10805 2.19757e-012 -0.745878
9384.71 7.32505 2.17632e-012 -0.76691
9660.73 7.54204 2.18914e-012 -0.787942
9936.75 7.75903 2.20112e-012 -0.808974
10212.8 7.97602 2.15793e-012 -0.830005
10488.8 8.19302 2.1594e-012 -0.851037
10764.8 8.41001 2.18631e-012 -0.872069
11040.8 8.627 2.13917e-012 -0.893101
11316.9 8.84399 2.13866e-012 -0.914133
11592.9 9.06099 2.17296e-012 -0.935165
11868.9 9.27798 2.15118e-012 -0.956196
12144.9 9.49497 2.12223e-012 -0.977228
12420.9 9.71196 2.131e-012 -0.99826
12697 9.92896 2.12331e-012 -1.01929
12973 10.1459 2.13193e-012 -1.04032
13249 10.3629 2.1501e-012 -1.06136
13525 10.5799 2.07341e-012 -1.08239
13801 10.7969 2.15192e-012 -1.10342
14077.1 11.0139 2.14103e-012 -1.12445
