276.021 0.222067 4.91392e-010 -0.131143
552.042 0.534512 9.09184e-010 -0.134862
828.063 0.846956 1.32849e-009 -0.138582
1104.08 1.1594 1.74614e-009 -0.142301
1380.1 1.47184 2.16332e-009 -0.146021
1656.13 1.78429 2.58126e-009 -0.14974
1932.15 2.09673 3.00089e-009 -0.15346
2208.17 2.40918 3.41683e-009 -0.157179
2484.19 2.72162 3.83379e-009 -0.160899
2760.21 3.03407 4.25517e-009 -0.164618
3036.23 3.34651 4.67098e-009 -0.168338
3312.25 3.65895 5.08734e-009 -0.172057
3588.27 3.9714 5.50709e-009 -0.175777
3864.29 4.28384 5.92401e-009 -0.179496
4140.31 4.59629 6.34301e-009 -0.183216
4416.33 4.90873 6.76274e-009 -0.186935
4692.36 5.22118 7.18084e-009 -0.190655
4968.38 5.53362 7.59962e-009 -0.194374
5244.4 5.84606 8.01703e-009 -0.198094
5520.42 6.15851 8.43359e-009 -0.201813
5796.44 6.47095 8.85229e-009 -0.205533
6072.46 6.7834 9.27095e-009 -0.209252
6348.48 7.09584 9.688e-009 -0.212972
6624.5 7.40829 1.0107e-008 -0.216691
6900.52 7.72073 1.05249e-008 -0.220411
7176.54 8.03317 1.09421e-008 -0.22413
7452.57 8.34562 1.1362e-008 -0.22785
7728.59 8.65806 1.17785e-008 -0.231569
8004.61 8.97051 1.21978e-008 -0.235288
8280.63 9.28295 1.26135e-008 -0.239008
8556.65 9.5954 1.30358e-008 -0.242727
8832.67 9.90784 1.34516e-008 -0.246447
9108.69 10.2203 1.38698e-008 -0.250166
9384.71 10.5327 1.42892e-008 -0.253886
9660.73 10.8452 1.47069e-008 -0.257605
9936.75 11.1576 1.51232e-008 -0.261325
10212.8 11.4701 1.55414e-008 -0.265044
10488.8 11.7825 1.59577e-008 -0.268764
10764.8 12.0949 1.63784e-008 -0.272483
11040.8 12.4074 1.67951e-008 -0.276203
11316.9 12.7198 1.72123e-008 -0.279922
11592.9 13.0323 1.76318e-008 -0.283642
11868.9 13.3447 1.80503e-008 -0.287361
12144.9 13.6572 1.8467e-008 -0.291081
12420.9 13.9696 1.88863e-008 -0.2948
12697 14.2821 1.93048e-008 -0.29852
12973 14.5945 1.97216e-008 -0.302239
13249 14.9069 2.01383e-008 -0.305959
13525 15.2194 2.05549e-008 -0.309678
13801 15.5318 2.09751e-008 -0.313398
14077.1 15.8443 2.13943e-008 -0.317117
