276.021 0.559237 -2.49648e-009 -0.120471
552.042 1.53474 -4.75751e-009 -0.0998159
828.063 2.51024 -7.01928e-009 -0.0791613
1104.08 3.48574 -9.28019e-009 -0.0585067
1380.1 4.46124 -1.15413e-008 -0.0378521
1656.13 5.43675 -1.38019e-008 -0.0171975
1932.15 6.41225 -1.60633e-008 0.00345713
2208.17 7.38775 -1.83234e-008 0.0241117
2484.19 8.36325 -2.05838e-008 0.0447664
2760.21 9.33875 -2.28464e-008 0.065421
3036.23 10.3143 -2.51075e-008 0.0860756
3312.25 11.2898 -2.73674e-008 0.10673
3588.27 12.2653 -2.96287e-008 0.127385
3864.29 13.2408 -3.18888e-008 0.148039
4140.31 14.2163 -3.41512e-008 0.168694
4416.33 15.1918 -3.64133e-008 0.189349
4692.36 16.1673 -3.86745e-008 0.210003
4968.38 17.1428 -4.09362e-008 0.230658
5244.4 18.1183 -4.31966e-008 0.251312
5520.42 19.0938 -4.54563e-008 0.271967
5796.44 20.0693 -4.77184e-008 0.292622
6072.46 21.0448 -4.99793e-008 0.313276
6348.48 22.0203 -5.22408e-008 0.333931
6624.5 22.9958 -5.45013e-008 0.354586
6900.52 23.9713 -5.67623e-008 0.37524
7176.54 24.9468 -5.90229e-008 0.395895
7452.57 25.9223 -6.12856e-008 0.416549
7728.59 26.8978 -6.35453e-008 0.437204
8004.61 27.8733 -6.58073e-008 0.457859
8280.63 28.8488 -6.80663e-008 0.478513
8556.65 29.8243 -7.03314e-008 0.499168
8832.67 30.7998 -7.25903e-008 0.519822
9108.69 31.7753 -7.48515e-008 0.540477
9384.71 32.7508 -7.71141e-008 0.561132
9660.73 33.7263 -7.93751e-008 0.581786
9936.75 34.7018 -8.16336e-008 0.602441
10212.8 35.6773 -8.38953e-008 0.623095
10488.8 36.6528 -8.61551e-008 0.64375
10764.8 37.6283 -8.84185e-008 0.664405
11040.8 38.6038 -9.06787e-008 0.685059
11316.9 39.5793 -9.29385e-008 0.705714
11592.9 40.5548 -9.52015e-008 0.726369
11868.9 41.5303 -9.7463e-008 0.747023
12144.9 42.5058 -9.97226e-008 0.767678
12420.9 43.4813 -1.01985e-007 0.788332
12697 44.4568 -1.04246e-007 0.808987
12973 45.4323 -1.06506e-007 0.829642
13249 46.4078 -1.08766e-007 0.850296
13525 47.3833 -1.11027e-007 0.870951
13801 48.3588 -1.13289e-007 0.891605
14077.1 49.3343 -1.1555e-007 0.91226
