276.021 0.492158 -8.05448e-010 -0.106503
552.042 1.28564 -1.56607e-009 -0.0786813
828.063 2.07913 -2.32951e-009 -0.05086
1104.08 2.87261 -3.0907e-009 -0.0230387
1380.1 3.66609 -3.85072e-009 0.00478264
1656.13 4.45958 -4.61241e-009 0.032604
1932.15 5.25306 -5.3755e-009 0.0604253
2208.17 6.04655 -6.13549e-009 0.0882466
2484.19 6.84003 -6.89639e-009 0.116068
2760.21 7.63351 -7.66076e-009 0.143889
3036.23 8.427 -8.42039e-009 0.171711
3312.25 9.22048 -9.18054e-009 0.199532
3588.27 10.014 -9.94336e-009 0.227353
3864.29 10.8075 -1.07043e-008 0.255175
4140.31 11.6009 -1.14667e-008 0.282996
4416.33 12.3944 -1.22297e-008 0.310817
4692.36 13.1879 -1.29916e-008 0.338639
4968.38 13.9814 -1.37541e-008 0.36646
5244.4 14.7749 -1.45144e-008 0.394281
5520.42 15.5684 -1.5275e-008 0.422103
5796.44 16.3618 -1.60369e-008 0.449924
6072.46 17.1553 -1.67999e-008 0.477745
6348.48 17.9488 -1.75605e-008 0.505566
6624.5 18.7423 -1.83218e-008 0.533388
6900.52 19.5358 -1.90839e-008 0.561209
7176.54 20.3293 -1.98448e-008 0.58903
7452.57 21.1227 -2.06076e-008 0.616852
7728.59 21.9162 -2.13676e-008 0.644673
8004.61 22.7097 -2.21319e-008 0.672494
8280.63 23.5032 -2.28903e-008 0.700316
8556.65 24.2967 -2.36565e-008 0.728137
8832.67 25.0902 -2.44148e-008 0.755958
9108.69 25.8836 -2.51771e-008 0.78378
9384.71 26.6771 -2.59399e-008 0.811601
9660.73 27.4706 -2.67007e-008 0.839422
9936.75 28.2641 -2.74613e-008 0.867244
10212.8 29.0576 -2.82229e-008 0.895065
10488.8 29.8511 -2.8983e-008 0.922886
10764.8 30.6446 -2.9747e-008 0.950708
11040.8 31.438 -3.05073e-008 0.978529
11316.9 32.2315 -3.1268e-008 1.00635
11592.9 33.025 -3.20317e-008 1.03417
11868.9 33.8185 -3.27932e-008 1.06199
12144.9 34.612 -3.35543e-008 1.08981
12420.9 35.4055 -3.43168e-008 1.11764
12697 36.1989 -3.50791e-008 1.14546
12973 36.9924 -3.58387e-008 1.17328
13249 37.7859 -3.65987e-008 1.2011
13525 38.5794 -3.73598e-008 1.22892
13801 39.3729 -3.81235e-008 1.25674
14077.1 40.1664 -3.88855e-008 1.28456
