276.021 0.297182 6.53868e-010 -0.14493
552.042 0.72945 1.21207e-009 -0.141382
828.063 1.16172 1.77223e-009 -0.137835
1104.08 1.59399 2.33031e-009 -0.134288
1380.1 2.02625 2.88774e-009 -0.130741
1656.13 2.45852 3.44616e-009 -0.127194
1932.15 2.89079 4.00671e-009 -0.123647
2208.17 3.32306 4.5626e-009 -0.1201
2484.19 3.75532 5.11979e-009 -0.116553
2760.21 4.18759 5.68252e-009 -0.113006
3036.23 4.61986 6.23831e-009 -0.109459
3312.25 5.05213 6.79472e-009 -0.105912
3588.27 5.48439 7.35542e-009 -0.102364
3864.29 5.91666 7.91257e-009 -0.0988173
4140.31 6.34893 8.47231e-009 -0.0952702
4416.33 6.7812 9.03297e-009 -0.0917232
4692.36 7.21347 9.59161e-009 -0.0881761
4968.38 7.64573 1.01511e-008 -0.084629
5244.4 8.078 1.07088e-008 -0.0810819
5520.42 8.51027 1.12655e-008 -0.0775348
5796.44 8.94254 1.18249e-008 -0.0739877
6072.46 9.3748 1.23842e-008 -0.0704406
6348.48 9.80707 1.29415e-008 -0.0668935
6624.5 10.2393 1.35013e-008 -0.0633464
6900.52 10.6716 1.40597e-008 -0.0597993
7176.54 11.1039 1.46172e-008 -0.0562522
7452.57 11.5361 1.5178e-008 -0.0527051
7728.59 11.9684 1.57347e-008 -0.049158
8004.61 12.4007 1.62948e-008 -0.0456109
8280.63 12.8329 1.68503e-008 -0.0420639
8556.65 13.2652 1.74142e-008 -0.0385168
8832.67 13.6975 1.797e-008 -0.0349697
9108.69 14.1297 1.85288e-008 -0.0314226
9384.71 14.562 1.90889e-008 -0.0278755
9660.73 14.9943 1.96471e-008 -0.0243284
9936.75 15.4266 2.02035e-008 -0.0207813
10212.8 15.8588 2.07622e-008 -0.0172342
10488.8 16.2911 2.13186e-008 -0.0136871
10764.8 16.7234 2.18804e-008 -0.01014
11040.8 17.1556 2.24373e-008 -0.00659293
11316.9 17.5879 2.29948e-008 -0.00304583
11592.9 18.0202 2.35552e-008 0.00050126
11868.9 18.4524 2.41143e-008 0.00404835
12144.9 18.8847 2.46712e-008 0.00759545
12420.9 19.317 2.52314e-008 0.0111425
12697 19.7492 2.57905e-008 0.0146896
12973 20.1815 2.63474e-008 0.0182367
13249 20.6138 2.69043e-008 0.0217838
13525 21.046 2.7461e-008 0.0253309
13801 21.4783 2.80223e-008 0.028878
14077.1 21.9106 2.85822e-008 0.0324251
