276.021 0.222067 -3.38385e-010 -0.131143
552.042 0.534512 -7.56729e-010 -0.134862
828.063 0.846956 -1.17356e-009 -0.138582
1104.08 1.1594 -1.59204e-009 -0.142301
1380.1 1.47184 -2.011e-009 -0.146021
1656.13 1.78429 -2.4292e-009 -0.14974
1932.15 2.09673 -2.84571e-009 -0.15346
2208.17 2.40918 -3.2659e-009 -0.157179
2484.19 2.72162 -3.68508e-009 -0.160899
2760.21 3.03407 -4.09983e-009 -0.164618
3036.23 3.34651 -4.52016e-009 -0.168338
3312.25 3.65895 -4.93993e-009 -0.172057
3588.27 3.9714 -5.35633e-009 -0.175777
3864.29 4.28384 -5.77554e-009 -0.179496
4140.31 4.59629 -6.19268e-009 -0.183216
4416.33 4.90873 -6.60908e-009 -0.186935
4692.36 5.22118 -7.02712e-009 -0.190655
4968.38 5.53362 -7.44448e-009 -0.194374
5244.4 5.84606 -7.8632e-009 -0.198094
5520.42 6.15851 -8.28278e-009 -0.201813
5796.44 6.47095 -8.70021e-009 -0.205533
6072.46 6.7834 -9.11769e-009 -0.209252
6348.48 7.09584 -9.53678e-009 -0.212972
6624.5 7.40829 -9.95387e-009 -0.216691
6900.52 7.72073 -1.03721e-008 -0.220411
7176.54 8.03317 -1.0791e-008 -0.22413
7452.57 8.34562 -1.12073e-008 -0.22785
7728.59 8.65806 -1.16269e-008 -0.231569
8004.61 8.97051 -1.20438e-008 -0.235288
8280.63 9.28295 -1.24643e-008 -0.239008
8556.65 9.5954 -1.28781e-008 -0.242727
8832.67 9.90784 -1.32984e-008 -0.246447
9108.69 10.2203 -1.37163e-008 -0.250166
9384.71 10.5327 -1.41331e-008 -0.253886
9660.73 10.8452 -1.45515e-008 -0.257605
9936.75 11.1576 -1.49713e-008 -0.261325
10212.8 11.4701 -1.53893e-008 -0.265044
10488.8 11.7825 -1.58091e-008 -0.268764
10764.8 12.0949 -1.62246e-008 -0.272483
11040.8 12.4074 -1.6644e-008 -0.276203
11316.9 12.7198 -1.70629e-008 -0.279922
11592.9 13.0323 -1.74795e-008 -0.283642
11868.9 13.3447 -1.78972e-008 -0.287361
12144.9 13.6572 -1.83166e-008 -0.291081
12420.9 13.9696 -1.87334e-008 -0.2948
12697 14.2821 -1.91511e-008 -0.29852
12973 14.5945 -1.95704e-008 -0.302239
13249 14.9069 -1.99899e-008 -0.305959
13525 15.2194 -2.04094e-008 -0.309678
13801 15.5318 -2.08254e-008 -0.313398
14077.1 15.8443 -2.12423e-008 -0.317117
