276.021 0.128468 3.8645e-010 -0.112132
552.042 0.302159 6.86989e-010 -0.121602
828.063 0.475851 9.886e-010 -0.131072
1104.08 0.649542 1.28904e-009 -0.140543
1380.1 0.823234 1.58916e-009 -0.150013
1656.13 0.996925 1.88977e-009 -0.159483
1932.15 1.17062 2.19165e-009 -0.168954
2208.17 1.34431 2.49084e-009 -0.178424
2484.19 1.518 2.79075e-009 -0.187894
2760.21 1.69169 3.09391e-009 -0.197365
3036.23 1.86538 3.39294e-009 -0.206835
3312.25 2.03907 3.69248e-009 -0.216305
3588.27 2.21277 3.99439e-009 -0.225775
3864.29 2.38646 4.29433e-009 -0.235246
4140.31 2.56015 4.59573e-009 -0.244716
4416.33 2.73384 4.89768e-009 -0.254186
4692.36 2.90753 5.19838e-009 -0.263657
4968.38 3.08122 5.49966e-009 -0.273127
5244.4 3.25491 5.7999e-009 -0.282597
5520.42 3.42861 6.09957e-009 -0.292068
5796.44 3.6023 6.40072e-009 -0.301538
6072.46 3.77599 6.70189e-009 -0.311008
6348.48 3.94968 7.00188e-009 -0.320479
6624.5 4.12337 7.30333e-009 -0.329949
6900.52 4.29706 7.6039e-009 -0.339419
7176.54 4.47076 7.90408e-009 -0.348889
7452.57 4.64445 8.20609e-009 -0.35836
7728.59 4.81814 8.50569e-009 -0.36783
8004.61 4.99183 8.8073e-009 -0.3773
8280.63 5.16552 9.10631e-009 -0.386771
8556.65 5.33921 9.41012e-009 -0.396241
8832.67 5.5129 9.7092e-009 -0.405711
9108.69 5.6866 1.001e-008 -0.415182
9384.71 5.86029 1.03116e-008 -0.424652
9660.73 6.03398 1.06121e-008 -0.434122
9936.75 6.20767 1.09117e-008 -0.443593
10212.8 6.38136 1.12124e-008 -0.453063
10488.8 6.55505 1.15119e-008 -0.462533
10764.8 6.72874 1.18145e-008 -0.472003
11040.8 6.90244 1.21143e-008 -0.481474
11316.9 7.07613 1.24144e-008 -0.490944
11592.9 7.24982 1.27161e-008 -0.500414
11868.9 7.42351 1.30171e-008 -0.509885
12144.9 7.5972 1.3317e-008 -0.519355
12420.9 7.77089 1.36186e-008 -0.528825
12697 7.94459 1.39196e-008 -0.538296
12973 8.11828 1.42195e-008 -0.547766
13249 8.29197 1.45192e-008 -0.557236
13525 8.46566 1.48189e-008 -0.566707
13801 8.63935 1.51211e-008 -0.576177
14077.1 8.81304 1.54227e-008 -0.585647
