276.021 0.297182 3.62308e-011 -0.102993
552.042 0.72945 3.6211e-011 -0.0284208
828.063 1.16172 3.67223e-011 0.0461515
1104.08 1.59399 3.64926e-011 0.120724
1380.1 2.02625 3.62342e-011 0.195296
1656.13 2.45852 3.61881e-011 0.269869
1932.15 2.89079 3.65975e-011 0.344441
2208.17 3.32306 3.57983e-011 0.419013
2484.19 3.75532 3.54503e-011 0.493586
2760.21 4.18759 3.63178e-011 0.568158
3036.23 4.61986 3.6299e-011 0.64273
3312.25 5.05213 3.52968e-011 0.717303
3588.27 5.48439 3.59378e-011 0.791875
3864.29 5.91666 3.54172e-011 0.866447
4140.31 6.34893 3.57301e-011 0.94102
4416.33 6.7812 3.63249e-011 1.01559
4692.36 7.21347 3.66566e-011 1.09016
4968.38 7.64573 3.6714e-011 1.16474
5244.4 8.078 3.64467e-011 1.23931
5520.42 8.51027 3.585e-011 1.31388
5796.44 8.94254 3.64424e-011 1.38845
6072.46 9.3748 3.63477e-011 1.46303
6348.48 9.80707 3.62717e-011 1.5376
6624.5 10.2393 3.63195e-011 1.61217
6900.52 10.6716 3.62657e-011 1.68674
7176.54 11.1039 3.57715e-011 1.76132
7452.57 11.5361 3.66464e-011 1.83589
7728.59 11.9684 3.60423e-011 1.91046
8004.61 12.4007 3.63116e-011 1.98503
8280.63 12.8329 3.52327e-011 2.05961
8556.65 13.2652 3.70719e-011 2.13418
8832.67 13.6975 3.61828e-011 2.20875
9108.69 14.1297 3.6483e-011 2.28332
9384.71 14.562 3.70079e-011 2.35789
9660.73 14.9943 3.70403e-011 2.43247
9936.75 15.4266 3.59607e-011 2.50704
10212.8 15.8588 3.60151e-011 2.58161
10488.8 16.2911 3.5476e-011 2.65618
10764.8 16.7234 3.65995e-011 2.73076
11040.8 17.1556 3.59709e-011 2.80533
11316.9 17.5879 3.54024e-011 2.8799
11592.9 18.0202 3.64315e-011 2.95447
11868.9 18.4524 3.64724e-011 3.02905
12144.9 18.8847 3.56635e-011 3.10362
12420.9 19.317 3.60635e-011 3.17819
12697 19.7492 3.61897e-011 3.25276
12973 20.1815 3.57483e-011 3.32734
13249 20.6138 3.5375e-011 3.40191
13525 21.046 3.47621e-011 3.47648
13801 21.4783 3.58789e-011 3.55105
14077.1 21.9106 3.57327e-011 3.62562
