276.021 0.0895776 -7.66979e-010 -0.0123432
552.042 0.203316 -1.46721e-009 0.026419
828.063 0.317055 -2.16799e-009 0.0651811
1104.08 0.430793 -2.86821e-009 0.103943
1380.1 0.544532 -3.56822e-009 0.142706
1656.13 0.658271 -4.26848e-009 0.181468
1932.15 0.772009 -4.96945e-009 0.22023
2208.17 0.885748 -5.669e-009 0.258992
2484.19 0.999487 -6.36888e-009 0.297754
2760.21 1.11323 -7.07062e-009 0.336517
3036.23 1.22696 -7.76978e-009 0.375279
3312.25 1.3407 -8.46964e-009 0.414041
3588.27 1.45444 -9.17056e-009 0.452803
3864.29 1.56818 -9.87053e-009 0.491565
4140.31 1.68192 -1.05713e-008 0.530327
4416.33 1.79566 -1.12722e-008 0.56909
4692.36 1.9094 -1.19724e-008 0.607852
4968.38 2.02313 -1.26732e-008 0.646614
5244.4 2.13687 -1.33732e-008 0.685376
5520.42 2.25061 -1.4073e-008 0.724138
5796.44 2.36435 -1.47735e-008 0.762901
6072.46 2.47809 -1.54741e-008 0.801663
6348.48 2.59183 -1.6174e-008 0.840425
6624.5 2.70557 -1.68748e-008 0.879187
6900.52 2.81931 -1.7575e-008 0.917949
7176.54 2.93304 -1.82752e-008 0.956712
7452.57 3.04678 -1.89761e-008 0.995474
7728.59 3.16052 -1.96759e-008 1.03424
8004.61 3.27426 -2.03767e-008 1.073
8280.63 3.388 -2.10762e-008 1.11176
8556.65 3.50174 -2.17781e-008 1.15052
8832.67 3.61548 -2.24776e-008 1.18928
9108.69 3.72921 -2.31779e-008 1.22805
9384.71 3.84295 -2.38787e-008 1.26681
9660.73 3.95669 -2.45788e-008 1.30557
9936.75 4.07043 -2.52787e-008 1.34433
10212.8 4.18417 -2.5979e-008 1.3831
10488.8 4.29791 -2.66787e-008 1.42186
10764.8 4.41165 -2.73799e-008 1.46062
11040.8 4.52538 -2.80799e-008 1.49938
11316.9 4.63912 -2.87799e-008 1.53814
11592.9 4.75286 -2.94806e-008 1.57691
11868.9 4.8666 -3.01812e-008 1.61567
12144.9 4.98034 -3.08811e-008 1.65443
12420.9 5.09408 -3.1582e-008 1.69319
12697 5.20782 -3.22825e-008 1.73196
12973 5.32156 -3.29823e-008 1.77072
13249 5.43529 -3.36821e-008 1.80948
13525 5.54903 -3.43819e-008 1.84824
13801 5.66277 -3.50829e-008 1.887
14077.1 5.77651 -3.57839e-008 1.92577
