276.021 0.533824 1.81955e-011 -0.137131
552.042 1.43501 1.82331e-011 -0.174306
828.063 2.33621 1.85218e-011 -0.211481
1104.08 3.2374 1.83463e-011 -0.248655
1380.1 4.13859 1.80373e-011 -0.28583
1656.13 5.03978 1.81955e-011 -0.323004
1932.15 5.94097 1.85626e-011 -0.360179
2208.17 6.84216 1.80519e-011 -0.397354
2484.19 7.74335 1.79377e-011 -0.434528
2760.21 8.64455 1.82729e-011 -0.471703
3036.23 9.54574 1.82988e-011 -0.508878
3312.25 10.4469 1.76491e-011 -0.546052
3588.27 11.3481 1.82772e-011 -0.583227
3864.29 12.2493 1.80885e-011 -0.620401
4140.31 13.1505 1.79029e-011 -0.657576
4416.33 14.0517 1.81516e-011 -0.694751
4692.36 14.9529 1.84579e-011 -0.731925
4968.38 15.8541 1.82476e-011 -0.7691
5244.4 16.7553 1.8305e-011 -0.806275
5520.42 17.6565 1.81823e-011 -0.843449
5796.44 18.5577 1.84279e-011 -0.880624
6072.46 19.4588 1.84171e-011 -0.917798
6348.48 20.36 1.81649e-011 -0.954973
6624.5 21.2612 1.84519e-011 -0.992148
6900.52 22.1624 1.84271e-011 -1.02932
7176.54 23.0636 1.81107e-011 -1.0665
7452.57 23.9648 1.84099e-011 -1.10367
7728.59 24.866 1.83256e-011 -1.14085
8004.61 25.7672 1.81951e-011 -1.17802
8280.63 26.6684 1.786e-011 -1.2152
8556.65 27.5696 1.82594e-011 -1.25237
8832.67 28.4708 1.82266e-011 -1.28954
9108.69 29.3719 1.84919e-011 -1.32672
9384.71 30.2731 1.84852e-011 -1.36389
9660.73 31.1743 1.85574e-011 -1.40107
9936.75 32.0755 1.84186e-011 -1.43824
10212.8 32.9767 1.82009e-011 -1.47542
10488.8 33.8779 1.8109e-011 -1.51259
10764.8 34.7791 1.84618e-011 -1.54977
11040.8 35.6803 1.80961e-011 -1.58694
11316.9 36.5815 1.79847e-011 -1.62412
11592.9 37.4827 1.83529e-011 -1.66129
11868.9 38.3839 1.82505e-011 -1.69847
12144.9 39.2851 1.79399e-011 -1.73564
12420.9 40.1862 1.80564e-011 -1.77282
12697 41.0874 1.80499e-011 -1.80999
12973 41.9886 1.8014e-011 -1.84716
13249 42.8898 1.80465e-011 -1.88434
13525 43.791 1.75095e-011 -1.92151
13801 44.6922 1.81323e-011 -1.95869
14077.1 45.5934 1.80623e-011 -1.99586
