276.021 0.367653 1.01898e-009 -0.0789652
552.042 0.907073 2.07634e-009 -0.040996
828.063 1.44649 3.13218e-009 -0.00302682
1104.08 1.98591 4.1893e-009 0.0349424
1380.1 2.52533 5.24715e-009 0.0729116
1656.13 3.06475 6.30433e-009 0.110881
1932.15 3.60417 7.35959e-009 0.14885
2208.17 4.14359 8.41851e-009 0.186819
2484.19 4.68301 9.47659e-009 0.224788
2760.21 5.22243 1.05298e-008 0.262757
3036.23 5.76185 1.15901e-008 0.300727
3312.25 6.30127 1.26481e-008 0.338696
3588.27 6.84069 1.37036e-008 0.376665
3864.29 7.38011 1.47615e-008 0.414634
4140.31 7.91953 1.58173e-008 0.452603
4416.33 8.45895 1.68726e-008 0.490573
4692.36 8.99837 1.79301e-008 0.528542
4968.38 9.53779 1.89859e-008 0.566511
5244.4 10.0772 2.00435e-008 0.60448
5520.42 10.6166 2.11019e-008 0.642449
5796.44 11.1561 2.21588e-008 0.680419
6072.46 11.6955 2.32147e-008 0.718388
6348.48 12.2349 2.42729e-008 0.756357
6624.5 12.7743 2.53286e-008 0.794326
6900.52 13.3137 2.63858e-008 0.832295
7176.54 13.8532 2.74432e-008 0.870264
7452.57 14.3926 2.84987e-008 0.908234
7728.59 14.932 2.95571e-008 0.946203
8004.61 15.4714 3.06125e-008 0.984172
8280.63 16.0108 3.16716e-008 1.02214
8556.65 16.5503 3.27246e-008 1.06011
8832.67 17.0897 3.37838e-008 1.09808
9108.69 17.6291 3.48409e-008 1.13605
9384.71 18.1685 3.58967e-008 1.17402
9660.73 18.7079 3.69541e-008 1.21199
9936.75 19.2474 3.80123e-008 1.24996
10212.8 19.7868 3.90691e-008 1.28793
10488.8 20.3262 4.01279e-008 1.32589
10764.8 20.8656 4.11825e-008 1.36386
11040.8 21.405 4.22405e-008 1.40183
11316.9 21.9445 4.3298e-008 1.4398
11592.9 22.4839 4.43542e-008 1.47777
11868.9 23.0233 4.54106e-008 1.51574
12144.9 23.5627 4.64684e-008 1.55371
12420.9 24.1021 4.75239e-008 1.59168
12697 24.6416 4.85804e-008 1.62965
12973 25.181 4.96387e-008 1.66762
13249 25.7204 5.06973e-008 1.70559
13525 26.2598 5.17553e-008 1.74356
13801 26.7992 5.28109e-008 1.78152
14077.1 27.3387 5.38659e-008 1.81949
