276.021 0.383702 8.51776e-012 -0.117078
552.042 0.952924 8.53991e-012 -0.149883
828.063 1.52215 8.6808e-012 -0.182688
1104.08 2.09137 8.59279e-012 -0.215493
1380.1 2.66059 8.42926e-012 -0.248298
1656.13 3.22981 8.52201e-012 -0.281103
1932.15 3.79904 8.70884e-012 -0.313908
2208.17 4.36826 8.46218e-012 -0.346713
2484.19 4.93748 8.41372e-012 -0.379518
2760.21 5.5067 8.55884e-012 -0.412323
3036.23 6.07593 8.57671e-012 -0.445127
3312.25 6.64515 8.25968e-012 -0.477932
3588.27 7.21437 8.58033e-012 -0.510737
3864.29 7.78359 8.49925e-012 -0.543542
4140.31 8.35282 8.37788e-012 -0.576347
4416.33 8.92204 8.48873e-012 -0.609152
4692.36 9.49126 8.64673e-012 -0.641957
4968.38 10.0605 8.52518e-012 -0.674762
5244.4 10.6297 8.57444e-012 -0.707567
5520.42 11.1989 8.5329e-012 -0.740372
5796.44 11.7682 8.64277e-012 -0.773177
6072.46 12.3374 8.63954e-012 -0.805982
6348.48 12.9066 8.50181e-012 -0.838787
6624.5 13.4758 8.66213e-012 -0.871591
6900.52 14.045 8.64999e-012 -0.904396
7176.54 14.6143 8.49265e-012 -0.937201
7452.57 15.1835 8.61729e-012 -0.970006
7728.59 15.7527 8.59928e-012 -1.00281
8004.61 16.3219 8.5153e-012 -1.03562
8280.63 16.8912 8.37989e-012 -1.06842
8556.65 17.4604 8.51369e-012 -1.10123
8832.67 18.0296 8.53929e-012 -1.13403
9108.69 18.5988 8.67671e-012 -1.16684
9384.71 19.168 8.64267e-012 -1.19964
9660.73 19.7373 8.68319e-012 -1.23245
9936.75 20.3065 8.661e-012 -1.26525
10212.8 20.8757 8.53263e-012 -1.29806
10488.8 21.4449 8.50812e-012 -1.33086
10764.8 22.0142 8.65093e-012 -1.36367
11040.8 22.5834 8.47406e-012 -1.39647
11316.9 23.1526 8.44082e-012 -1.42928
11592.9 23.7218 8.59864e-012 -1.46208
11868.9 24.291 8.53662e-012 -1.49489
12144.9 24.8603 8.40356e-012 -1.52769
12420.9 25.4295 8.45019e-012 -1.56049
12697 25.9987 8.43661e-012 -1.5933
12973 26.5679 8.43925e-012 -1.6261
13249 27.1372 8.4757e-012 -1.65891
13525 27.7064 8.2044e-012 -1.69171
13801 28.2756 8.50316e-012 -1.72452
14077.1 28.8448 8.46695e-012 -1.75732
