276.021 0.367653 -1.14242e-009 -0.0789652
552.042 0.907073 -2.19894e-009 -0.040996
828.063 1.44649 -3.25697e-009 -0.00302682
1104.08 1.98591 -4.31372e-009 0.0349424
1380.1 2.52533 -5.36974e-009 0.0729116
1656.13 3.06475 -6.42643e-009 0.110881
1932.15 3.60417 -7.48504e-009 0.14885
2208.17 4.14359 -8.54e-009 0.186819
2484.19 4.68301 -9.59579e-009 0.224788
2760.21 5.22243 -1.06564e-008 0.262757
3036.23 5.76185 -1.171e-008 0.300727
3312.25 6.30127 -1.27659e-008 0.338696
3588.27 6.84069 -1.38243e-008 0.376665
3864.29 7.38011 -1.48803e-008 0.414634
4140.31 7.91953 -1.59383e-008 0.452603
4416.33 8.45895 -1.69968e-008 0.490573
4692.36 8.99837 -1.80533e-008 0.528542
4968.38 9.53779 -1.91113e-008 0.566511
5244.4 10.0772 -2.01676e-008 0.60448
5520.42 10.6166 -2.1223e-008 0.642449
5796.44 11.1561 -2.22801e-008 0.680419
6072.46 11.6955 -2.3338e-008 0.718388
6348.48 12.2349 -2.43937e-008 0.756357
6624.5 12.7743 -2.54518e-008 0.794326
6900.52 13.3137 -2.65085e-008 0.832295
7176.54 13.8532 -2.7565e-008 0.870264
7452.57 14.3926 -2.86234e-008 0.908234
7728.59 14.932 -2.96788e-008 0.946203
8004.61 15.4714 -3.07373e-008 0.984172
8280.63 16.0108 -3.17921e-008 1.02214
8556.65 16.5503 -3.2853e-008 1.06011
8832.67 17.0897 -3.39076e-008 1.09808
9108.69 17.6291 -3.49644e-008 1.13605
9384.71 18.1685 -3.60224e-008 1.17402
9660.73 18.7079 -3.70789e-008 1.21199
9936.75 19.2474 -3.81346e-008 1.24996
10212.8 19.7868 -3.91917e-008 1.28793
10488.8 20.3262 -4.02468e-008 1.32589
10764.8 20.8656 -4.1306e-008 1.36386
11040.8 21.405 -4.23619e-008 1.40183
11316.9 21.9445 -4.34183e-008 1.4398
11592.9 22.4839 -4.44759e-008 1.47777
11868.9 23.0233 -4.55335e-008 1.51574
12144.9 23.5627 -4.65895e-008 1.55371
12420.9 24.1021 -4.76478e-008 1.59168
12697 24.6416 -4.87052e-008 1.62965
12973 25.181 -4.97608e-008 1.66762
13249 25.7204 -5.08161e-008 1.70559
13525 26.2598 -5.18719e-008 1.74356
13801 26.7992 -5.29303e-008 1.78152
14077.1 27.3387 -5.39891e-008 1.81949
