276.021 0.481184 8.50754e-010 -0.163607
552.042 1.26666 1.57699e-009 -0.137462
828.063 2.05213 2.30728e-009 -0.111317
1104.08 2.83761 3.03353e-009 -0.0851718
1380.1 3.62309 3.75841e-009 -0.0590266
1656.13 4.40856 4.48581e-009 -0.0328814
1932.15 5.19404 5.21561e-009 -0.00673613
2208.17 5.97951 5.93933e-009 0.0194091
2484.19 6.76499 6.66512e-009 0.0455543
2760.21 7.55046 7.39702e-009 0.0716995
3036.23 8.33594 8.12228e-009 0.0978448
3312.25 9.12141 8.84562e-009 0.12399
3588.27 9.90689 9.57584e-009 0.150135
3864.29 10.6924 1.03013e-008 0.17628
4140.31 11.4778 1.10298e-008 0.202426
4416.33 12.2633 1.17597e-008 0.228571
4692.36 13.0488 1.24881e-008 0.254716
4968.38 13.8343 1.32161e-008 0.280861
5244.4 14.6197 1.39417e-008 0.307007
5520.42 15.4052 1.46667e-008 0.333152
5796.44 16.1907 1.53955e-008 0.359297
6072.46 16.9762 1.6124e-008 0.385442
6348.48 17.7616 1.68499e-008 0.411587
6624.5 18.5471 1.75771e-008 0.437733
6900.52 19.3326 1.83047e-008 0.463878
7176.54 20.1181 1.903e-008 0.490023
7452.57 20.9035 1.97604e-008 0.516168
7728.59 21.689 2.04848e-008 0.542314
8004.61 22.4745 2.12152e-008 0.568459
8280.63 23.26 2.19369e-008 0.594604
8556.65 24.0454 2.26725e-008 0.620749
8832.67 24.8309 2.33948e-008 0.646894
9108.69 25.6164 2.41236e-008 0.67304
9384.71 26.4019 2.48529e-008 0.699185
9660.73 27.1873 2.55795e-008 0.72533
9936.75 27.9728 2.63036e-008 0.751475
10212.8 28.7583 2.70307e-008 0.777621
10488.8 29.5438 2.77554e-008 0.803766
10764.8 30.3292 2.84874e-008 0.829911
11040.8 31.1147 2.92118e-008 0.856056
11316.9 31.9002 2.99371e-008 0.882202
11592.9 32.6857 3.06686e-008 0.908347
11868.9 33.4711 3.13957e-008 0.934492
12144.9 34.2566 3.21208e-008 0.960637
12420.9 35.0421 3.28497e-008 0.986782
12697 35.8276 3.35778e-008 1.01293
12973 36.613 3.43023e-008 1.03907
13249 37.3985 3.50272e-008 1.06522
13525 38.184 3.57523e-008 1.09136
13801 38.9695 3.64843e-008 1.11751
14077.1 39.7549 3.72116e-008 1.14365
