276.021 0.0917641 9.66024e-013 -0.0524669
552.042 0.208442 9.69847e-013 -0.0676374
828.063 0.325119 9.87292e-013 -0.0828078
1104.08 0.441797 9.7577e-013 -0.0979782
1380.1 0.558475 9.51911e-013 -0.113149
1656.13 0.675152 9.6752e-013 -0.128319
1932.15 0.79183 9.9287e-013 -0.143489
2208.17 0.908508 9.62595e-013 -0.15866
2484.19 1.02519 9.58774e-013 -0.17383
2760.21 1.14186 9.71688e-013 -0.189001
3036.23 1.25854 9.75691e-013 -0.204171
3312.25 1.37522 9.36275e-013 -0.219342
3588.27 1.4919 9.79792e-013 -0.234512
3864.29 1.60857 9.72518e-013 -0.249682
4140.31 1.72525 9.49448e-013 -0.264853
4416.33 1.84193 9.60466e-013 -0.280023
4692.36 1.95861 9.82418e-013 -0.295194
4968.38 2.07528 9.62077e-013 -0.310364
5244.4 2.19196 9.73628e-013 -0.325535
5520.42 2.30864 9.73483e-013 -0.340705
5796.44 2.42532 9.84534e-013 -0.355875
6072.46 2.542 9.84596e-013 -0.371046
6348.48 2.65867 9.63882e-013 -0.386216
6624.5 2.77535 9.8879e-013 -0.401387
6900.52 2.89203 9.8743e-013 -0.416557
7176.54 3.00871 9.67339e-013 -0.431728
7452.57 3.12538 9.76941e-013 -0.446898
7728.59 3.24206 9.80766e-013 -0.462068
8004.61 3.35874 9.6519e-013 -0.477239
8280.63 3.47542 9.5561e-013 -0.492409
8556.65 3.59209 9.5618e-013 -0.50758
8832.67 3.70877 9.70396e-013 -0.52275
9108.69 3.82545 9.89517e-013 -0.537921
9384.71 3.94213 9.77272e-013 -0.553091
9660.73 4.0588 9.83599e-013 -0.568261
9936.75 4.17548 9.92721e-013 -0.583432
10212.8 4.29216 9.71044e-013 -0.598602
10488.8 4.40884 9.73275e-013 -0.613773
10764.8 4.52552 9.83421e-013 -0.628943
11040.8 4.64219 9.61712e-013 -0.644114
11316.9 4.75887 9.63194e-013 -0.659284
11592.9 4.87555 9.77416e-013 -0.674454
11868.9 4.99223 9.66308e-013 -0.689625
12144.9 5.1089 9.54244e-013 -0.704795
12420.9 5.22558 9.57583e-013 -0.719966
12697 5.34226 9.53253e-013 -0.735136
12973 5.45894 9.58766e-013 -0.750307
13249 5.57561 9.68877e-013 -0.765477
13525 5.69229 9.3268e-013 -0.780647
13801 5.80897 9.68586e-013 -0.795818
14077.1 5.92565 9.63347e-013 -0.810988
