276.021 0.312834 -6.6792e-010 -0.0626285
552.042 0.758251 -1.27985e-009 -0.0209294
828.063 1.20367 -1.89312e-009 0.0207696
1104.08 1.64909 -2.50521e-009 0.0624687
1380.1 2.0945 -3.11675e-009 0.104168
1656.13 2.53992 -3.72887e-009 0.145867
1932.15 2.98534 -4.3426e-009 0.187566
2208.17 3.43076 -4.9532e-009 0.229265
2484.19 3.87617 -5.5645e-009 0.270964
2760.21 4.32159 -6.17997e-009 0.312663
3036.23 4.76701 -6.78949e-009 0.354362
3312.25 5.21242 -7.40087e-009 0.396061
3588.27 5.65784 -8.01441e-009 0.43776
3864.29 6.10326 -8.62587e-009 0.479459
4140.31 6.54868 -9.23911e-009 0.521158
4416.33 6.99409 -9.8528e-009 0.562857
4692.36 7.43951 -1.04647e-008 0.604556
4968.38 7.88493 -1.10779e-008 0.646255
5244.4 8.33035 -1.16896e-008 0.687954
5520.42 8.77576 -1.23007e-008 0.729653
5796.44 9.22118 -1.29131e-008 0.771352
6072.46 9.6666 -1.35263e-008 0.813051
6348.48 10.112 -1.41375e-008 0.85475
6624.5 10.5574 -1.47508e-008 0.89645
6900.52 11.0028 -1.5363e-008 0.938149
7176.54 11.4483 -1.59748e-008 0.979848
7452.57 11.8937 -1.65884e-008 1.02155
7728.59 12.3391 -1.71994e-008 1.06325
8004.61 12.7845 -1.7813e-008 1.10494
8280.63 13.2299 -1.84235e-008 1.14664
8556.65 13.6754 -1.90392e-008 1.18834
8832.67 14.1208 -1.96495e-008 1.23004
9108.69 14.5662 -2.02617e-008 1.27174
9384.71 15.0116 -2.0875e-008 1.31344
9660.73 15.457 -2.14869e-008 1.35514
9936.75 15.9024 -2.20981e-008 1.39684
10212.8 16.3479 -2.27105e-008 1.43854
10488.8 16.7933 -2.33212e-008 1.48024
10764.8 17.2387 -2.39355e-008 1.52194
11040.8 17.6841 -2.45469e-008 1.56363
11316.9 18.1295 -2.51587e-008 1.60533
11592.9 18.5749 -2.57717e-008 1.64703
11868.9 19.0204 -2.63845e-008 1.68873
12144.9 19.4658 -2.6996e-008 1.73043
12420.9 19.9112 -2.76095e-008 1.77213
12697 20.3566 -2.82222e-008 1.81383
12973 20.802 -2.88333e-008 1.85553
13249 21.2474 -2.94442e-008 1.89723
13525 21.6929 -3.00556e-008 1.93893
13801 22.1383 -3.06691e-008 1.98062
14077.1 22.5837 -3.1283e-008 2.02232
