276.021 0.164293 -1.59114e-010 -0.0282397
552.042 0.381285 -2.91288e-010 0.0148933
828.063 0.598278 -4.24293e-010 0.0580262
1104.08 0.81527 -5.56484e-010 0.101159
1380.1 1.03226 -6.88379e-010 0.144292
1656.13 1.24926 -8.20616e-010 0.187425
1932.15 1.46625 -9.53908e-010 0.230558
2208.17 1.68324 -1.08513e-009 0.273691
2484.19 1.90023 -1.21682e-009 0.316824
2760.21 2.11723 -1.35123e-009 0.359957
3036.23 2.33422 -1.4819e-009 0.40309
3312.25 2.55121 -1.61355e-009 0.446223
3588.27 2.7682 -1.74675e-009 0.489356
3864.29 2.9852 -1.87855e-009 0.532488
4140.31 3.20219 -2.0115e-009 0.575621
4416.33 3.41918 -2.14481e-009 0.618754
4692.36 3.63617 -2.27697e-009 0.661887
4968.38 3.85317 -2.4099e-009 0.70502
5244.4 4.07016 -2.54186e-009 0.748153
5520.42 4.28715 -2.6734e-009 0.791286
5796.44 4.50414 -2.80593e-009 0.834419
6072.46 4.72114 -2.93877e-009 0.877552
6348.48 4.93813 -3.07046e-009 0.920685
6624.5 5.15512 -3.20347e-009 0.963818
6900.52 5.37211 -3.33571e-009 1.00695
7176.54 5.58911 -3.46776e-009 1.05008
7452.57 5.8061 -3.60102e-009 1.09322
7728.59 6.02309 -3.7325e-009 1.13635
8004.61 6.24008 -3.86566e-009 1.17948
8280.63 6.45708 -3.99677e-009 1.22262
8556.65 6.67407 -4.13145e-009 1.26575
8832.67 6.89106 -4.2625e-009 1.30888
9108.69 7.10805 -4.39481e-009 1.35201
9384.71 7.32505 -4.52786e-009 1.39515
9660.73 7.54204 -4.65995e-009 1.43828
9936.75 7.75903 -4.79154e-009 1.48141
10212.8 7.97602 -4.92399e-009 1.52455
10488.8 8.19302 -5.05532e-009 1.56768
10764.8 8.41001 -5.18903e-009 1.61081
11040.8 8.627 -5.32081e-009 1.65394
11316.9 8.84399 -5.45275e-009 1.69708
11592.9 9.06099 -5.58565e-009 1.74021
11868.9 9.27798 -5.7183e-009 1.78334
12144.9 9.49497 -5.85011e-009 1.82648
12420.9 9.71196 -5.98322e-009 1.86961
12697 9.92896 -6.11582e-009 1.91274
12973 10.1459 -6.24748e-009 1.95588
13249 10.3629 -6.37896e-009 1.99901
13525 10.5799 -6.51059e-009 2.04214
13801 10.7969 -6.64388e-009 2.08527
14077.1 11.0139 -6.77719e-009 2.12841
