276.021 0.145504 -6.13725e-010 -0.0282397
552.042 0.335477 -1.17899e-009 0.0148933
828.063 0.52545 -1.7451e-009 0.0580262
1104.08 0.715423 -2.31038e-009 0.101159
1380.1 0.905396 -2.87537e-009 0.144292
1656.13 1.09537 -3.4407e-009 0.187425
1932.15 1.28534 -4.0071e-009 0.230558
2208.17 1.47532 -4.5714e-009 0.273691
2484.19 1.66529 -5.13618e-009 0.316824
2760.21 1.85526 -5.7037e-009 0.359957
3036.23 2.04524 -6.26746e-009 0.40309
3312.25 2.23521 -6.83219e-009 0.446223
3588.27 2.42518 -7.3985e-009 0.489356
3864.29 2.61516 -7.9634e-009 0.532488
4140.31 2.80513 -8.52943e-009 0.575621
4416.33 2.9951 -9.09584e-009 0.618754
4692.36 3.18508 -9.66111e-009 0.661887
4968.38 3.37505 -1.02271e-008 0.70502
5244.4 3.56502 -1.07922e-008 0.748153
5520.42 3.75499 -1.13568e-008 0.791286
5796.44 3.94497 -1.19224e-008 0.834419
6072.46 4.13494 -1.24884e-008 0.877552
6348.48 4.32491 -1.30532e-008 0.920685
6624.5 4.51489 -1.36193e-008 0.963818
6900.52 4.70486 -1.41846e-008 1.00695
7176.54 4.89483 -1.47497e-008 1.05008
7452.57 5.08481 -1.53161e-008 1.09322
7728.59 5.27478 -1.58807e-008 1.13635
8004.61 5.46475 -1.64469e-008 1.17948
8280.63 5.65473 -1.70111e-008 1.22262
8556.65 5.8447 -1.75789e-008 1.26575
8832.67 6.03467 -1.81431e-008 1.30888
9108.69 6.22465 -1.87085e-008 1.35201
9384.71 6.41462 -1.92746e-008 1.39515
9660.73 6.60459 -1.98398e-008 1.43828
9936.75 6.79457 -2.04045e-008 1.48141
10212.8 6.98454 -2.097e-008 1.52455
10488.8 7.17451 -2.15344e-008 1.56768
10764.8 7.36449 -2.21013e-008 1.61081
11040.8 7.55446 -2.26661e-008 1.65394
11316.9 7.74443 -2.32312e-008 1.69708
11592.9 7.93441 -2.37972e-008 1.74021
11868.9 8.12438 -2.43629e-008 1.78334
12144.9 8.31435 -2.49278e-008 1.82648
12420.9 8.50432 -2.5494e-008 1.86961
12697 8.6943 -2.60597e-008 1.91274
12973 8.88427 -2.66244e-008 1.95588
13249 9.07424 -2.7189e-008 1.99901
13525 9.26422 -2.77537e-008 2.04214
13801 9.45419 -2.83201e-008 2.08527
14077.1 9.64416 -2.88865e-008 2.12841
