276.021 0.367102 -5.6498e-010 -0.154584
552.042 0.920665 -1.24829e-009 -0.143299
828.063 1.47423 -1.92927e-009 -0.132013
1104.08 2.02779 -2.61271e-009 -0.120727
1380.1 2.58136 -3.29701e-009 -0.109442
1656.13 3.13492 -3.9801e-009 -0.0981561
1932.15 3.68848 -4.66059e-009 -0.0868705
2208.17 4.24205 -5.34672e-009 -0.0755848
2484.19 4.79561 -6.03125e-009 -0.0642992
2760.21 5.34917 -6.70916e-009 -0.0530136
3036.23 5.90274 -7.39537e-009 -0.0417279
3312.25 6.4563 -8.08089e-009 -0.0304423
3588.27 7.00986 -8.76122e-009 -0.0191566
3864.29 7.56343 -9.44581e-009 -0.00787099
4140.31 8.11699 -1.01273e-008 0.00341465
4416.33 8.67055 -1.08077e-008 0.0147003
4692.36 9.22412 -1.14905e-008 0.0259859
4968.38 9.77768 -1.21723e-008 0.0372716
5244.4 10.3312 -1.28562e-008 0.0485572
5520.42 10.8848 -1.35413e-008 0.0598429
5796.44 11.4384 -1.42232e-008 0.0711285
6072.46 11.9919 -1.49052e-008 0.0824141
6348.48 12.5455 -1.55896e-008 0.0936998
6624.5 13.0991 -1.6271e-008 0.104985
6900.52 13.6526 -1.69542e-008 0.116271
7176.54 14.2062 -1.76384e-008 0.127557
7452.57 14.7598 -1.83185e-008 0.138842
7728.59 15.3133 -1.90038e-008 0.150128
8004.61 15.8669 -1.96848e-008 0.161414
8280.63 16.4204 -2.03713e-008 0.172699
8556.65 16.974 -2.10478e-008 0.183985
8832.67 17.5276 -2.17341e-008 0.195271
9108.69 18.0811 -2.24166e-008 0.206556
9384.71 18.6347 -2.30977e-008 0.217842
9660.73 19.1883 -2.3781e-008 0.229127
9936.75 19.7418 -2.44665e-008 0.240413
10212.8 20.2954 -2.51493e-008 0.251699
10488.8 20.849 -2.58347e-008 0.262984
10764.8 21.4025 -2.65137e-008 0.27427
11040.8 21.9561 -2.71987e-008 0.285556
11316.9 22.5096 -2.78828e-008 0.296841
11592.9 23.0632 -2.85635e-008 0.308127
11868.9 23.6168 -2.92458e-008 0.319413
12144.9 24.1703 -2.99308e-008 0.330698
12420.9 24.7239 -3.06117e-008 0.341984
12697 25.2775 -3.1294e-008 0.35327
12973 25.831 -3.19788e-008 0.364555
13249 26.3846 -3.26638e-008 0.375841
13525 26.9382 -3.33488e-008 0.387126
13801 27.4917 -3.40285e-008 0.398412
14077.1 28.0453 -3.47097e-008 0.409698
