276.021 0.383702 6.21154e-010 -0.0789652
552.042 0.952924 1.30446e-009 -0.040996
828.063 1.52215 1.98625e-009 -0.00302682
1104.08 2.09137 2.66931e-009 0.0349424
1380.1 2.66059 3.35309e-009 0.0729116
1656.13 3.22981 4.03622e-009 0.110881
1932.15 3.79904 4.71743e-009 0.14885
2208.17 4.36826 5.40227e-009 0.186819
2484.19 4.93748 6.08629e-009 0.224788
2760.21 5.5067 6.76548e-009 0.262757
3036.23 6.07593 7.4517e-009 0.300727
3312.25 6.64515 8.13557e-009 0.338696
3588.27 7.21437 8.81707e-009 0.376665
3864.29 7.78359 9.50089e-009 0.414634
4140.31 8.35282 1.01827e-008 0.452603
4416.33 8.92204 1.08639e-008 0.490573
4692.36 9.49126 1.15473e-008 0.528542
4968.38 10.0605 1.22291e-008 0.566511
5244.4 10.6297 1.29127e-008 0.60448
5520.42 11.1989 1.3597e-008 0.642449
5796.44 11.7682 1.42798e-008 0.680419
6072.46 12.3374 1.49617e-008 0.718388
6348.48 12.9066 1.56458e-008 0.756357
6624.5 13.4758 1.63275e-008 0.794326
6900.52 14.045 1.70106e-008 0.832295
7176.54 14.6143 1.7694e-008 0.870264
7452.57 15.1835 1.83754e-008 0.908234
7728.59 15.7527 1.90598e-008 0.946203
8004.61 16.3219 1.97411e-008 0.984172
8280.63 16.8912 2.04261e-008 1.02214
8556.65 17.4604 2.11051e-008 1.06011
8832.67 18.0296 2.17902e-008 1.09808
9108.69 18.5988 2.24733e-008 1.13605
9384.71 19.168 2.3155e-008 1.17402
9660.73 19.7373 2.38384e-008 1.21199
9936.75 20.3065 2.45225e-008 1.24996
10212.8 20.8757 2.52052e-008 1.28793
10488.8 21.4449 2.58899e-008 1.32589
10764.8 22.0142 2.65705e-008 1.36386
11040.8 22.5834 2.72544e-008 1.40183
11316.9 23.1526 2.79378e-008 1.4398
11592.9 23.7218 2.862e-008 1.47777
11868.9 24.291 2.93023e-008 1.51574
12144.9 24.8603 2.99861e-008 1.55371
12420.9 25.4295 3.06676e-008 1.59168
12697 25.9987 3.135e-008 1.62965
12973 26.5679 3.20343e-008 1.66762
13249 27.1372 3.27188e-008 1.70559
13525 27.7064 3.34027e-008 1.74356
13801 28.2756 3.40842e-008 1.78152
14077.1 28.8448 3.47652e-008 1.81949
