276.021 0.469828 -2.74178e-010 -0.163607
552.042 1.22804 -7.36935e-010 -0.137462
828.063 1.98625 -1.19567e-009 -0.111317
1104.08 2.74446 -1.6584e-009 -0.0851718
1380.1 3.50267 -2.12249e-009 -0.0590266
1656.13 4.26089 -2.58409e-009 -0.0328813
1932.15 5.0191 -3.0433e-009 -0.00673612
2208.17 5.77731 -3.50853e-009 0.0194091
2484.19 6.53552 -3.97171e-009 0.0455543
2760.21 7.29373 -4.42886e-009 0.0716996
3036.23 8.05194 -4.89259e-009 0.0978448
3312.25 8.81016 -5.35817e-009 0.12399
3588.27 9.56837 -5.81699e-009 0.150135
3864.29 10.3266 -6.28053e-009 0.17628
4140.31 11.0848 -6.74105e-009 0.202426
4416.33 11.843 -7.20016e-009 0.228571
4692.36 12.6012 -7.66079e-009 0.254716
4968.38 13.3594 -8.12173e-009 0.280861
5244.4 14.1176 -8.58513e-009 0.307007
5520.42 14.8758 -9.04906e-009 0.333152
5796.44 15.6341 -9.50931e-009 0.359297
6072.46 16.3923 -9.96983e-009 0.385442
6348.48 17.1505 -1.04329e-008 0.411587
6624.5 17.9087 -1.08947e-008 0.437733
6900.52 18.6669 -1.1356e-008 0.463878
7176.54 19.4251 -1.18197e-008 0.490023
7452.57 20.1833 -1.22783e-008 0.516168
7728.59 20.9415 -1.27429e-008 0.542314
8004.61 21.6998 -1.32016e-008 0.568459
8280.63 22.458 -1.36688e-008 0.594604
8556.65 23.2162 -1.41223e-008 0.620749
8832.67 23.9744 -1.45889e-008 0.646894
9108.69 24.7326 -1.50492e-008 0.67304
9384.71 25.4908 -1.55088e-008 0.699185
9660.73 26.249 -1.59713e-008 0.72533
9936.75 27.0072 -1.64361e-008 0.751475
10212.8 27.7654 -1.6898e-008 0.777621
10488.8 28.5237 -1.73622e-008 0.803766
10764.8 29.2819 -1.78193e-008 0.829911
11040.8 30.0401 -1.82838e-008 0.856056
11316.9 30.7983 -1.87475e-008 0.882202
11592.9 31.5565 -1.92051e-008 0.908347
11868.9 32.3147 -1.96669e-008 0.934492
12144.9 33.0729 -2.01308e-008 0.960637
12420.9 33.8311 -2.05909e-008 0.986782
12697 34.5894 -2.10518e-008 1.01293
12973 35.3476 -2.15163e-008 1.03907
13249 36.1058 -2.19803e-008 1.06522
13525 36.864 -2.24442e-008 1.09136
13801 37.6222 -2.29012e-008 1.11751
14077.1 38.3804 -2.33629e-008 1.14365
