276.021 0.0619681 -1.16869e-009 -0.0860696
552.042 0.143587 -2.30941e-009 -0.098027
828.063 0.225205 -3.44947e-009 -0.109984
1104.08 0.306824 -4.59027e-009 -0.121942
1380.1 0.388442 -5.73129e-009 -0.133899
1656.13 0.470061 -6.87198e-009 -0.145857
1932.15 0.551679 -8.01186e-009 -0.157814
2208.17 0.633298 -9.15345e-009 -0.169771
2484.19 0.714916 -1.02946e-008 -0.181729
2760.21 0.796535 -1.14336e-008 -0.193686
3036.23 0.878153 -1.25754e-008 -0.205644
3312.25 0.959772 -1.37167e-008 -0.217601
3588.27 1.04139 -1.48566e-008 -0.229558
3864.29 1.12301 -1.59977e-008 -0.241516
4140.31 1.20463 -1.71379e-008 -0.253473
4416.33 1.28625 -1.82778e-008 -0.265431
4692.36 1.36786 -1.94184e-008 -0.277388
4968.38 1.44948 -2.05587e-008 -0.289345
5244.4 1.5311 -2.16996e-008 -0.301303
5520.42 1.61272 -2.28409e-008 -0.31326
5796.44 1.69434 -2.39813e-008 -0.325218
6072.46 1.77596 -2.51216e-008 -0.337175
6348.48 1.85758 -2.62627e-008 -0.349132
6624.5 1.93919 -2.74028e-008 -0.36109
6900.52 2.02081 -2.85436e-008 -0.373047
7176.54 2.10243 -2.96845e-008 -0.385005
7452.57 2.18405 -3.08243e-008 -0.396962
7728.59 2.26567 -3.19657e-008 -0.408919
8004.61 2.34729 -3.31057e-008 -0.420877
8280.63 2.42891 -3.42474e-008 -0.432834
8556.65 2.51052 -3.53861e-008 -0.444792
8832.67 2.59214 -3.65278e-008 -0.456749
9108.69 2.67376 -3.76683e-008 -0.468706
9384.71 2.75538 -3.88084e-008 -0.480664
9660.73 2.837 -3.99492e-008 -0.492621
9936.75 2.91862 -4.10905e-008 -0.504579
10212.8 3.00024 -4.22311e-008 -0.516536
10488.8 3.08185 -4.33725e-008 -0.528493
10764.8 3.16347 -4.4512e-008 -0.540451
11040.8 3.24509 -4.56532e-008 -0.552408
11316.9 3.32671 -4.67942e-008 -0.564365
11592.9 3.40833 -4.79342e-008 -0.576323
11868.9 3.48995 -4.90746e-008 -0.58828
12144.9 3.57156 -5.02158e-008 -0.600238
12420.9 3.65318 -5.13558e-008 -0.612195
12697 3.7348 -5.24963e-008 -0.624152
12973 3.81642 -5.36374e-008 -0.63611
13249 3.89804 -5.47787e-008 -0.648067
13525 3.97966 -5.592e-008 -0.660025
13801 4.06128 -5.70597e-008 -0.671982
14077.1 4.14289 -5.81997e-008 -0.683939
