276.021 0.365031 -5.13758e-010 -0.154584
552.042 0.914741 -1.14866e-009 -0.143299
828.063 1.46445 -1.78124e-009 -0.132013
1104.08 2.01416 -2.41627e-009 -0.120727
1380.1 2.56387 -3.05216e-009 -0.109442
1656.13 3.11358 -3.68684e-009 -0.0981561
1932.15 3.66329 -4.31893e-009 -0.0868705
2208.17 4.213 -4.95664e-009 -0.0755848
2484.19 4.76271 -5.59276e-009 -0.0642992
2760.21 5.31242 -6.22227e-009 -0.0530136
3036.23 5.86212 -6.86008e-009 -0.0417279
3312.25 6.41183 -7.49717e-009 -0.0304423
3588.27 6.96154 -8.1291e-009 -0.0191566
3864.29 7.51125 -8.76528e-009 -0.00787099
4140.31 8.06096 -9.39835e-009 0.00341465
4416.33 8.61067 -1.00304e-008 0.0147003
4692.36 9.16038 -1.06647e-008 0.0259859
4968.38 9.71009 -1.12982e-008 0.0372716
5244.4 10.2598 -1.19336e-008 0.0485572
5520.42 10.8095 -1.25703e-008 0.0598429
5796.44 11.3592 -1.32039e-008 0.0711285
6072.46 11.9089 -1.38375e-008 0.0824141
6348.48 12.4586 -1.44734e-008 0.0936998
6624.5 13.0083 -1.51064e-008 0.104985
6900.52 13.5581 -1.57412e-008 0.116271
7176.54 14.1078 -1.6377e-008 0.127557
7452.57 14.6575 -1.70087e-008 0.138842
7728.59 15.2072 -1.76455e-008 0.150128
8004.61 15.7569 -1.82782e-008 0.161414
8280.63 16.3066 -1.89163e-008 0.172699
8556.65 16.8563 -1.95443e-008 0.183985
8832.67 17.406 -2.01822e-008 0.195271
9108.69 17.9557 -2.08164e-008 0.206556
9384.71 18.5054 -2.1449e-008 0.217842
9660.73 19.0551 -2.20839e-008 0.229127
9936.75 19.6049 -2.2721e-008 0.240413
10212.8 20.1546 -2.33554e-008 0.251699
10488.8 20.7043 -2.39924e-008 0.262984
10764.8 21.254 -2.4623e-008 0.27427
11040.8 21.8037 -2.52595e-008 0.285556
11316.9 22.3534 -2.58953e-008 0.296841
11592.9 22.9031 -2.65276e-008 0.308127
11868.9 23.4528 -2.71615e-008 0.319413
12144.9 24.0025 -2.7798e-008 0.330698
12420.9 24.5522 -2.84306e-008 0.341984
12697 25.102 -2.90644e-008 0.35327
12973 25.6517 -2.97008e-008 0.364555
13249 26.2014 -3.03374e-008 0.375841
13525 26.7511 -3.0974e-008 0.387126
13801 27.3008 -3.16053e-008 0.398412
14077.1 27.8505 -3.22381e-008 0.409698
