276.021 0.443654 -8.12023e-010 -0.0938261
552.042 1.12965 -1.56473e-009 -0.0607145
828.063 1.81564 -2.31901e-009 -0.027603
1104.08 2.50164 -3.07201e-009 0.0055086
1380.1 3.18763 -3.82411e-009 0.0386202
1656.13 3.87363 -4.57696e-009 0.0717317
1932.15 4.55962 -5.33199e-009 0.104843
2208.17 5.24562 -6.08299e-009 0.137955
2484.19 5.93161 -6.83487e-009 0.171066
2760.21 6.6176 -7.59215e-009 0.204178
3036.23 7.3036 -8.34137e-009 0.23729
3312.25 7.98959 -9.09357e-009 0.270401
3588.27 8.67559 -9.84821e-009 0.303513
3864.29 9.36158 -1.06003e-008 0.336624
4140.31 10.0476 -1.13547e-008 0.369736
4416.33 10.7336 -1.21096e-008 0.402847
4692.36 11.4196 -1.2862e-008 0.435959
4968.38 12.1056 -1.36164e-008 0.469071
5244.4 12.7916 -1.43689e-008 0.502182
5520.42 13.4776 -1.51204e-008 0.535294
5796.44 14.1635 -1.58735e-008 0.568405
6072.46 14.8495 -1.66279e-008 0.601517
6348.48 15.5355 -1.73795e-008 0.634629
6624.5 16.2215 -1.81341e-008 0.66774
6900.52 16.9075 -1.8887e-008 0.700852
7176.54 17.5935 -1.96397e-008 0.733963
7452.57 18.2795 -2.03944e-008 0.767075
7728.59 18.9655 -2.11458e-008 0.800186
8004.61 19.6515 -2.19007e-008 0.833298
8280.63 20.3375 -2.26516e-008 0.86641
8556.65 21.0235 -2.34089e-008 0.899521
8832.67 21.7095 -2.41596e-008 0.932633
9108.69 22.3955 -2.49125e-008 0.965744
9384.71 23.0815 -2.56668e-008 0.998856
9660.73 23.7675 -2.64194e-008 1.03197
9936.75 24.4535 -2.71714e-008 1.06508
10212.8 25.1395 -2.79246e-008 1.09819
10488.8 25.8255 -2.86758e-008 1.1313
10764.8 26.5114 -2.94313e-008 1.16441
11040.8 27.1974 -3.01833e-008 1.19753
11316.9 27.8834 -3.0936e-008 1.23064
11592.9 28.5694 -3.16898e-008 1.26375
11868.9 29.2554 -3.24435e-008 1.29686
12144.9 29.9414 -3.31958e-008 1.32997
12420.9 30.6274 -3.39505e-008 1.36308
12697 31.3134 -3.47041e-008 1.39619
12973 31.9994 -3.54558e-008 1.42931
13249 32.6854 -3.62071e-008 1.46242
13525 33.3714 -3.69591e-008 1.49553
13801 34.0574 -3.77136e-008 1.52864
14077.1 34.7434 -3.8469e-008 1.56175
