276.021 0.481184 6.77336e-011 -0.136639
552.042 1.26666 6.76814e-011 -0.0457489
828.063 2.05213 6.86486e-011 0.0451412
1104.08 2.83761 6.82194e-011 0.136031
1380.1 3.62309 6.77007e-011 0.226921
1656.13 4.40856 6.76419e-011 0.317811
1932.15 5.19404 6.84059e-011 0.408701
2208.17 5.97951 6.69278e-011 0.499591
2484.19 6.76499 6.62763e-011 0.590481
2760.21 7.55046 6.78789e-011 0.681371
3036.23 8.33594 6.78565e-011 0.772262
3312.25 9.12141 6.59613e-011 0.863152
3588.27 9.90689 6.71877e-011 0.954042
3864.29 10.6924 6.62284e-011 1.04493
4140.31 11.4778 6.67825e-011 1.13582
4416.33 12.2633 6.78922e-011 1.22671
4692.36 13.0488 6.85233e-011 1.3176
4968.38 13.8343 6.86196e-011 1.40849
5244.4 14.6197 6.81292e-011 1.49938
5520.42 15.4052 6.70164e-011 1.59027
5796.44 16.1907 6.81206e-011 1.68116
6072.46 16.9762 6.79588e-011 1.77205
6348.48 17.7616 6.78025e-011 1.86294
6624.5 18.5471 6.78873e-011 1.95383
6900.52 19.3326 6.77967e-011 2.04472
7176.54 20.1181 6.68663e-011 2.13561
7452.57 20.9035 6.85062e-011 2.2265
7728.59 21.689 6.73675e-011 2.31739
8004.61 22.4745 6.78793e-011 2.40828
8280.63 23.26 6.58655e-011 2.49917
8556.65 24.0454 6.92771e-011 2.59006
8832.67 24.8309 6.76269e-011 2.68095
9108.69 25.6164 6.82116e-011 2.77184
9384.71 26.4019 6.91616e-011 2.86273
9660.73 27.1873 6.9223e-011 2.95362
9936.75 27.9728 6.72376e-011 3.04451
10212.8 28.7583 6.73303e-011 3.1354
10488.8 29.5438 6.63319e-011 3.22629
10764.8 30.3292 6.84157e-011 3.31718
11040.8 31.1147 6.72305e-011 3.40807
11316.9 31.9002 6.61845e-011 3.49896
11592.9 32.6857 6.81107e-011 3.58985
11868.9 33.4711 6.81626e-011 3.68074
12144.9 34.2566 6.66748e-011 3.77163
12420.9 35.0421 6.741e-011 3.86252
12697 35.8276 6.76426e-011 3.95341
12973 36.613 6.68156e-011 4.0443
13249 37.3985 6.61206e-011 4.13519
13525 38.184 6.4969e-011 4.22608
13801 38.9695 6.70702e-011 4.31697
14077.1 39.7549 6.67978e-011 4.40786
