276.021 0.161861 1.4319e-010 -0.0282397
552.042 0.375357 3.31792e-010 0.0148933
828.063 0.588853 5.19561e-010 0.0580262
1104.08 0.802349 7.08146e-010 0.101159
1380.1 1.01584 8.97028e-010 0.144292
1656.13 1.22934 1.08557e-009 0.187425
1932.15 1.44284 1.27305e-009 0.230558
2208.17 1.65633 1.4626e-009 0.273691
2484.19 1.86983 1.65169e-009 0.316824
2760.21 2.08332 1.83805e-009 0.359957
3036.23 2.29682 2.02816e-009 0.40309
3312.25 2.51032 2.21729e-009 0.446223
3588.27 2.72381 2.40486e-009 0.489356
3864.29 2.93731 2.59383e-009 0.532488
4140.31 3.1508 2.78166e-009 0.575621
4416.33 3.3643 2.96913e-009 0.618754
4692.36 3.5778 3.15774e-009 0.661887
4968.38 3.79129 3.34559e-009 0.70502
5244.4 4.00479 3.5344e-009 0.748153
5520.42 4.21828 3.72363e-009 0.791286
5796.44 4.43178 3.91189e-009 0.834419
6072.46 4.64527 4.09982e-009 0.877552
6348.48 4.85877 4.28891e-009 0.920685
6624.5 5.07227 4.47667e-009 0.963818
6900.52 5.28576 4.6652e-009 1.00695
7176.54 5.49926 4.85393e-009 1.05008
7452.57 5.71275 5.04144e-009 1.09322
7728.59 5.92625 5.23074e-009 1.13635
8004.61 6.13975 5.41836e-009 1.17948
8280.63 6.35324 5.60803e-009 1.22262
8556.65 6.56674 5.79412e-009 1.26575
8832.67 6.78023 5.98384e-009 1.30888
9108.69 6.99373 6.17231e-009 1.35201
9384.71 7.20723 6.36004e-009 1.39515
9660.73 7.42072 6.54872e-009 1.43828
9936.75 7.63422 6.73791e-009 1.48141
10212.8 7.84771 6.92624e-009 1.52455
10488.8 8.06121 7.11568e-009 1.56768
10764.8 8.2747 7.30274e-009 1.61081
11040.8 8.4882 7.49174e-009 1.65394
11316.9 8.7017 7.68058e-009 1.69708
11592.9 8.91519 7.86845e-009 1.74021
11868.9 9.12869 8.05657e-009 1.78334
12144.9 9.34218 8.24554e-009 1.82648
12420.9 9.55568 8.43321e-009 1.86961
12697 9.76918 8.62138e-009 1.91274
12973 9.98267 8.8105e-009 1.95588
13249 10.1962 8.9998e-009 1.99901
13525 10.4097 9.18894e-009 2.04214
13801 10.6232 9.37642e-009 2.08527
14077.1 10.8367 9.56389e-009 2.12841
