276.021 0.429976 -1.15949e-009 -0.0938261
552.042 1.08731 -2.23411e-009 -0.0607145
828.063 1.74465 -3.31033e-009 -0.027603
1104.08 2.40199 -4.38523e-009 0.0055086
1380.1 3.05933 -5.45924e-009 0.0386202
1656.13 3.71667 -6.53401e-009 0.0717317
1932.15 4.374 -7.61097e-009 0.104843
2208.17 5.03134 -8.68386e-009 0.137955
2484.19 5.68868 -9.75766e-009 0.171066
2760.21 6.34602 -1.08369e-008 0.204178
3036.23 7.00336 -1.1908e-008 0.23729
3312.25 7.66069 -1.29821e-008 0.270401
3588.27 8.31803 -1.40587e-008 0.303513
3864.29 8.97537 -1.51327e-008 0.336624
4140.31 9.63271 -1.6209e-008 0.369736
4416.33 10.29 -1.72858e-008 0.402847
4692.36 10.9474 -1.83602e-008 0.435959
4968.38 11.6047 -1.94365e-008 0.469071
5244.4 12.2621 -2.05109e-008 0.502182
5520.42 12.9194 -2.15843e-008 0.535294
5796.44 13.5767 -2.26594e-008 0.568405
6072.46 14.2341 -2.37356e-008 0.601517
6348.48 14.8914 -2.48092e-008 0.634628
6624.5 15.5487 -2.58857e-008 0.66774
6900.52 16.2061 -2.69605e-008 0.700852
7176.54 16.8634 -2.8035e-008 0.733963
7452.57 17.5208 -2.91117e-008 0.767075
7728.59 18.1781 -3.01851e-008 0.800186
8004.61 18.8354 -3.12618e-008 0.833298
8280.63 19.4928 -3.23346e-008 0.86641
8556.65 20.1501 -3.34139e-008 0.899521
8832.67 20.8075 -3.44865e-008 0.932633
9108.69 21.4648 -3.55613e-008 0.965744
9384.71 22.1221 -3.66376e-008 0.998856
9660.73 22.7795 -3.7712e-008 1.03197
9936.75 23.4368 -3.87859e-008 1.06508
10212.8 24.0941 -3.98611e-008 1.09819
10488.8 24.7515 -4.09341e-008 1.1313
10764.8 25.4088 -4.20116e-008 1.16441
11040.8 26.0662 -4.30855e-008 1.19753
11316.9 26.7235 -4.41601e-008 1.23064
11592.9 27.3808 -4.52358e-008 1.26375
11868.9 28.0382 -4.63115e-008 1.29686
12144.9 28.6955 -4.73857e-008 1.32997
12420.9 29.3528 -4.84623e-008 1.36308
12697 30.0102 -4.95378e-008 1.39619
12973 30.6675 -5.06114e-008 1.42931
13249 31.3249 -5.16846e-008 1.46242
13525 31.9822 -5.27585e-008 1.49553
13801 32.6395 -5.38349e-008 1.52864
14077.1 33.2969 -5.49123e-008 1.56175
