276.021 0.240682 3.82251e-012 -0.0904244
552.042 0.570858 3.83472e-012 -0.116346
828.063 0.901033 3.90032e-012 -0.142267
1104.08 1.23121 3.8583e-012 -0.168189
1380.1 1.56138 3.77657e-012 -0.19411
1656.13 1.89156 3.82634e-012 -0.220032
1932.15 2.22174 3.91672e-012 -0.245953
2208.17 2.55191 3.80254e-012 -0.271875
2484.19 2.88209 3.78337e-012 -0.297796
2760.21 3.21226 3.84276e-012 -0.323718
3036.23 3.54244 3.85397e-012 -0.349639
3312.25 3.87261 3.70619e-012 -0.375561
3588.27 4.20279 3.86154e-012 -0.401482
3864.29 4.53296 3.82808e-012 -0.427404
4140.31 4.86314 3.75878e-012 -0.453325
4416.33 5.19332 3.80599e-012 -0.479247
4692.36 5.52349 3.88347e-012 -0.505168
4968.38 5.85367 3.81853e-012 -0.53109
5244.4 6.18384 3.8503e-012 -0.557011
5520.42 6.51402 3.83866e-012 -0.582933
5796.44 6.84419 3.88593e-012 -0.608854
6072.46 7.17437 3.88518e-012 -0.634776
6348.48 7.50454 3.81503e-012 -0.660697
6624.5 7.83472 3.8978e-012 -0.686619
6900.52 8.1649 3.89237e-012 -0.71254
7176.54 8.49507 3.81799e-012 -0.738462
7452.57 8.82525 3.86673e-012 -0.764383
7728.59 9.15542 3.86809e-012 -0.790305
8004.61 9.4856 3.82081e-012 -0.816226
8280.63 9.81577 3.7691e-012 -0.842148
8556.65 10.1459 3.80584e-012 -0.868069
8832.67 10.4761 3.83528e-012 -0.893991
9108.69 10.8063 3.9029e-012 -0.919912
9384.71 11.1365 3.87408e-012 -0.945834
9660.73 11.4667 3.89497e-012 -0.971755
9936.75 11.7968 3.90386e-012 -0.997677
10212.8 12.127 3.83465e-012 -1.0236
10488.8 12.4572 3.83186e-012 -1.04952
10764.8 12.7874 3.88627e-012 -1.07544
11040.8 13.1175 3.80417e-012 -1.10136
11316.9 13.4477 3.7976e-012 -1.12728
11592.9 13.7779 3.86256e-012 -1.15321
11868.9 14.1081 3.82815e-012 -1.17913
12144.9 14.4382 3.77345e-012 -1.20505
12420.9 14.7684 3.79115e-012 -1.23097
12697 15.0986 3.78048e-012 -1.25689
12973 15.4288 3.79017e-012 -1.28281
13249 15.7589 3.81613e-012 -1.30873
13525 16.0891 3.68546e-012 -1.33466
13801 16.4193 3.82299e-012 -1.36058
14077.1 16.7495 3.80483e-012 -1.3865
