276.021 0.479715 8.1284e-010 -0.163607
552.042 1.26166 1.50471e-009 -0.137462
828.063 2.04361 2.20064e-009 -0.111317
1104.08 2.82556 2.89252e-009 -0.0851718
1380.1 3.6075 3.58304e-009 -0.0590266
1656.13 4.38945 4.27608e-009 -0.0328814
1932.15 5.1714 4.97152e-009 -0.00673613
2208.17 5.95334 5.66087e-009 0.0194091
2484.19 6.73529 6.35231e-009 0.0455543
2760.21 7.51724 7.04984e-009 0.0716995
3036.23 8.29918 7.74073e-009 0.0978448
3312.25 9.08113 8.42973e-009 0.12399
3588.27 9.86308 9.12557e-009 0.150135
3864.29 10.645 9.81663e-009 0.17628
4140.31 11.427 1.05108e-008 0.202426
4416.33 12.2089 1.12063e-008 0.228571
4692.36 12.9909 1.19003e-008 0.254716
4968.38 13.7728 1.2594e-008 0.280861
5244.4 14.5548 1.32852e-008 0.307007
5520.42 15.3367 1.39759e-008 0.333152
5796.44 16.1187 1.46703e-008 0.359297
6072.46 16.9006 1.53644e-008 0.385442
6348.48 17.6825 1.6056e-008 0.411587
6624.5 18.4645 1.67488e-008 0.437733
6900.52 19.2464 1.74421e-008 0.463878
7176.54 20.0284 1.81331e-008 0.490023
7452.57 20.8103 1.88291e-008 0.516168
7728.59 21.5923 1.95191e-008 0.542314
8004.61 22.3742 2.02151e-008 0.568459
8280.63 23.1562 2.09025e-008 0.594604
8556.65 23.9381 2.16037e-008 0.620749
8832.67 24.7201 2.22917e-008 0.646894
9108.69 25.502 2.2986e-008 0.67304
9384.71 26.284 2.3681e-008 0.699185
9660.73 27.0659 2.43732e-008 0.72533
9936.75 27.8479 2.50629e-008 0.751475
10212.8 28.6298 2.57557e-008 0.777621
10488.8 29.4118 2.64461e-008 0.803766
10764.8 30.1937 2.71437e-008 0.829911
11040.8 30.9756 2.78338e-008 0.856056
11316.9 31.7576 2.85246e-008 0.882202
11592.9 32.5395 2.92218e-008 0.908347
11868.9 33.3215 2.99146e-008 0.934492
12144.9 34.1034 3.06053e-008 0.960637
12420.9 34.8854 3.12998e-008 0.986782
12697 35.6673 3.19936e-008 1.01293
12973 36.4493 3.26836e-008 1.03907
13249 37.2312 3.33743e-008 1.06522
13525 38.0132 3.4065e-008 1.09136
13801 38.7951 3.47626e-008 1.11751
14077.1 39.5771 3.54556e-008 1.14365
