276.021 -57.139 -1.11069e-008 953.792 8.27012e-006 -18822.2 -7.91161e-007 57.139 1.11069e-008 -953.792 -6.13759e-006 7851.53 7.91161e-007 -218.882 2.45241e-009 2464.61 1.81068e-006 -63227 -7.76269e-007 218.882 -2.45241e-009 -2464.61 -2.28154e-006 21201.7 7.76269e-007
552.042 -115.154 -1.11011e-008 245.569 8.26659e-006 -42283.6 -7.87037e-007 115.154 1.11011e-008 -245.569 -6.13517e-006 20174.1 7.87037e-007 -436.888 2.43737e-009 3172.83 1.82066e-006 -137379 -7.72071e-007 436.888 -2.43737e-009 -3172.83 -2.28864e-006 53496.8 7.72071e-007
828.063 -173.168 -1.12559e-008 -462.653 8.38237e-006 -65744.9 -8.00783e-007 173.168 1.12559e-008 462.653 -6.22124e-006 32496.6 8.00783e-007 -654.895 2.45806e-009 3881.05 1.85586e-006 -211532 -7.85468e-007 654.895 -2.45806e-009 -3881.05 -2.32781e-006 85791.9 7.85468e-007
1104.08 -231.183 -1.11837e-008 -1170.88 8.32962e-006 -89206.3 -7.96969e-007 231.183 1.11837e-008 1170.88 -6.18236e-006 44819.2 7.96969e-007 -872.901 2.46416e-009 4589.28 1.83069e-006 -285684 -7.81933e-007 872.901 -2.46416e-009 -4589.28 -2.30381e-006 118087 7.81933e-007
1380.1 -289.198 -1.11214e-008 -1879.1 8.27514e-006 -112668 -7.86102e-007 289.198 1.11214e-008 1879.1 -6.13983e-006 57141.7 7.86102e-007 -1090.91 2.50065e-009 5297.5 1.77511e-006 -359836 -7.71246e-007 1090.91 -2.50065e-009 -5297.5 -2.25524e-006 150382 7.71246e-007
1656.13 -347.212 -1.10954e-008 -2587.32 8.26085e-006 -136129 -7.84733e-007 347.212 1.10954e-008 2587.32 -6.13053e-006 69464.3 7.84733e-007 -1308.91 2.44452e-009 6005.72 1.8149e-006 -433989 -7.69881e-007 1308.91 -2.44452e-009 -6005.72 -2.28425e-006 182677 7.69881e-007
1932.15 -405.227 -1.12136e-008 -3295.54 8.35388e-006 -159590 -8.0405e-007 405.227 1.12136e-008 3295.54 -6.20088e-006 81786.8 8.0405e-007 -1526.92 2.43361e-009 6713.94 1.87058e-006 -508141 -7.88936e-007 1526.92 -2.43361e-009 -6713.94 -2.33784e-006 214972 7.88936e-007
2208.17 -463.241 -1.09694e-008 -4003.77 8.1708e-006 -183052 -7.79907e-007 463.241 1.09694e-008 4003.77 -6.06467e-006 94109.4 7.79907e-007 -1744.93 2.39965e-009 7422.17 1.80912e-006 -582293 -7.65105e-007 1744.93 -2.39965e-009 -7422.17 -2.26985e-006 247268 7.65105e-007
2484.19 -521.256 -1.0863e-008 -4711.99 8.0914e-006 -206513 -7.66055e-007 521.256 1.0863e-008 4711.99 -6.00571e-006 106432 7.66055e-007 -1962.93 2.36069e-009 8130.39 1.80517e-006 -656446 -7.51465e-007 1962.93 -2.36069e-009 -8130.39 -2.25842e-006 279563 7.51465e-007
2760.21 -579.271 -1.11408e-008 -5420.21 8.29209e-006 -229974 -8.07937e-007 579.271 1.11408e-008 5420.21 -6.15305e-006 118754 8.07937e-007 -2180.94 2.45127e-009 8838.61 1.82313e-006 -730598 -7.92946e-007 2180.94 -2.45127e-009 -8838.61 -2.29378e-006 311858 7.92946e-007
3036.23 -637.285 -1.1131e-008 -6128.43 8.2862e-006 -253436 -7.73337e-007 637.285 1.1131e-008 6128.43 -6.14905e-006 131077 7.73337e-007 -2398.94 2.43268e-009 9546.83 1.83391e-006 -804750 -7.58532e-007 2398.94 -2.43268e-009 -9546.83 -2.30099e-006 344153 7.58532e-007
3312.25 -695.3 -1.08288e-008 -6836.66 8.0597e-006 -276897 -7.57969e-007 695.3 1.08288e-008 6836.66 -5.98057e-006 143400 7.57969e-007 -2616.95 2.39292e-009 10255.1 1.75326e-006 -878903 -7.43371e-007 2616.95 -2.39292e-009 -10255.1 -2.2127e-006 376448 7.43371e-007
3588.27 -753.315 -1.10049e-008 -7544.88 8.20126e-006 -300359 -7.7597e-007 753.315 1.10049e-008 7544.88 -6.08831e-006 155722 7.7597e-007 -2834.96 2.37837e-009 10963.3 1.84875e-006 -953055 -7.61252e-007 2834.96 -2.37837e-009 -10963.3 -2.3054e-006 408743 7.61252e-007
3864.29 -811.329 -1.08366e-008 -8253.1 8.08011e-006 -323820 -7.64916e-007 811.329 1.08366e-008 8253.1 -5.99948e-006 168045 7.64916e-007 -3052.96 2.31998e-009 11671.5 1.8394e-006 -1.02721e+006 -7.5039e-007 3052.96 -2.31998e-009 -11671.5 -2.28483e-006 441038 7.5039e-007
4140.31 -869.344 -1.09581e-008 -8961.32 8.15714e-006 -347281 -7.74616e-007 869.344 1.09581e-008 8961.32 -6.05318e-006 180367 7.74616e-007 -3270.97 2.42846e-009 12379.7 1.77759e-006 -1.10136e+006 -7.59767e-007 3270.97 -2.42846e-009 -12379.7 -2.24386e-006 473333 7.59767e-007
4416.33 -927.358 -1.11527e-008 -9669.55 8.29511e-006 -370743 -7.95306e-007 927.358 1.11527e-008 9669.55 -6.15379e-006 192690 7.95306e-007 -3488.98 2.48231e-009 13087.9 1.79558e-006 -1.17551e+006 -7.80406e-007 3488.98 -2.48231e-009 -13087.9 -2.27218e-006 505629 7.80406e-007
4692.36 -985.373 -1.12345e-008 -10377.8 8.36734e-006 -394204 -7.91412e-007 985.373 1.12345e-008 10377.8 -6.21031e-006 205012 7.91412e-007 -3706.98 2.46517e-009 13796.2 1.8446e-006 -1.24966e+006 -7.76173e-007 3706.98 -2.46517e-009 -13796.2 -2.31791e-006 537924 7.76173e-007
