168.076 -1.96768e-010 -0 5.68783e-011 0 0 0 1.96768e-010 0 -5.68783e-011 0 0 0 -3.6804e-010 -0 1.06386e-010 0 0 0 3.6804e-010 0 -1.06386e-010 0 0 0
336.153 -2.71049e-010 -0 7.835e-011 0 0 0 2.71049e-010 0 -7.835e-011 0 0 0 -3.8998e-010 -0 1.12729e-010 0 0 0 3.8998e-010 0 -1.12729e-010 0 0 0
504.229 -4.66125e-010 -0 1.34739e-010 0 0 0 4.66125e-010 0 -1.34739e-010 0 0 0 -4.77007e-010 -0 1.37885e-010 0 0 0 4.77007e-010 0 -1.37885e-010 0 0 0
672.306 -3.44068e-010 -0 9.94571e-011 0 0 0 3.44068e-010 0 -9.94571e-011 0 0 0 -4.25263e-010 -0 1.22928e-010 0 0 0 4.25263e-010 0 -1.22928e-010 0 0 0
840.382 -2.45272e-010 -0 7.0899e-011 0 0 0 2.45272e-010 0 -7.0899e-011 0 0 0 -3.835e-010 -0 1.10856e-010 0 0 0 3.835e-010 0 -1.10856e-010 0 0 0
1008.46 -2.52387e-010 -0 7.29556e-011 0 0 0 2.52387e-010 0 -7.29556e-011 0 0 0 -3.70814e-010 -0 1.07188e-010 0 0 0 3.70814e-010 0 -1.07188e-010 0 0 0
1176.53 -3.39808e-010 -0 9.82257e-011 0 0 0 3.39808e-010 0 -9.82257e-011 0 0 0 -4.14957e-010 -0 1.19948e-010 0 0 0 4.14957e-010 0 -1.19948e-010 0 0 0
1344.61 -2.47547e-010 -0 7.15565e-011 0 0 0 2.47547e-010 0 -7.15565e-011 0 0 0 -4.04388e-010 -0 1.16893e-010 0 0 0 4.04388e-010 0 -1.16893e-010 0 0 0
1512.69 -3.78567e-010 -0 1.09429e-010 0 0 0 3.78567e-010 0 -1.09429e-010 0 0 0 -4.13813e-010 -0 1.19618e-010 0 0 0 4.13813e-010 0 -1.19618e-010 0 0 0
1680.76 -3.24458e-010 -0 9.37887e-011 0 0 0 3.24458e-010 0 -9.37887e-011 0 0 0 -3.98178e-010 -0 1.15098e-010 0 0 0 3.98178e-010 0 -1.15098e-010 0 0 0
1848.84 -2.03576e-010 -0 5.88463e-011 0 0 0 2.03576e-010 0 -5.88463e-011 0 0 0 -3.87154e-010 -0 1.11912e-010 0 0 0 3.87154e-010 0 -1.11912e-010 0 0 0
2016.92 -2.31313e-010 -0 6.6864e-011 0 0 0 2.31313e-010 0 -6.6864e-011 0 0 0 -3.87333e-010 -0 1.11963e-010 0 0 0 3.87333e-010 0 -1.11963e-010 0 0 0
2184.99 -3.65936e-010 -0 1.05778e-010 0 0 0 3.65936e-010 0 -1.05778e-010 0 0 0 -4.18834e-010 -0 1.21069e-010 0 0 0 4.18834e-010 0 -1.21069e-010 0 0 0
2353.07 -2.61104e-010 -0 7.54754e-011 0 0 0 2.61104e-010 0 -7.54754e-011 0 0 0 -3.95872e-010 -0 1.14432e-010 0 0 0 3.95872e-010 0 -1.14432e-010 0 0 0
2521.15 -3.80604e-010 -0 1.10018e-010 0 0 0 3.80604e-010 0 -1.10018e-010 0 0 0 -4.41147e-010 -0 1.27519e-010 0 0 0 4.41147e-010 0 -1.27519e-010 0 0 0
2689.22 -3.35421e-010 -0 9.69578e-011 0 0 0 3.35421e-010 0 -9.69578e-011 0 0 0 -3.8025e-010 -0 1.09916e-010 0 0 0 3.8025e-010 0 -1.09916e-010 0 0 0
2857.3 -3.14242e-010 -0 9.08356e-011 0 0 0 3.14242e-010 0 -9.08356e-011 0 0 0 -4.11208e-010 -0 1.18865e-010 0 0 0 4.11208e-010 0 -1.18865e-010 0 0 0
