68.1129 0.0115099 0 -0.0380183
136.226 0.0333097 0 -0.0311333
204.339 0.0551094 0 -0.0242483
272.452 0.0769092 0 -0.0173633
340.564 0.098709 0 -0.0104784
408.677 0.120509 0 -0.00359338
476.79 0.142309 0 0.0032916
544.903 0.164108 0 0.0101766
613.016 0.185908 0 0.0170616
681.129 0.207708 0 0.0239465
749.242 0.229508 0 0.0308315
817.355 0.251308 0 0.0377165
885.468 0.273107 0 0.0446015
953.58 0.294907 0 0.0514865
1021.69 0.316707 0 0.0583715
1089.81 0.338507 0 0.0652564
1157.92 0.360306 0 0.0721414
