68.1129 0.0148135 0 -0.025503
136.226 0.0395101 0 -0.028257
204.339 0.0642066 0 -0.031011
272.452 0.0889031 0 -0.033765
340.564 0.1136 0 -0.0365189
408.677 0.138296 0 -0.0392729
476.79 0.162993 0 -0.0420269
544.903 0.187689 0 -0.0447809
613.016 0.212386 0 -0.0475349
681.129 0.237082 0 -0.0502889
749.242 0.261779 0 -0.0530429
817.355 0.286475 0 -0.0557969
885.468 0.311172 0 -0.0585509
953.58 0.335868 0 -0.0613049
1021.69 0.360565 0 -0.0640589
1089.81 0.385261 0 -0.0668129
1157.92 0.409958 0 -0.0695669
