68.1129 0.014035 0 -0.025503
136.226 0.0373821 0 -0.028257
204.339 0.0607293 0 -0.031011
272.452 0.0840765 0 -0.033765
340.564 0.107424 0 -0.0365189
408.677 0.130771 0 -0.0392729
476.79 0.154118 0 -0.0420269
544.903 0.177465 0 -0.0447809
613.016 0.200812 0 -0.0475349
681.129 0.224159 0 -0.0502889
749.242 0.247507 0 -0.0530429
817.355 0.270854 0 -0.0557969
885.468 0.294201 0 -0.0585509
953.58 0.317548 0 -0.0613049
1021.69 0.340895 0 -0.0640589
1089.81 0.364243 0 -0.0668129
1157.92 0.38759 0 -0.0695669
