68.1129 0.00957585 0 -0.025503
136.226 0.0251949 0 -0.028257
204.339 0.0408139 0 -0.031011
272.452 0.0564329 0 -0.033765
340.564 0.072052 0 -0.0365189
408.677 0.087671 0 -0.0392729
476.79 0.10329 0 -0.0420269
544.903 0.118909 0 -0.0447809
613.016 0.134528 0 -0.0475349
681.129 0.150147 0 -0.0502889
749.242 0.165766 0 -0.0530429
817.355 0.181385 0 -0.0557969
885.468 0.197004 0 -0.0585509
953.58 0.212623 0 -0.0613049
1021.69 0.228242 0 -0.0640589
1089.81 0.243861 0 -0.0668129
1157.92 0.25948 0 -0.0695669
