276.021 0.0895776 7.15797e-010 -0.0123432
552.042 0.203316 1.41625e-009 0.026419
828.063 0.317055 2.11614e-009 0.0651811
1104.08 0.430793 2.8166e-009 0.103943
1380.1 0.544532 3.51727e-009 0.142706
1656.13 0.658271 4.21769e-009 0.181468
1932.15 0.772009 4.91739e-009 0.22023
2208.17 0.885748 5.61852e-009 0.258992
2484.19 0.999487 6.31932e-009 0.297754
2760.21 1.11323 7.01826e-009 0.336517
3036.23 1.22696 7.71978e-009 0.375279
3312.25 1.3407 8.42059e-009 0.414041
3588.27 1.45444 9.12035e-009 0.452803
3864.29 1.56818 9.82106e-009 0.491565
4140.31 1.68192 1.0521e-008 0.530327
4416.33 1.79566 1.12207e-008 0.56909
4692.36 1.9094 1.19212e-008 0.607852
4968.38 2.02313 1.26211e-008 0.646614
5244.4 2.13687 1.33218e-008 0.685376
5520.42 2.25061 1.40227e-008 0.724138
5796.44 2.36435 1.47229e-008 0.762901
6072.46 2.47809 1.54229e-008 0.801663
6348.48 2.59183 1.61237e-008 0.840425
6624.5 2.70557 1.68236e-008 0.879187
6900.52 2.81931 1.7524e-008 0.917949
7176.54 2.93304 1.82246e-008 0.956712
7452.57 3.04678 1.89243e-008 0.995474
7728.59 3.16052 1.96252e-008 1.03424
8004.61 3.27426 2.0325e-008 1.073
8280.63 3.388 2.10262e-008 1.11176
8556.65 3.50174 2.1725e-008 1.15052
8832.67 3.61548 2.24262e-008 1.18928
9108.69 3.72921 2.31266e-008 1.22805
9384.71 3.84295 2.38265e-008 1.26681
9660.73 3.95669 2.4527e-008 1.30557
9936.75 4.07043 2.52278e-008 1.34433
10212.8 4.18417 2.59282e-008 1.3831
10488.8 4.29791 2.66292e-008 1.42186
10764.8 4.41165 2.73286e-008 1.46062
11040.8 4.52538 2.80293e-008 1.49938
11316.9 4.63912 2.873e-008 1.53814
11592.9 4.75286 2.94299e-008 1.57691
11868.9 4.8666 3.01301e-008 1.61567
12144.9 4.98034 3.08308e-008 1.65443
12420.9 5.09408 3.15306e-008 1.69319
12697 5.20782 3.22308e-008 1.73196
12973 5.32156 3.29316e-008 1.77072
13249 5.43529 3.36326e-008 1.80948
13525 5.54903 3.43334e-008 1.84824
13801 5.66277 3.50331e-008 1.887
14077.1 5.77651 3.57328e-008 1.92577
