276.021 0.240682 3.68599e-010 -0.0454476
552.042 0.570858 7.86941e-010 -0.00176401
828.063 0.901033 1.20421e-009 0.0419195
1104.08 1.23121 1.62248e-009 0.0856031
1380.1 1.56138 2.04117e-009 0.129287
1656.13 1.89156 2.45939e-009 0.17297
1932.15 2.22174 2.87628e-009 0.216654
2208.17 2.55191 3.29578e-009 0.260337
2484.19 2.88209 3.71468e-009 0.304021
2760.21 3.21226 4.13013e-009 0.347704
3036.23 3.54244 4.55046e-009 0.391388
3312.25 3.87261 4.96935e-009 0.435071
3588.27 4.20279 5.38636e-009 0.478755
3864.29 4.53296 5.80517e-009 0.522439
4140.31 4.86314 6.22246e-009 0.566122
4416.33 5.19332 6.63935e-009 0.609806
4692.36 5.52349 7.0577e-009 0.653489
4968.38 5.85367 7.47504e-009 0.697173
5244.4 6.18384 7.8936e-009 0.740856
5520.42 6.51402 8.31273e-009 0.78454
5796.44 6.84419 8.73064e-009 0.828223
6072.46 7.17437 9.14805e-009 0.871907
6348.48 7.50454 9.56702e-009 0.91559
6624.5 7.83472 9.98422e-009 0.959274
6900.52 8.1649 1.04025e-008 1.00296
7176.54 8.49507 1.08209e-008 1.04664
7452.57 8.82525 1.12379e-008 1.09032
7728.59 9.15542 1.1657e-008 1.13401
8004.61 9.4856 1.2074e-008 1.17769
8280.63 9.81577 1.24937e-008 1.22138
8556.65 10.1459 1.29089e-008 1.26506
8832.67 10.4761 1.33286e-008 1.30874
9108.69 10.8063 1.37468e-008 1.35243
9384.71 11.1365 1.4164e-008 1.39611
9660.73 11.4667 1.45824e-008 1.43979
9936.75 11.7968 1.50014e-008 1.48348
10212.8 12.127 1.54194e-008 1.52716
10488.8 12.4572 1.58387e-008 1.57084
10764.8 12.7874 1.62551e-008 1.61453
11040.8 13.1175 1.6674e-008 1.65821
11316.9 13.4477 1.70925e-008 1.70189
11592.9 13.7779 1.75099e-008 1.74558
11868.9 14.1081 1.79276e-008 1.78926
12144.9 14.4382 1.83464e-008 1.83294
12420.9 14.7684 1.87635e-008 1.87663
12697 15.0986 1.91812e-008 1.92031
12973 15.4288 1.96003e-008 1.964
13249 15.7589 2.00194e-008 2.00768
13525 16.0891 2.04384e-008 2.05136
13801 16.4193 2.08553e-008 2.09505
14077.1 16.7495 2.12721e-008 2.13873
