276.021 0.015056 -2.75075e-009 -0.0511918
552.042 0.0342846 -5.39854e-009 -0.0606861
828.063 0.0535131 -8.04598e-009 -0.0701804
1104.08 0.0727416 -1.06938e-008 -0.0796747
1380.1 0.0919701 -1.33417e-008 -0.089169
1656.13 0.111199 -1.59894e-008 -0.0986632
1932.15 0.130427 -1.86368e-008 -0.108158
2208.17 0.149656 -2.1285e-008 -0.117652
2484.19 0.168884 -2.39329e-008 -0.127146
2760.21 0.188113 -2.65799e-008 -0.13664
3036.23 0.207341 -2.92282e-008 -0.146135
3312.25 0.22657 -3.18762e-008 -0.155629
3588.27 0.245798 -3.45236e-008 -0.165123
3864.29 0.265027 -3.71715e-008 -0.174618
4140.31 0.284255 -3.98191e-008 -0.184112
4416.33 0.303484 -4.24664e-008 -0.193606
4692.36 0.322712 -4.51141e-008 -0.2031
4968.38 0.341941 -4.77616e-008 -0.212595
5244.4 0.361169 -5.04095e-008 -0.222089
5520.42 0.380398 -5.30576e-008 -0.231583
5796.44 0.399626 -5.57052e-008 -0.241078
6072.46 0.418855 -5.83527e-008 -0.250572
6348.48 0.438083 -6.10007e-008 -0.260066
6624.5 0.457312 -6.36482e-008 -0.26956
6900.52 0.47654 -6.62959e-008 -0.279055
7176.54 0.495769 -6.89438e-008 -0.288549
7452.57 0.514997 -7.15911e-008 -0.298043
7728.59 0.534226 -7.42392e-008 -0.307537
8004.61 0.553454 -7.68866e-008 -0.317032
8280.63 0.572683 -7.95348e-008 -0.326526
8556.65 0.591911 -8.21816e-008 -0.33602
8832.67 0.61114 -8.48299e-008 -0.345515
9108.69 0.630368 -8.74775e-008 -0.355009
9384.71 0.649597 -9.0125e-008 -0.364503
9660.73 0.668825 -9.27728e-008 -0.373997
9936.75 0.688054 -9.54209e-008 -0.383492
10212.8 0.707282 -9.80686e-008 -0.392986
10488.8 0.726511 -1.00717e-007 -0.40248
10764.8 0.745739 -1.03364e-007 -0.411975
11040.8 0.764968 -1.06012e-007 -0.421469
11316.9 0.784196 -1.0866e-007 -0.430963
11592.9 0.803425 -1.11307e-007 -0.440457
11868.9 0.822654 -1.13955e-007 -0.449952
12144.9 0.841882 -1.16603e-007 -0.459446
12420.9 0.861111 -1.1925e-007 -0.46894
12697 0.880339 -1.21898e-007 -0.478435
12973 0.899568 -1.24546e-007 -0.487929
13249 0.918796 -1.27194e-007 -0.497423
13525 0.938025 -1.29842e-007 -0.506917
13801 0.957253 -1.32489e-007 -0.516412
14077.1 0.976482 -1.35137e-007 -0.525906
