276.021 0.52189 -6.58508e-010 -0.163376
552.042 1.40994 -1.49032e-009 -0.130569
828.063 2.29798 -2.31848e-009 -0.0977626
1104.08 3.18603 -3.15008e-009 -0.0649561
1380.1 4.07408 -3.98268e-009 -0.0321496
1656.13 4.96213 -4.81285e-009 0.000656875
1932.15 5.85017 -5.64274e-009 0.0334634
2208.17 6.73822 -6.47557e-009 0.0662699
2484.19 7.62627 -7.30821e-009 0.0990764
2760.21 8.51432 -8.13527e-009 0.131883
3036.23 9.40236 -8.96661e-009 0.164689
3312.25 10.2904 -9.80158e-009 0.197496
3588.27 11.1785 -1.06294e-008 0.230302
3864.29 12.0665 -1.14621e-008 0.263109
4140.31 12.9546 -1.22913e-008 0.295915
4416.33 13.8426 -1.31194e-008 0.328722
4692.36 14.7306 -1.3949e-008 0.361528
4968.38 15.6187 -1.47788e-008 0.394335
5244.4 16.5067 -1.56112e-008 0.427141
5520.42 17.3948 -1.64451e-008 0.459948
5796.44 18.2828 -1.72732e-008 0.492754
6072.46 19.1709 -1.8104e-008 0.525561
6348.48 20.0589 -1.89351e-008 0.558367
6624.5 20.947 -1.97662e-008 0.591174
6900.52 21.835 -2.0597e-008 0.62398
7176.54 22.7231 -2.14297e-008 0.656787
7452.57 23.6111 -2.22561e-008 0.689593
7728.59 24.4992 -2.30906e-008 0.7224
8004.61 25.3872 -2.39187e-008 0.755206
8280.63 26.2753 -2.47545e-008 0.788013
8556.65 27.1633 -2.55766e-008 0.820819
8832.67 28.0514 -2.64125e-008 0.853626
9108.69 28.9394 -2.72414e-008 0.886432
9384.71 29.8275 -2.80702e-008 0.919239
9660.73 30.7155 -2.89011e-008 0.952045
9936.75 31.6036 -2.97361e-008 0.984852
10212.8 32.4916 -3.05663e-008 1.01766
10488.8 33.3796 -3.13997e-008 1.05046
10764.8 34.2677 -3.22256e-008 1.08327
11040.8 35.1557 -3.30592e-008 1.11608
11316.9 36.0438 -3.38921e-008 1.14888
11592.9 36.9318 -3.4718e-008 1.18169
11868.9 37.8199 -3.55493e-008 1.2145
12144.9 38.7079 -3.63827e-008 1.2473
12420.9 39.596 -3.72116e-008 1.28011
12697 40.484 -3.80414e-008 1.31292
12973 41.3721 -3.88751e-008 1.34572
13249 42.2601 -3.97082e-008 1.37853
13525 43.1482 -4.05412e-008 1.41134
13801 44.0362 -4.13669e-008 1.44414
14077.1 44.9243 -4.21976e-008 1.47695
