276.021 0.0320064 -2.48089e-009 -0.000491237
552.042 0.0711539 -4.84153e-009 0.0274615
828.063 0.110301 -7.20248e-009 0.0554142
1104.08 0.149449 -9.56313e-009 0.0833669
1380.1 0.188596 -1.19236e-008 0.11132
1656.13 0.227744 -1.42843e-008 0.139272
1932.15 0.266891 -1.66454e-008 0.167225
2208.17 0.306039 -1.90057e-008 0.195178
2484.19 0.345186 -2.13661e-008 0.22313
2760.21 0.384334 -2.37276e-008 0.251083
3036.23 0.423481 -2.60877e-008 0.279036
3312.25 0.462629 -2.84481e-008 0.306988
3588.27 0.501776 -3.08091e-008 0.334941
3864.29 0.540924 -3.31697e-008 0.362894
4140.31 0.580071 -3.55306e-008 0.390847
4416.33 0.619219 -3.78916e-008 0.418799
4692.36 0.658366 -4.02523e-008 0.446752
4968.38 0.697514 -4.26132e-008 0.474705
5244.4 0.736661 -4.49737e-008 0.502657
5520.42 0.775809 -4.73342e-008 0.53061
5796.44 0.814956 -4.9695e-008 0.558563
6072.46 0.854104 -5.20558e-008 0.586515
6348.48 0.893251 -5.44163e-008 0.614468
6624.5 0.932399 -5.67772e-008 0.642421
6900.52 0.971546 -5.91379e-008 0.670374
7176.54 1.01069 -6.14985e-008 0.698326
7452.57 1.04984 -6.38595e-008 0.726279
7728.59 1.08899 -6.62199e-008 0.754232
8004.61 1.12814 -6.85809e-008 0.782184
8280.63 1.16728 -7.09412e-008 0.810137
8556.65 1.20643 -7.33027e-008 0.83809
8832.67 1.24558 -7.56629e-008 0.866042
9108.69 1.28473 -7.80237e-008 0.893995
9384.71 1.32387 -8.03846e-008 0.921948
9660.73 1.36302 -8.27452e-008 0.949901
9936.75 1.40217 -8.51057e-008 0.977853
10212.8 1.44132 -8.74664e-008 1.00581
10488.8 1.48046 -8.98267e-008 1.03376
10764.8 1.51961 -9.21879e-008 1.06171
11040.8 1.55876 -9.45484e-008 1.08966
11316.9 1.59791 -9.6909e-008 1.11762
11592.9 1.63705 -9.92699e-008 1.14557
11868.9 1.6762 -1.01631e-007 1.17352
12144.9 1.71535 -1.03991e-007 1.20147
12420.9 1.7545 -1.06352e-007 1.22943
12697 1.79364 -1.08713e-007 1.25738
12973 1.83279 -1.11073e-007 1.28533
13249 1.87194 -1.13434e-007 1.31329
13525 1.91109 -1.15794e-007 1.34124
13801 1.95023 -1.18155e-007 1.36919
14077.1 1.98938 -1.20516e-007 1.39714
