276.021 0.365031 7.47438e-010 -0.154584
552.042 0.914741 1.38148e-009 -0.143299
828.063 1.46445 2.01784e-009 -0.132013
1104.08 2.01416 2.65175e-009 -0.120727
1380.1 2.56387 3.28481e-009 -0.109442
1656.13 3.11358 3.91906e-009 -0.0981561
1932.15 3.66329 4.55592e-009 -0.0868705
2208.17 4.213 5.18715e-009 -0.0755848
2484.19 4.76271 5.81997e-009 -0.0642992
2760.21 5.31242 6.45941e-009 -0.0530136
3036.23 5.86212 7.09054e-009 -0.0417279
3312.25 6.41183 7.72239e-009 -0.0304423
3588.27 6.96154 8.3594e-009 -0.0191566
3864.29 7.51125 8.99216e-009 -0.00787099
4140.31 8.06096 9.62803e-009 0.00341465
4416.33 8.61067 1.0265e-008 0.0147003
4692.36 9.16038 1.08995e-008 0.0259859
4968.38 9.71009 1.1535e-008 0.0372716
5244.4 10.2598 1.21685e-008 0.0485572
5520.42 10.8095 1.28007e-008 0.0598429
5796.44 11.3592 1.34362e-008 0.0711285
6072.46 11.9089 1.40715e-008 0.0824141
6348.48 12.4586 1.47045e-008 0.0936998
6624.5 13.0083 1.53404e-008 0.104985
6900.52 13.5581 1.59746e-008 0.116271
7176.54 14.1078 1.66077e-008 0.127557
7452.57 14.6575 1.7245e-008 0.138842
7728.59 15.2072 1.78771e-008 0.150128
8004.61 15.7569 1.85134e-008 0.161414
8280.63 16.3066 1.91442e-008 0.172699
8556.65 16.8563 1.97851e-008 0.183985
8832.67 17.406 2.04162e-008 0.195271
9108.69 17.9557 2.1051e-008 0.206556
9384.71 18.5054 2.16873e-008 0.217842
9660.73 19.0551 2.23213e-008 0.229127
9936.75 19.6049 2.29531e-008 0.240413
10212.8 20.1546 2.35877e-008 0.251699
10488.8 20.7043 2.42196e-008 0.262984
10764.8 21.254 2.4858e-008 0.27427
11040.8 21.8037 2.54904e-008 0.285556
11316.9 22.3534 2.61236e-008 0.296841
11592.9 22.9031 2.67602e-008 0.308127
11868.9 23.4528 2.73953e-008 0.319413
12144.9 24.0025 2.80277e-008 0.330698
12420.9 24.5522 2.86641e-008 0.341984
12697 25.102 2.92992e-008 0.35327
12973 25.6517 2.99317e-008 0.364555
13249 26.2014 3.05641e-008 0.375841
13525 26.7511 3.11964e-008 0.387126
13801 27.3008 3.1834e-008 0.398412
14077.1 27.8505 3.24702e-008 0.409698
