276.021 0.128468 -2.7848e-010 -0.112132
552.042 0.302159 -5.79402e-010 -0.121602
828.063 0.475851 -8.79253e-010 -0.131072
1104.08 0.649542 -1.18027e-009 -0.140543
1380.1 0.823234 -1.48162e-009 -0.150013
1656.13 0.996925 -1.78247e-009 -0.159483
1932.15 1.17062 -2.08205e-009 -0.168954
2208.17 1.34431 -2.38432e-009 -0.178424
2484.19 1.518 -2.68587e-009 -0.187894
2760.21 1.69169 -2.98417e-009 -0.197365
3036.23 1.86538 -3.2866e-009 -0.206835
3312.25 2.03907 -3.58853e-009 -0.216305
3588.27 2.21277 -3.88808e-009 -0.225775
3864.29 2.38646 -4.1896e-009 -0.235246
4140.31 2.56015 -4.48966e-009 -0.244716
4416.33 2.73384 -4.78918e-009 -0.254186
4692.36 2.90753 -5.08994e-009 -0.263657
4968.38 3.08122 -5.39012e-009 -0.273127
5244.4 3.25491 -5.69134e-009 -0.282597
5520.42 3.42861 -5.99314e-009 -0.292068
5796.44 3.6023 -6.29345e-009 -0.301538
6072.46 3.77599 -6.59374e-009 -0.311008
6348.48 3.94968 -6.89521e-009 -0.320479
6624.5 4.12337 -7.19522e-009 -0.329949
6900.52 4.29706 -7.49611e-009 -0.339419
7176.54 4.47076 -7.79739e-009 -0.348889
7452.57 4.64445 -8.09685e-009 -0.35836
7728.59 4.81814 -8.3987e-009 -0.36783
8004.61 4.99183 -8.69856e-009 -0.3773
8280.63 5.16552 -9.00101e-009 -0.386771
8556.65 5.33921 -9.29866e-009 -0.396241
8832.67 5.5129 -9.60104e-009 -0.405711
9108.69 5.6866 -9.90168e-009 -0.415182
9384.71 5.86029 -1.02015e-008 -0.424652
9660.73 6.03398 -1.05025e-008 -0.434122
9936.75 6.20767 -1.08044e-008 -0.443593
10212.8 6.38136 -1.11051e-008 -0.453063
10488.8 6.55505 -1.14071e-008 -0.462533
10764.8 6.72874 -1.1706e-008 -0.472003
11040.8 6.90244 -1.20076e-008 -0.481474
11316.9 7.07613 -1.2309e-008 -0.490944
11592.9 7.24982 -1.26087e-008 -0.500414
11868.9 7.42351 -1.29092e-008 -0.509885
12144.9 7.5972 -1.32108e-008 -0.519355
12420.9 7.77089 -1.35106e-008 -0.528825
12697 7.94459 -1.38111e-008 -0.538296
12973 8.11828 -1.41127e-008 -0.547766
13249 8.29197 -1.44144e-008 -0.557236
13525 8.46566 -1.47162e-008 -0.566707
13801 8.63935 -1.50155e-008 -0.576177
14077.1 8.81304 -1.53154e-008 -0.585647
