276.021 0.222067 2.57442e-011 -0.0873398
552.042 0.534512 2.57316e-011 -0.022536
828.063 0.846956 2.60935e-011 0.0422677
1104.08 1.1594 2.59304e-011 0.107071
1380.1 1.47184 2.57502e-011 0.171875
1656.13 1.78429 2.57147e-011 0.236679
1932.15 2.09673 2.60056e-011 0.301483
2208.17 2.40918 2.54365e-011 0.366286
2484.19 2.72162 2.51891e-011 0.43109
2760.21 3.03407 2.58077e-011 0.495894
3036.23 3.34651 2.57929e-011 0.560698
3312.25 3.65895 2.50827e-011 0.625501
3588.27 3.9714 2.55352e-011 0.690305
3864.29 4.28384 2.51636e-011 0.755109
4140.31 4.59629 2.53896e-011 0.819913
4416.33 4.90873 2.5813e-011 0.884716
4692.36 5.22118 2.60473e-011 0.94952
4968.38 5.53362 2.60896e-011 1.01432
5244.4 5.84606 2.58985e-011 1.07913
5520.42 6.15851 2.54739e-011 1.14393
5796.44 6.47095 2.5895e-011 1.20873
6072.46 6.7834 2.58263e-011 1.27354
6348.48 7.09584 2.57738e-011 1.33834
6624.5 7.40829 2.58082e-011 1.40315
6900.52 7.72073 2.57688e-011 1.46795
7176.54 8.03317 2.54184e-011 1.53275
7452.57 8.34562 2.60401e-011 1.59756
7728.59 8.65806 2.56112e-011 1.66236
8004.61 8.97051 2.58023e-011 1.72716
8280.63 9.28295 2.50348e-011 1.79197
8556.65 9.5954 2.63451e-011 1.85677
8832.67 9.90784 2.57118e-011 1.92158
9108.69 10.2203 2.59222e-011 1.98638
9384.71 10.5327 2.62989e-011 2.05118
9660.73 10.8452 2.63213e-011 2.11599
9936.75 11.1576 2.55509e-011 2.18079
10212.8 11.4701 2.55907e-011 2.24559
10488.8 11.7825 2.52063e-011 2.3104
10764.8 12.0949 2.60068e-011 2.3752
11040.8 12.4074 2.55611e-011 2.44001
11316.9 12.7198 2.51551e-011 2.50481
11592.9 13.0323 2.58864e-011 2.56961
11868.9 13.3447 2.59181e-011 2.63442
12144.9 13.6572 2.53409e-011 2.69922
12420.9 13.9696 2.56264e-011 2.76402
12697 14.2821 2.57165e-011 2.82883
12973 14.5945 2.54029e-011 2.89363
13249 14.9069 2.51369e-011 2.95844
13525 15.2194 2.4702e-011 3.02324
13801 15.5318 2.54943e-011 3.08804
14077.1 15.8443 2.53906e-011 3.15285
