276.021 0.523028 -6.88496e-010 -0.163376
552.042 1.41435 -1.54743e-009 -0.130569
828.063 2.30568 -2.40272e-009 -0.0977626
1104.08 3.197 -3.26144e-009 -0.0649561
1380.1 4.08833 -4.12116e-009 -0.0321496
1656.13 4.97965 -4.97846e-009 0.000656875
1932.15 5.87097 -5.83547e-009 0.0334634
2208.17 6.7623 -6.69544e-009 0.0662699
2484.19 7.65362 -7.5552e-009 0.0990764
2760.21 8.54495 -8.40938e-009 0.131883
3036.23 9.43627 -9.26784e-009 0.164689
3312.25 10.3276 -1.01299e-008 0.197496
3588.27 11.2189 -1.09849e-008 0.230302
3864.29 12.1102 -1.18447e-008 0.263109
4140.31 13.0016 -1.2701e-008 0.295915
4416.33 13.8929 -1.35562e-008 0.328722
4692.36 14.7842 -1.4413e-008 0.361528
4968.38 15.6755 -1.52699e-008 0.394335
5244.4 16.5669 -1.61294e-008 0.427141
5520.42 17.4582 -1.69904e-008 0.459948
5796.44 18.3495 -1.78457e-008 0.492754
6072.46 19.2408 -1.87036e-008 0.525561
6348.48 20.1322 -1.95618e-008 0.558367
6624.5 21.0235 -2.04201e-008 0.591174
6900.52 21.9148 -2.12779e-008 0.62398
7176.54 22.8061 -2.21378e-008 0.656787
7452.57 23.6975 -2.29913e-008 0.689593
7728.59 24.5888 -2.38529e-008 0.7224
8004.61 25.4801 -2.47081e-008 0.755206
8280.63 26.3714 -2.55711e-008 0.788013
8556.65 27.2628 -2.64203e-008 0.820819
8832.67 28.1541 -2.72833e-008 0.853626
9108.69 29.0454 -2.81393e-008 0.886432
9384.71 29.9367 -2.89953e-008 0.919239
9660.73 30.8281 -2.98533e-008 0.952045
9936.75 31.7194 -3.07155e-008 0.984852
10212.8 32.6107 -3.15728e-008 1.01766
10488.8 33.502 -3.24333e-008 1.05046
10764.8 34.3933 -3.32863e-008 1.08327
11040.8 35.2847 -3.41471e-008 1.11608
11316.9 36.176 -3.50071e-008 1.14888
11592.9 37.0673 -3.58601e-008 1.18169
11868.9 37.9586 -3.67185e-008 1.2145
12144.9 38.85 -3.7579e-008 1.2473
12420.9 39.7413 -3.84351e-008 1.28011
12697 40.6326 -3.92919e-008 1.31292
12973 41.5239 -4.01528e-008 1.34572
13249 42.4153 -4.1013e-008 1.37853
13525 43.3066 -4.18732e-008 1.41134
13801 44.1979 -4.27259e-008 1.44414
14077.1 45.0892 -4.35838e-008 1.47695
