276.021 0.0320064 2.62029e-013 -0.0293514
552.042 0.0711539 2.6323e-013 -0.0377858
828.063 0.110301 2.68094e-013 -0.0462201
1104.08 0.149449 2.64794e-013 -0.0546544
1380.1 0.188596 2.57704e-013 -0.0630888
1656.13 0.227744 2.62524e-013 -0.0715231
1932.15 0.266891 2.69846e-013 -0.0799575
2208.17 0.306039 2.61371e-013 -0.0883918
2484.19 0.345186 2.60513e-013 -0.0968261
2760.21 0.384334 2.63678e-013 -0.10526
3036.23 0.423481 2.64955e-013 -0.113695
3312.25 0.462629 2.53875e-013 -0.122129
3588.27 0.501776 2.66468e-013 -0.130564
3864.29 0.540924 2.64724e-013 -0.138998
4140.31 0.580071 2.57419e-013 -0.147432
4416.33 0.619219 2.60273e-013 -0.155867
4692.36 0.658366 2.66655e-013 -0.164301
4968.38 0.697514 2.60385e-013 -0.172735
5244.4 0.736661 2.64182e-013 -0.18117
5520.42 0.775809 2.64671e-013 -0.189604
5796.44 0.814956 2.67499e-013 -0.198038
6072.46 0.854104 2.67552e-013 -0.206473
6348.48 0.893251 2.61376e-013 -0.214907
6624.5 0.932399 2.68857e-013 -0.223341
6900.52 0.971546 2.68514e-013 -0.231776
7176.54 1.01069 2.62825e-013 -0.24021
7452.57 1.04984 2.64949e-013 -0.248644
7728.59 1.08899 2.66623e-013 -0.257079
8004.61 1.12814 2.61703e-013 -0.265513
8280.63 1.16728 2.59781e-013 -0.273947
8556.65 1.20643 2.58338e-013 -0.282382
8832.67 1.24558 2.63415e-013 -0.290816
9108.69 1.28473 2.68967e-013 -0.29925
9384.71 1.32387 2.64758e-013 -0.307685
9660.73 1.36302 2.66652e-013 -0.316119
9936.75 1.40217 2.70376e-013 -0.324553
10212.8 1.44132 2.63757e-013 -0.332988
10488.8 1.48046 2.6487e-013 -0.341422
10764.8 1.51961 2.66979e-013 -0.349856
11040.8 1.55876 2.6093e-013 -0.358291
11316.9 1.59791 2.61918e-013 -0.366725
11592.9 1.63705 2.65349e-013 -0.375159
11868.9 1.6762 2.61885e-013 -0.383594
12144.9 1.71535 2.58921e-013 -0.392028
12420.9 1.7545 2.59638e-013 -0.400462
12697 1.79364 2.58179e-013 -0.408897
12973 1.83279 2.60223e-013 -0.417331
13249 1.87194 2.63596e-013 -0.425765
13525 1.91109 2.53203e-013 -0.4342
13801 1.95023 2.63159e-013 -0.442634
14077.1 1.98938 2.61621e-013 -0.451068
