276.021 0.0751215 8.81863e-010 -0.0860696
552.042 0.175027 1.68299e-009 -0.098027
828.063 0.274933 2.4848e-009 -0.109984
1104.08 0.374839 3.28585e-009 -0.121942
1380.1 0.474744 4.08668e-009 -0.133899
1656.13 0.57465 4.88784e-009 -0.145857
1932.15 0.674556 5.68983e-009 -0.157814
2208.17 0.774461 6.49006e-009 -0.169771
2484.19 0.874367 7.29075e-009 -0.181729
2760.21 0.974273 8.0936e-009 -0.193686
3036.23 1.07418 8.89366e-009 -0.205644
3312.25 1.17408 9.69416e-009 -0.217601
3588.27 1.27399 1.04962e-008 -0.229558
3864.29 1.3739 1.12969e-008 -0.241516
4140.31 1.4738 1.20986e-008 -0.253473
4416.33 1.57371 1.29006e-008 -0.265431
4692.36 1.67361 1.37018e-008 -0.277388
4968.38 1.77352 1.45034e-008 -0.289345
5244.4 1.87342 1.53043e-008 -0.301303
5520.42 1.97333 1.61048e-008 -0.31326
5796.44 2.07324 1.69064e-008 -0.325218
6072.46 2.17314 1.77079e-008 -0.337175
6348.48 2.27305 1.85086e-008 -0.349132
6624.5 2.37295 1.93104e-008 -0.36109
6900.52 2.47286 2.01115e-008 -0.373047
7176.54 2.57276 2.09124e-008 -0.385005
7452.57 2.67267 2.17144e-008 -0.396962
7728.59 2.77258 2.25149e-008 -0.408919
8004.61 2.87248 2.33168e-008 -0.420877
8280.63 2.97239 2.41169e-008 -0.432834
8556.65 3.07229 2.49201e-008 -0.444792
8832.67 3.1722 2.57203e-008 -0.456749
9108.69 3.2721 2.65215e-008 -0.468706
9384.71 3.37201 2.73234e-008 -0.480664
9660.73 3.47192 2.81244e-008 -0.492621
9936.75 3.57182 2.89249e-008 -0.504579
10212.8 3.67173 2.97262e-008 -0.516536
10488.8 3.77163 3.05266e-008 -0.528493
10764.8 3.87154 3.1329e-008 -0.540451
11040.8 3.97144 3.21297e-008 -0.552408
11316.9 4.07135 3.29305e-008 -0.564366
11592.9 4.17126 3.37324e-008 -0.576323
11868.9 4.27116 3.45338e-008 -0.58828
12144.9 4.37107 3.53345e-008 -0.600238
12420.9 4.47097 3.61363e-008 -0.612195
12697 4.57088 3.69377e-008 -0.624152
12973 4.67078 3.77384e-008 -0.63611
13249 4.77069 3.85389e-008 -0.648067
13525 4.8706 3.93395e-008 -0.660025
13801 4.9705 4.01417e-008 -0.671982
14077.1 5.07041 4.09435e-008 -0.683939
