276.021 0.554594 -2.1024e-009 -0.1604
552.042 1.54343 -4.2084e-009 -0.121986
828.063 2.53226 -6.31196e-009 -0.0835726
1104.08 3.5211 -8.41874e-009 -0.0451588
1380.1 4.50994 -1.05257e-008 -0.00674495
1656.13 5.49877 -1.26319e-008 0.0316689
1932.15 6.48761 -1.4736e-008 0.0700827
2208.17 7.47644 -1.68453e-008 0.108497
2484.19 8.46528 -1.89528e-008 0.14691
2760.21 9.45411 -2.10547e-008 0.185324
3036.23 10.4429 -2.31606e-008 0.223738
3312.25 11.4318 -2.52708e-008 0.262152
3588.27 12.4206 -2.73741e-008 0.300566
3864.29 13.4095 -2.94824e-008 0.338979
4140.31 14.3983 -3.15865e-008 0.377393
4416.33 15.3871 -3.36895e-008 0.415807
4692.36 16.376 -3.57941e-008 0.454221
4968.38 17.3648 -3.78994e-008 0.492635
5244.4 18.3536 -4.00066e-008 0.531049
5520.42 19.3425 -4.21154e-008 0.569462
5796.44 20.3313 -4.42185e-008 0.607876
6072.46 21.3201 -4.63247e-008 0.64629
6348.48 22.309 -4.84307e-008 0.684704
6624.5 23.2978 -5.05367e-008 0.723118
6900.52 24.2866 -5.26428e-008 0.761532
7176.54 25.2755 -5.47508e-008 0.799945
7452.57 26.2643 -5.68525e-008 0.838359
7728.59 27.2531 -5.89614e-008 0.876773
8004.61 28.242 -6.10657e-008 0.915187
8280.63 29.2308 -6.31766e-008 0.953601
8556.65 30.2197 -6.52736e-008 0.992015
8832.67 31.2085 -6.73839e-008 1.03043
9108.69 32.1973 -6.94885e-008 1.06884
9384.71 33.1862 -7.15917e-008 1.10726
9660.73 34.175 -7.36975e-008 1.14567
9936.75 35.1638 -7.58086e-008 1.18408
10212.8 36.1527 -7.79139e-008 1.2225
10488.8 37.1415 -8.00224e-008 1.26091
10764.8 38.1303 -8.2123e-008 1.29933
11040.8 39.1192 -8.42316e-008 1.33774
11316.9 40.108 -8.63402e-008 1.37615
11592.9 41.0968 -8.84412e-008 1.41457
11868.9 42.0857 -9.05468e-008 1.45298
12144.9 43.0745 -9.26563e-008 1.49139
12420.9 44.0633 -9.47603e-008 1.52981
12697 45.0522 -9.68655e-008 1.56822
12973 46.041 -9.89735e-008 1.60664
13249 47.0298 -1.01081e-007 1.64505
13525 48.0187 -1.0319e-007 1.68346
13801 49.0075 -1.05291e-007 1.72188
14077.1 49.9964 -1.07397e-007 1.76029
