276.021 0.203622 2.81137e-011 -0.131143
552.042 0.487212 8.15195e-012 -0.134862
828.063 0.770802 -1.03312e-011 -0.138582
1104.08 1.05439 -3.0422e-011 -0.142301
1380.1 1.33798 -5.09786e-011 -0.146021
1656.13 1.62157 -7.07933e-011 -0.14974
1932.15 1.90516 -8.89497e-011 -0.15346
2208.17 2.18875 -1.10703e-010 -0.157179
2484.19 2.47234 -1.31477e-010 -0.160899
2760.21 2.75593 -1.47912e-010 -0.164618
3036.23 3.03952 -1.69858e-010 -0.168338
3312.25 3.32311 -1.9118e-010 -0.172057
3588.27 3.6067 -2.09238e-010 -0.175777
3864.29 3.89029 -2.30037e-010 -0.179496
4140.31 4.17388 -2.48809e-010 -0.183216
4416.33 4.45747 -2.66875e-010 -0.186935
4692.36 4.74106 -2.86555e-010 -0.190655
4968.38 5.02465 -3.05538e-010 -0.194374
5244.4 5.30824 -3.25861e-010 -0.198094
5520.42 5.59183 -3.47014e-010 -0.201813
5796.44 5.87542 -3.66108e-010 -0.205533
6072.46 6.15901 -3.85203e-010 -0.209252
6348.48 6.4426 -4.05903e-010 -0.212972
6624.5 6.72618 -4.24614e-010 -0.216691
6900.52 7.00977 -4.4451e-010 -0.220411
7176.54 7.29336 -4.64991e-010 -0.22413
7452.57 7.57695 -4.82925e-010 -0.22785
7728.59 7.86054 -5.04131e-010 -0.231569
8004.61 8.14413 -5.22617e-010 -0.235288
8280.63 8.42772 -5.44658e-010 -0.239008
8556.65 8.71131 -5.60193e-010 -0.242727
8832.67 8.9949 -5.82092e-010 -0.246447
9108.69 9.27849 -6.01622e-010 -0.250166
9384.71 9.56208 -6.20111e-010 -0.253886
9660.73 9.84567 -6.40092e-010 -0.257605
9936.75 10.1293 -6.61471e-010 -0.261325
10212.8 10.4129 -6.81091e-010 -0.265044
10488.8 10.6964 -7.0243e-010 -0.268764
10764.8 10.98 -7.1964e-010 -0.272483
11040.8 11.2636 -7.40592e-010 -0.276203
11316.9 11.5472 -7.61118e-010 -0.279922
11592.9 11.8308 -7.79427e-010 -0.283642
11868.9 12.1144 -7.98759e-010 -0.287361
12144.9 12.398 -8.19705e-010 -0.291081
12420.9 12.6816 -8.38163e-010 -0.2948
12697 12.9652 -8.57451e-010 -0.29852
12973 13.2487 -8.78367e-010 -0.302239
13249 13.5323 -8.99403e-010 -0.305959
13525 13.8159 -9.20505e-010 -0.309678
13801 14.0995 -9.38194e-010 -0.313398
14077.1 14.3831 -9.56731e-010 -0.317117
