276.021 0.553762 2.40463e-009 -0.1604
552.042 1.53958 4.49023e-009 -0.121986
828.063 2.5254 6.57826e-009 -0.0835726
1104.08 3.51121 8.66308e-009 -0.0451588
1380.1 4.49703 1.07478e-008 -0.00674495
1656.13 5.48284 1.28332e-008 0.0316689
1932.15 6.46866 1.49206e-008 0.0700827
2208.17 7.45448 1.70029e-008 0.108497
2484.19 8.44029 1.9087e-008 0.14691
2760.21 9.42611 2.11767e-008 0.185324
3036.23 10.4119 2.32625e-008 0.223738
3312.25 11.3977 2.53438e-008 0.262152
3588.27 12.3836 2.74321e-008 0.300566
3864.29 13.3694 2.95155e-008 0.338979
4140.31 14.3552 3.1603e-008 0.377393
4416.33 15.341 3.36915e-008 0.415807
4692.36 16.3268 3.57785e-008 0.454221
4968.38 17.3126 3.78648e-008 0.492635
5244.4 18.2985 3.99492e-008 0.531049
5520.42 19.2843 4.20321e-008 0.569462
5796.44 20.2701 4.41205e-008 0.607876
6072.46 21.2559 4.62059e-008 0.64629
6348.48 22.2417 4.82915e-008 0.684704
6624.5 23.2275 5.03771e-008 0.723118
6900.52 24.2134 5.24627e-008 0.761532
7176.54 25.1992 5.45463e-008 0.799945
7452.57 26.185 5.66362e-008 0.838359
7728.59 27.1708 5.87189e-008 0.876773
8004.61 28.1566 6.08062e-008 0.915187
8280.63 29.1424 6.28869e-008 0.953601
8556.65 30.1283 6.49814e-008 0.992015
8832.67 31.1141 6.70628e-008 1.03043
9108.69 32.0999 6.91498e-008 1.06884
9384.71 33.0857 7.12382e-008 1.10726
9660.73 34.0715 7.3324e-008 1.14567
9936.75 35.0573 7.54045e-008 1.18408
10212.8 36.0432 7.74907e-008 1.2225
10488.8 37.029 7.95738e-008 1.26091
10764.8 38.0148 8.16649e-008 1.29933
11040.8 39.0006 8.37478e-008 1.33774
11316.9 39.9864 8.58309e-008 1.37615
11592.9 40.9722 8.79215e-008 1.41457
11868.9 41.9581 9.00075e-008 1.45298
12144.9 42.9439 9.20895e-008 1.49139
12420.9 43.9297 9.41772e-008 1.52981
12697 44.9155 9.62635e-008 1.56822
12973 45.9013 9.83471e-008 1.60664
13249 46.8871 1.00431e-007 1.64505
13525 47.873 1.02514e-007 1.68346
13801 48.8588 1.04605e-007 1.72188
14077.1 49.8446 1.0669e-007 1.76029
