276.021 0.21968 4.31438e-010 -0.131143
552.042 0.528391 7.9258e-010 -0.134862
828.063 0.837101 1.15523e-009 -0.138582
1104.08 1.14581 1.51623e-009 -0.142301
1380.1 1.45452 1.87676e-009 -0.146021
1656.13 1.76323 2.23805e-009 -0.14974
1932.15 2.07194 2.60103e-009 -0.15346
2208.17 2.38065 2.96033e-009 -0.157179
2484.19 2.68936 3.32064e-009 -0.160899
2760.21 2.99807 3.68536e-009 -0.164618
3036.23 3.30678 4.04452e-009 -0.168338
3312.25 3.61549 4.40424e-009 -0.172057
3588.27 3.9242 4.76733e-009 -0.175777
3864.29 4.23291 5.1276e-009 -0.179496
4140.31 4.54162 5.48995e-009 -0.183216
4416.33 4.85033 5.85303e-009 -0.186935
4692.36 5.15904 6.21447e-009 -0.190655
4968.38 5.46775 6.5766e-009 -0.194374
5244.4 5.77646 6.93736e-009 -0.198094
5520.42 6.08517 7.29728e-009 -0.201813
5796.44 6.39388 7.65932e-009 -0.205533
6072.46 6.70259 8.02133e-009 -0.209252
6348.48 7.0113 8.38173e-009 -0.212972
6624.5 7.32001 8.74413e-009 -0.216691
6900.52 7.62872 9.10533e-009 -0.220411
7176.54 7.93743 9.46592e-009 -0.22413
7452.57 8.24614 9.82915e-009 -0.22785
7728.59 8.55485 1.0189e-008 -0.231569
8004.61 8.86356 1.05516e-008 -0.235288
8280.63 9.17227 1.09106e-008 -0.239008
8556.65 9.48098 1.12763e-008 -0.242727
8832.67 9.78969 1.16355e-008 -0.246447
9108.69 10.0984 1.19971e-008 -0.250166
9384.71 10.4071 1.23597e-008 -0.253886
9660.73 10.7158 1.27208e-008 -0.257605
9936.75 11.0245 1.30805e-008 -0.261325
10212.8 11.3332 1.3442e-008 -0.265044
10488.8 11.642 1.38017e-008 -0.268764
10764.8 11.9507 1.41657e-008 -0.272483
11040.8 12.2594 1.45258e-008 -0.276203
11316.9 12.5681 1.48863e-008 -0.279922
11592.9 12.8768 1.52492e-008 -0.283642
11868.9 13.1855 1.5611e-008 -0.287361
12144.9 13.4942 1.59711e-008 -0.291081
12420.9 13.8029 1.63338e-008 -0.2948
12697 14.1116 1.66956e-008 -0.29852
12973 14.4203 1.70557e-008 -0.302239
13249 14.7291 1.74158e-008 -0.305959
13525 15.0378 1.77758e-008 -0.309678
13801 15.3465 1.81392e-008 -0.313398
14077.1 15.6552 1.85018e-008 -0.317117
