276.021 0.315151 -6.11018e-010 -0.0626285
552.042 0.764466 -1.16922e-009 -0.0209294
828.063 1.21378 -1.72876e-009 0.0207696
1104.08 1.6631 -2.28714e-009 0.0624687
1380.1 2.11241 -2.84495e-009 0.104168
1656.13 2.56173 -3.40335e-009 0.145867
1932.15 3.01104 -3.96335e-009 0.187566
2208.17 3.46036 -4.52023e-009 0.229265
2484.19 3.90967 -5.07781e-009 0.270964
2760.21 4.35899 -5.63955e-009 0.312663
3036.23 4.8083 -6.19535e-009 0.354362
3312.25 5.25762 -6.75301e-009 0.396061
3588.27 5.70693 -7.31282e-009 0.43776
3864.29 6.15625 -7.87055e-009 0.479459
4140.31 6.60556 -8.43007e-009 0.521158
4416.33 7.05488 -8.99004e-009 0.562857
4692.36 7.50419 -9.54823e-009 0.604556
4968.38 7.95351 -1.01077e-008 0.646255
5244.4 8.40282 -1.06657e-008 0.687954
5520.42 8.85214 -1.1223e-008 0.729653
5796.44 9.30145 -1.17818e-008 0.771352
6072.46 9.75077 -1.23412e-008 0.813051
6348.48 10.2001 -1.28986e-008 0.85475
6624.5 10.6494 -1.34583e-008 0.89645
6900.52 11.0987 -1.40167e-008 0.938149
7176.54 11.548 -1.45748e-008 0.979848
7452.57 11.9973 -1.51347e-008 1.02155
7728.59 12.4467 -1.56919e-008 1.06325
8004.61 12.896 -1.62518e-008 1.10494
8280.63 13.3453 -1.68086e-008 1.14664
8556.65 13.7946 -1.73705e-008 1.18834
8832.67 14.2439 -1.79272e-008 1.23004
9108.69 14.6932 -1.84856e-008 1.27174
9384.71 15.1426 -1.90452e-008 1.31344
9660.73 15.5919 -1.96033e-008 1.35514
9936.75 16.0412 -2.01608e-008 1.39684
10212.8 16.4905 -2.07195e-008 1.43854
10488.8 16.9398 -2.12766e-008 1.48024
10764.8 17.3891 -2.18371e-008 1.52194
11040.8 17.8384 -2.23948e-008 1.56363
11316.9 18.2878 -2.29529e-008 1.60533
11592.9 18.7371 -2.35121e-008 1.64703
11868.9 19.1864 -2.40712e-008 1.68873
12144.9 19.6357 -2.4629e-008 1.73043
12420.9 20.085 -2.51887e-008 1.77213
12697 20.5343 -2.57477e-008 1.81383
12973 20.9836 -2.63051e-008 1.85553
13249 21.433 -2.68623e-008 1.89723
13525 21.8823 -2.74199e-008 1.93893
13801 22.3316 -2.79798e-008 1.98062
14077.1 22.7809 -2.85399e-008 2.02232
