276.021 0.144005 -7.05431e-012 -0.112132
552.042 0.340444 -8.35637e-011 -0.121602
828.063 0.536882 -1.58972e-010 -0.131072
1104.08 0.733321 -2.35588e-010 -0.140543
1380.1 0.92976 -3.12536e-010 -0.150013
1656.13 1.1262 -3.88974e-010 -0.159483
1932.15 1.32264 -4.64122e-010 -0.168954
2208.17 1.51908 -5.42014e-010 -0.178424
2484.19 1.71552 -6.19173e-010 -0.187894
2760.21 1.91195 -6.93011e-010 -0.197365
3036.23 2.10839 -7.7103e-010 -0.206835
3312.25 2.30483 -8.48595e-010 -0.216305
3588.27 2.50127 -9.23699e-010 -0.225775
3864.29 2.69771 -1.00083e-009 -0.235246
4140.31 2.89415 -1.07646e-009 -0.244716
4416.33 3.09059 -1.15153e-009 -0.254186
4692.36 3.28703 -1.22786e-009 -0.263657
4968.38 3.48347 -1.30362e-009 -0.273127
5244.4 3.6799 -1.38045e-009 -0.282597
5520.42 3.87634 -1.45786e-009 -0.292068
5796.44 4.07278 -1.53372e-009 -0.301538
6072.46 4.26922 -1.6096e-009 -0.311008
6348.48 4.46566 -1.68667e-009 -0.320479
6624.5 4.6621 -1.76226e-009 -0.329949
6900.52 4.85854 -1.83873e-009 -0.339419
7176.54 5.05498 -1.91563e-009 -0.348889
7452.57 5.25142 -1.99063e-009 -0.35836
7728.59 5.44785 -2.0681e-009 -0.36783
8004.61 5.64429 -2.14352e-009 -0.3773
8280.63 5.84073 -2.22162e-009 -0.386771
8556.65 6.03717 -2.29476e-009 -0.396241
8832.67 6.23361 -2.37277e-009 -0.405711
9108.69 6.43005 -2.44898e-009 -0.415182
9384.71 6.62649 -2.52438e-009 -0.424652
9660.73 6.82293 -2.60094e-009 -0.434122
9936.75 7.01936 -2.67852e-009 -0.443593
10212.8 7.2158 -2.75477e-009 -0.453063
10488.8 7.41224 -2.83237e-009 -0.462533
10764.8 7.60868 -2.90679e-009 -0.472003
11040.8 7.80512 -2.98402e-009 -0.481474
11316.9 8.00156 -3.06102e-009 -0.490944
11592.9 8.198 -3.1363e-009 -0.500414
11868.9 8.39444 -3.21233e-009 -0.509885
12144.9 8.59088 -3.2896e-009 -0.519355
12420.9 8.78731 -3.36498e-009 -0.528825
12697 8.98375 -3.441e-009 -0.538296
12973 9.18019 -3.51823e-009 -0.547766
13249 9.37663 -3.59558e-009 -0.557236
13525 9.57307 -3.67298e-009 -0.566707
13801 9.76951 -3.74779e-009 -0.576177
14077.1 9.96595 -3.82324e-009 -0.585647
