276.021 0.203622 1.19776e-010 -0.131143
552.042 0.487212 1.39189e-010 -0.134862
828.063 0.770802 1.6008e-010 -0.138582
1104.08 1.05439 1.79364e-010 -0.142301
1380.1 1.33798 1.98182e-010 -0.146021
1656.13 1.62157 2.17742e-010 -0.14974
1932.15 1.90516 2.3896e-010 -0.15346
2208.17 2.18875 2.56581e-010 -0.157179
2484.19 2.47234 2.75181e-010 -0.160899
2760.21 2.75593 2.98121e-010 -0.164618
3036.23 3.03952 3.1555e-010 -0.168338
3312.25 3.32311 3.33603e-010 -0.172057
3588.27 3.6067 3.54919e-010 -0.175777
3864.29 3.89029 3.73494e-010 -0.179496
4140.31 4.17388 3.94097e-010 -0.183216
4416.33 4.45747 4.15405e-010 -0.186935
4692.36 4.74106 4.35101e-010 -0.190655
4968.38 5.02465 4.55491e-010 -0.194374
5244.4 5.30824 4.74543e-010 -0.198094
5520.42 5.59183 4.92765e-010 -0.201813
5796.44 5.87542 5.13046e-010 -0.205533
6072.46 6.15901 5.33325e-010 -0.209252
6348.48 6.4426 5.51999e-010 -0.212972
6624.5 6.72618 5.72663e-010 -0.216691
6900.52 7.00977 5.92141e-010 -0.220411
7176.54 7.29336 6.11035e-010 -0.22413
7452.57 7.57695 6.32476e-010 -0.22785
7728.59 7.86054 6.50644e-010 -0.231569
8004.61 8.14413 6.71533e-010 -0.235288
8280.63 8.42772 6.88866e-010 -0.239008
8556.65 8.71131 7.12706e-010 -0.242727
8832.67 8.9949 7.30181e-010 -0.246447
9108.69 9.27849 7.50026e-010 -0.250166
9384.71 9.56208 7.70912e-010 -0.253886
9660.73 9.84567 7.90305e-010 -0.257605
9936.75 10.1293 8.08301e-010 -0.261325
10212.8 10.4129 8.28055e-010 -0.265044
10488.8 10.6964 8.46091e-010 -0.268764
10764.8 10.98 8.68256e-010 -0.272483
11040.8 11.2636 8.86678e-010 -0.276203
11316.9 11.5472 9.05527e-010 -0.279922
11592.9 11.8308 9.26592e-010 -0.283642
11868.9 12.1144 9.46634e-010 -0.287361
12144.9 12.398 9.65063e-010 -0.291081
12420.9 12.6816 9.8598e-010 -0.2948
12697 12.9652 1.00607e-009 -0.29852
12973 13.2487 1.02453e-009 -0.302239
13249 13.5323 1.04286e-009 -0.305959
13525 13.8159 1.06114e-009 -0.309678
13801 14.0995 1.08282e-009 -0.313398
14077.1 14.3831 1.10366e-009 -0.317117
