276.021 0.297246 9.41395e-010 -0.0626285
552.042 0.716442 1.91549e-009 -0.0209294
828.063 1.13564 2.88824e-009 0.0207696
1104.08 1.55483 3.86218e-009 0.0624687
1380.1 1.97403 4.83668e-009 0.104168
1656.13 2.39322 5.81057e-009 0.145867
1932.15 2.81242 6.78287e-009 0.187566
2208.17 3.23161 7.75831e-009 0.229265
2484.19 3.65081 8.73303e-009 0.270964
2760.21 4.07 9.70358e-009 0.312663
3036.23 4.4892 1.06801e-008 0.354362
3312.25 4.90839 1.16548e-008 0.396061
3588.27 5.32759 1.26272e-008 0.43776
3864.29 5.74679 1.36018e-008 0.479459
4140.31 6.16598 1.45746e-008 0.521158
4416.33 6.58518 1.55469e-008 0.562857
4692.36 7.00437 1.6521e-008 0.604556
4968.38 7.42357 1.74938e-008 0.646255
5244.4 7.84276 1.84681e-008 0.687954
5520.42 8.26196 1.94431e-008 0.729653
5796.44 8.68115 2.04167e-008 0.771352
6072.46 9.10035 2.13896e-008 0.813051
6348.48 9.51954 2.23644e-008 0.85475
6624.5 9.93874 2.33371e-008 0.896449
6900.52 10.3579 2.4311e-008 0.938149
7176.54 10.7771 2.52852e-008 0.979848
7452.57 11.1963 2.62576e-008 1.02155
7728.59 11.6155 2.72326e-008 1.06325
8004.61 12.0347 2.8205e-008 1.10494
8280.63 12.4539 2.91806e-008 1.14664
8556.65 12.8731 3.0151e-008 1.18834
8832.67 13.2923 3.11266e-008 1.23004
9108.69 13.7115 3.21005e-008 1.27174
9384.71 14.1307 3.30732e-008 1.31344
9660.73 14.5499 3.40473e-008 1.35514
9936.75 14.9691 3.50222e-008 1.39684
10212.8 15.3883 3.59958e-008 1.43854
10488.8 15.8075 3.69711e-008 1.48024
10764.8 16.2267 3.79428e-008 1.52194
11040.8 16.6459 3.89174e-008 1.56363
11316.9 17.0651 3.98916e-008 1.60533
11592.9 17.4843 4.08647e-008 1.64703
11868.9 17.9034 4.18379e-008 1.68873
12144.9 18.3226 4.28125e-008 1.73043
12420.9 18.7418 4.3785e-008 1.77213
12697 19.161 4.47583e-008 1.81383
12973 19.5802 4.57332e-008 1.85553
13249 19.9994 4.67083e-008 1.89723
13525 20.4186 4.76831e-008 1.93893
13801 20.8378 4.86555e-008 1.98062
14077.1 21.257 4.96276e-008 2.02232
