276.021 0.146314 1.6171e-011 -0.0697508
552.042 0.346134 1.61638e-011 -0.0171712
828.063 0.545955 1.63904e-011 0.0354084
1104.08 0.745775 1.6288e-011 0.087988
1380.1 0.945595 1.61768e-011 0.140568
1656.13 1.14542 1.61527e-011 0.193147
1932.15 1.34524 1.63356e-011 0.245727
2208.17 1.54506 1.59776e-011 0.298306
2484.19 1.74488 1.58221e-011 0.350886
2760.21 1.9447 1.62118e-011 0.403466
3036.23 2.14452 1.62018e-011 0.456045
3312.25 2.34434 1.57567e-011 0.508625
3588.27 2.54416 1.60391e-011 0.561204
3864.29 2.74398 1.58046e-011 0.613784
4140.31 2.9438 1.59489e-011 0.666363
4416.33 3.14362 1.62155e-011 0.718943
4692.36 3.34344 1.63616e-011 0.771523
4968.38 3.54326 1.63893e-011 0.824102
5244.4 3.74308 1.62685e-011 0.876682
5520.42 3.9429 1.60013e-011 0.929261
5796.44 4.14272 1.6266e-011 0.981841
6072.46 4.34254 1.62219e-011 1.03442
6348.48 4.54236 1.61899e-011 1.087
6624.5 4.74218 1.62118e-011 1.13958
6900.52 4.942 1.61863e-011 1.19216
7176.54 5.14182 1.59666e-011 1.24474
7452.57 5.34164 1.63572e-011 1.29732
7728.59 5.54146 1.6088e-011 1.3499
8004.61 5.74128 1.62079e-011 1.40248
8280.63 5.9411 1.57251e-011 1.45506
8556.65 6.14092 1.65505e-011 1.50764
8832.67 6.34074 1.61514e-011 1.56022
9108.69 6.54056 1.6282e-011 1.6128
9384.71 6.74038 1.65209e-011 1.66538
9660.73 6.9402 1.65346e-011 1.71796
9936.75 7.14002 1.60487e-011 1.77053
10212.8 7.33984 1.60745e-011 1.82311
10488.8 7.53966 1.58321e-011 1.87569
10764.8 7.73948 1.63362e-011 1.92827
11040.8 7.9393 1.60569e-011 1.98085
11316.9 8.13912 1.58006e-011 2.03343
11592.9 8.33894 1.626e-011 2.08601
11868.9 8.53876 1.62815e-011 2.13859
12144.9 8.73858 1.59176e-011 2.19117
12420.9 8.9384 1.60975e-011 2.24375
12697 9.13822 1.61545e-011 2.29633
12973 9.33804 1.59574e-011 2.34891
13249 9.53787 1.57898e-011 2.40149
13525 9.73769 1.55171e-011 2.45407
13801 9.93751 1.6014e-011 2.50665
14077.1 10.1373 1.59493e-011 2.55923
