276.021 0.238231 -5.20862e-010 -0.0454476
552.042 0.564614 -9.95308e-010 -0.00176401
828.063 0.890996 -1.47083e-009 0.0419195
1104.08 1.21738 -1.94534e-009 0.0856031
1380.1 1.54376 -2.41943e-009 0.129287
1656.13 1.87014 -2.89401e-009 0.17297
1932.15 2.19653 -3.3699e-009 0.216654
2208.17 2.52291 -3.8432e-009 0.260337
2484.19 2.84929 -4.31708e-009 0.304021
2760.21 3.17567 -4.79442e-009 0.347704
3036.23 3.50206 -5.26688e-009 0.391388
3312.25 3.82844 -5.74076e-009 0.435071
3588.27 4.15482 -6.21655e-009 0.478755
3864.29 4.4812 -6.69053e-009 0.522439
4140.31 4.80759 -7.16602e-009 0.566122
4416.33 5.13397 -7.64192e-009 0.609806
4692.36 5.46035 -8.11635e-009 0.653489
4968.38 5.78673 -8.5918e-009 0.697173
5244.4 6.11312 -9.06603e-009 0.740856
5520.42 6.4395 -9.53969e-009 0.78454
5796.44 6.76588 -1.00146e-008 0.828223
6072.46 7.09226 -1.04899e-008 0.871907
6348.48 7.41865 -1.09638e-008 0.91559
6624.5 7.74503 -1.14393e-008 0.959274
6900.52 8.07141 -1.19139e-008 1.00296
7176.54 8.39779 -1.23882e-008 1.04664
7452.57 8.72418 -1.28641e-008 1.09032
7728.59 9.05056 -1.33377e-008 1.13401
8004.61 9.37694 -1.38135e-008 1.17769
8280.63 9.70332 -1.42866e-008 1.22138
8556.65 10.0297 -1.47642e-008 1.26506
8832.67 10.3561 -1.52373e-008 1.30874
9108.69 10.6825 -1.57119e-008 1.35243
9384.71 11.0089 -1.61875e-008 1.39611
9660.73 11.3352 -1.66619e-008 1.43979
9936.75 11.6616 -1.71356e-008 1.48348
10212.8 11.988 -1.76104e-008 1.52716
10488.8 12.3144 -1.80838e-008 1.57084
10764.8 12.6408 -1.85602e-008 1.61453
11040.8 12.9671 -1.90342e-008 1.65821
11316.9 13.2935 -1.95085e-008 1.70189
11592.9 13.6199 -1.99838e-008 1.74558
11868.9 13.9463 -2.04589e-008 1.78926
12144.9 14.2727 -2.09329e-008 1.83294
12420.9 14.5991 -2.14086e-008 1.87663
12697 14.9254 -2.18836e-008 1.92031
12973 15.2518 -2.23574e-008 1.964
13249 15.5782 -2.2831e-008 2.00768
13525 15.9046 -2.33048e-008 2.05136
13801 16.231 -2.37807e-008 2.09505
14077.1 16.5574 -2.42567e-008 2.13873
