276.021 0.514232 7.61281e-010 -0.163376
552.042 1.38024 1.40846e-009 -0.130569
828.063 2.24624 2.05926e-009 -0.0977626
1104.08 3.11224 2.70667e-009 -0.0649561
1380.1 3.97825 3.35309e-009 -0.0321496
1656.13 4.84425 4.0019e-009 0.000656876
1932.15 5.71026 4.65098e-009 0.0334634
2208.17 6.57626 5.29718e-009 0.0662699
2484.19 7.44226 5.94356e-009 0.0990764
2760.21 8.30827 6.59544e-009 0.131883
3036.23 9.17427 7.2431e-009 0.164689
3312.25 10.0403 7.88718e-009 0.197496
3588.27 10.9063 8.53831e-009 0.230302
3864.29 11.7723 9.18464e-009 0.263109
4140.31 12.6383 9.8344e-009 0.295915
4416.33 13.5043 1.04853e-008 0.328722
4692.36 14.3703 1.11347e-008 0.361528
4968.38 15.2363 1.17838e-008 0.394335
5244.4 16.1023 1.24304e-008 0.427141
5520.42 16.9683 1.30756e-008 0.459948
5796.44 17.8343 1.37264e-008 0.492754
6072.46 18.7003 1.43746e-008 0.525561
6348.48 19.5663 1.50225e-008 0.558367
6624.5 20.4323 1.56704e-008 0.591174
6900.52 21.2983 1.63186e-008 0.62398
7176.54 22.1643 1.69649e-008 0.656787
7452.57 23.0303 1.76175e-008 0.689593
7728.59 23.8963 1.8262e-008 0.7224
8004.61 24.7623 1.89129e-008 0.755206
8280.63 25.6283 1.95562e-008 0.788013
8556.65 26.4943 2.0213e-008 0.820819
8832.67 27.3604 2.08561e-008 0.853626
9108.69 28.2264 2.15062e-008 0.886432
9384.71 29.0924 2.21563e-008 0.919239
9660.73 29.9584 2.28044e-008 0.952045
9936.75 30.8244 2.34484e-008 0.984852
10212.8 31.6904 2.40972e-008 1.01766
10488.8 32.5564 2.47428e-008 1.05046
10764.8 33.4224 2.53959e-008 1.08327
11040.8 34.2884 2.60413e-008 1.11608
11316.9 35.1544 2.66874e-008 1.14888
11592.9 36.0204 2.73404e-008 1.18169
11868.9 36.8864 2.79881e-008 1.2145
12144.9 37.7524 2.86338e-008 1.2473
12420.9 38.6184 2.92838e-008 1.28011
12697 39.4844 2.99331e-008 1.31292
12973 40.3504 3.05784e-008 1.34572
13249 41.2164 3.12243e-008 1.37853
13525 42.0824 3.18703e-008 1.41134
13801 42.9484 3.25236e-008 1.44414
14077.1 43.8144 3.31718e-008 1.47695
