276.021 0.566023 -2.34177e-009 -0.120471
552.042 1.56285 -4.46764e-009 -0.0998159
828.063 2.55968 -6.59425e-009 -0.0791613
1104.08 3.55651 -8.72e-009 -0.0585067
1380.1 4.55334 -1.0846e-008 -0.0378521
1656.13 5.55017 -1.29714e-008 -0.0171975
1932.15 6.547 -1.50976e-008 0.00345713
2208.17 7.54383 -1.72226e-008 0.0241117
2484.19 8.54066 -1.93478e-008 0.0447664
2760.21 9.53749 -2.14753e-008 0.065421
3036.23 10.5343 -2.36012e-008 0.0860756
3312.25 11.5311 -2.5726e-008 0.10673
3588.27 12.528 -2.78521e-008 0.127385
3864.29 13.5248 -2.99771e-008 0.148039
4140.31 14.5216 -3.21043e-008 0.168694
4416.33 15.5185 -3.42312e-008 0.189349
4692.36 16.5153 -3.63573e-008 0.210003
4968.38 17.5121 -3.84839e-008 0.230658
5244.4 18.509 -4.0609e-008 0.251312
5520.42 19.5058 -4.27337e-008 0.271967
5796.44 20.5026 -4.48606e-008 0.292622
6072.46 21.4994 -4.69863e-008 0.313276
6348.48 22.4963 -4.91127e-008 0.333931
6624.5 23.4931 -5.1238e-008 0.354586
6900.52 24.4899 -5.33639e-008 0.37524
7176.54 25.4868 -5.54892e-008 0.395895
7452.57 26.4836 -5.76168e-008 0.416549
7728.59 27.4804 -5.97413e-008 0.437204
8004.61 28.4773 -6.18682e-008 0.457859
8280.63 29.4741 -6.39921e-008 0.478513
8556.65 30.4709 -6.61219e-008 0.499168
8832.67 31.4677 -6.82458e-008 0.519822
9108.69 32.4646 -7.03718e-008 0.540477
9384.71 33.4614 -7.24992e-008 0.561132
9660.73 34.4582 -7.4625e-008 0.581786
9936.75 35.4551 -7.67484e-008 0.602441
10212.8 36.4519 -7.88749e-008 0.623095
10488.8 37.4487 -8.09996e-008 0.64375
10764.8 38.4455 -8.31278e-008 0.664405
11040.8 39.4424 -8.52529e-008 0.685059
11316.9 40.4392 -8.73776e-008 0.705714
11592.9 41.436 -8.95054e-008 0.726369
11868.9 42.4329 -9.16317e-008 0.747023
12144.9 43.4297 -9.37562e-008 0.767678
12420.9 44.4265 -9.58829e-008 0.788332
12697 45.4234 -9.80091e-008 0.808987
12973 46.4202 -1.00134e-007 0.829642
13249 47.417 -1.02259e-007 0.850296
13525 48.4138 -1.04384e-007 0.870951
13801 49.4107 -1.06512e-007 0.891605
14077.1 50.4075 -1.08638e-007 0.91226
