276.021 0.523028 7.74134e-011 -0.142485
552.042 1.41435 7.73467e-011 -0.0495488
828.063 2.30568 7.84559e-011 0.0433878
1104.08 3.197 7.79661e-011 0.136324
1380.1 4.08833 7.73594e-011 0.229261
1656.13 4.97965 7.73041e-011 0.322198
1932.15 5.87097 7.8176e-011 0.415134
2208.17 6.7623 7.64944e-011 0.508071
2484.19 7.65362 7.57465e-011 0.601007
2760.21 8.54495 7.75755e-011 0.693944
3036.23 9.43627 7.75476e-011 0.78688
3312.25 10.3276 7.53745e-011 0.879817
3588.27 11.2189 7.67886e-011 0.972754
3864.29 12.1102 7.56975e-011 1.06569
4140.31 13.0016 7.63199e-011 1.15863
4416.33 13.8929 7.75891e-011 1.25156
4692.36 14.7842 7.83117e-011 1.3445
4968.38 15.6755 7.84201e-011 1.43744
5244.4 16.5669 7.78629e-011 1.53037
5520.42 17.4582 7.65906e-011 1.62331
5796.44 18.3495 7.78498e-011 1.71625
6072.46 19.2408 7.76709e-011 1.80918
6348.48 20.1322 7.74844e-011 1.90212
6624.5 21.0235 7.7585e-011 1.99506
6900.52 21.9148 7.74836e-011 2.08799
7176.54 22.8061 7.64181e-011 2.18093
7452.57 23.6975 7.82951e-011 2.27387
7728.59 24.5888 7.69886e-011 2.3668
8004.61 25.4801 7.75777e-011 2.45974
8280.63 26.3714 7.52791e-011 2.55268
8556.65 27.2628 7.91685e-011 2.64561
8832.67 28.1541 7.72854e-011 2.73855
9108.69 29.0454 7.79616e-011 2.83149
9384.71 29.9367 7.90348e-011 2.92442
9660.73 30.8281 7.91053e-011 3.01736
9936.75 31.7194 7.68501e-011 3.11029
10212.8 32.6107 7.69528e-011 3.20323
10488.8 33.502 7.58137e-011 3.29617
10764.8 34.3933 7.81889e-011 3.3891
11040.8 35.2847 7.68305e-011 3.48204
11316.9 36.176 7.56432e-011 3.57498
11592.9 37.0673 7.78423e-011 3.66791
11868.9 37.9586 7.78928e-011 3.76085
12144.9 38.85 7.62032e-011 3.85379
12420.9 39.7413 7.70403e-011 3.94672
12697 40.6326 7.73062e-011 4.03966
12973 41.5239 7.63583e-011 4.1326
13249 42.4153 7.55628e-011 4.22553
13525 43.3066 7.42436e-011 4.31847
13801 44.1979 7.66488e-011 4.41141
14077.1 45.0892 7.63451e-011 4.50434
