276.021 0.0246547 2.51667e-012 -0.0283972
552.042 0.0567603 2.51561e-012 -0.00731132
828.063 0.0888658 2.55086e-012 0.0137745
1104.08 0.120971 2.53484e-012 0.0348604
1380.1 0.153077 2.51803e-012 0.0559462
1656.13 0.185183 2.51382e-012 0.0770321
1932.15 0.217288 2.54228e-012 0.0981179
2208.17 0.249394 2.48653e-012 0.119204
2484.19 0.281499 2.46236e-012 0.14029
2760.21 0.313605 2.52326e-012 0.161375
3036.23 0.34571 2.52151e-012 0.182461
3312.25 0.377816 2.45254e-012 0.203547
3588.27 0.409922 2.49591e-012 0.224633
3864.29 0.442027 2.45917e-012 0.245719
4140.31 0.474133 2.48222e-012 0.266805
4416.33 0.506238 2.52401e-012 0.287891
4692.36 0.538344 2.54631e-012 0.308976
4968.38 0.570449 2.551e-012 0.330062
5244.4 0.602555 2.53202e-012 0.351148
5520.42 0.634661 2.49025e-012 0.372234
5796.44 0.666766 2.53155e-012 0.39332
6072.46 0.698872 2.52446e-012 0.414406
6348.48 0.730977 2.51972e-012 0.435492
6624.5 0.763083 2.5231e-012 0.456577
6900.52 0.795188 2.5189e-012 0.477663
7176.54 0.827294 2.48494e-012 0.498749
7452.57 0.8594 2.54572e-012 0.519835
7728.59 0.891505 2.50383e-012 0.540921
8004.61 0.923611 2.5225e-012 0.562007
8280.63 0.955716 2.4471e-012 0.583092
8556.65 0.987822 2.57633e-012 0.604178
8832.67 1.01993 2.5137e-012 0.625264
9108.69 1.05203 2.53382e-012 0.64635
9384.71 1.08414 2.5716e-012 0.667436
9660.73 1.11624 2.57349e-012 0.688522
9936.75 1.14835 2.49735e-012 0.709608
10212.8 1.18046 2.50161e-012 0.730693
10488.8 1.21256 2.4636e-012 0.751779
10764.8 1.24467 2.54248e-012 0.772865
11040.8 1.27677 2.49915e-012 0.793951
11316.9 1.30888 2.45886e-012 0.815037
11592.9 1.34098 2.53041e-012 0.836123
11868.9 1.37309 2.53424e-012 0.857208
12144.9 1.40519 2.47729e-012 0.878294
12420.9 1.4373 2.50534e-012 0.89938
12697 1.46941 2.51438e-012 0.920466
12973 1.50151 2.48362e-012 0.941552
13249 1.53362 2.45731e-012 0.962638
13525 1.56572 2.41511e-012 0.983724
13801 1.59783 2.49232e-012 1.00481
14077.1 1.62993 2.48231e-012 1.0259
