276.021 0.0304337 2.41418e-009 -0.000491237
552.042 0.0675983 4.73783e-009 0.0274615
828.063 0.104763 7.06116e-009 0.0554142
1104.08 0.141928 9.38479e-009 0.0833669
1380.1 0.179092 1.17085e-008 0.11132
1656.13 0.216257 1.40321e-008 0.139272
1932.15 0.253421 1.63554e-008 0.167225
2208.17 0.290586 1.86794e-008 0.195178
2484.19 0.327751 2.10032e-008 0.22313
2760.21 0.364915 2.3326e-008 0.251083
3036.23 0.40208 2.56502e-008 0.279036
3312.25 0.439244 2.7974e-008 0.306988
3588.27 0.476409 3.02973e-008 0.334941
3864.29 0.513574 3.26211e-008 0.362894
4140.31 0.550738 3.49445e-008 0.390847
4416.33 0.587903 3.72676e-008 0.418799
4692.36 0.625068 3.95913e-008 0.446752
4968.38 0.662232 4.19146e-008 0.474705
5244.4 0.699397 4.42384e-008 0.502657
5520.42 0.736561 4.65623e-008 0.53061
5796.44 0.773726 4.88857e-008 0.558563
6072.46 0.810891 5.12091e-008 0.586515
6348.48 0.848055 5.3533e-008 0.614468
6624.5 0.88522 5.58563e-008 0.642421
6900.52 0.922384 5.81799e-008 0.670374
7176.54 0.959549 6.05036e-008 0.698326
7452.57 0.996714 6.28268e-008 0.726279
7728.59 1.03388 6.51507e-008 0.754232
8004.61 1.07104 6.7474e-008 0.782184
8280.63 1.10821 6.9798e-008 0.810137
8556.65 1.14537 7.21208e-008 0.83809
8832.67 1.18254 7.44448e-008 0.866042
9108.69 1.2197 7.67684e-008 0.893995
9384.71 1.25687 7.90917e-008 0.921948
9660.73 1.29403 8.14154e-008 0.949901
9936.75 1.3312 8.37392e-008 0.977853
10212.8 1.36836 8.60628e-008 1.00581
10488.8 1.40552 8.83867e-008 1.03376
10764.8 1.44269 9.07098e-008 1.06171
11040.8 1.47985 9.30336e-008 1.08966
11316.9 1.51702 9.53573e-008 1.11762
11592.9 1.55418 9.76807e-008 1.14557
11868.9 1.59135 1.00004e-007 1.17352
12144.9 1.62851 1.02328e-007 1.20147
12420.9 1.66568 1.04651e-007 1.22943
12697 1.70284 1.06975e-007 1.25738
12973 1.74001 1.09299e-007 1.28533
13249 1.77717 1.11622e-007 1.31329
13525 1.81434 1.13946e-007 1.34124
13801 1.8515 1.16269e-007 1.36919
14077.1 1.88866 1.18593e-007 1.39714
