276.021 0.238231 4.28159e-010 -0.0454476
552.042 0.564614 9.03151e-010 -0.00176401
828.063 0.890996 1.37707e-009 0.0419195
1104.08 1.21738 1.852e-009 0.0856031
1380.1 1.54376 2.32734e-009 0.129287
1656.13 1.87014 2.8022e-009 0.17297
1932.15 2.19653 3.27575e-009 0.216654
2208.17 2.52291 3.75189e-009 0.260337
2484.19 2.84929 4.22745e-009 0.304021
2760.21 3.17567 4.69955e-009 0.347704
3036.23 3.50206 5.17652e-009 0.391388
3312.25 3.82844 5.65207e-009 0.435071
3588.27 4.15482 6.12573e-009 0.478755
3864.29 4.4812 6.60118e-009 0.522439
4140.31 4.80759 7.07513e-009 0.566122
4416.33 5.13397 7.54867e-009 0.609806
4692.36 5.46035 8.02367e-009 0.653489
4968.38 5.78673 8.49766e-009 0.697173
5244.4 6.11312 8.97287e-009 0.740856
5520.42 6.4395 9.44865e-009 0.78454
5796.44 6.76588 9.92321e-009 0.828223
6072.46 7.09226 1.03973e-008 0.871907
6348.48 7.41865 1.08729e-008 0.91559
6624.5 7.74503 1.13467e-008 0.959274
6900.52 8.07141 1.18216e-008 1.00296
7176.54 8.39779 1.22967e-008 1.04664
7452.57 8.72418 1.27703e-008 1.09032
7728.59 9.05056 1.32462e-008 1.13401
8004.61 9.37694 1.37198e-008 1.17769
8280.63 9.70332 1.41961e-008 1.22138
8556.65 10.0297 1.4668e-008 1.26506
8832.67 10.3561 1.51443e-008 1.30874
9108.69 10.6825 1.56191e-008 1.35243
9384.71 11.0089 1.6093e-008 1.39611
9660.73 11.3352 1.6568e-008 1.43979
9936.75 11.6616 1.70437e-008 1.48348
10212.8 11.988 1.75184e-008 1.52716
10488.8 12.3144 1.79944e-008 1.57084
10764.8 12.6408 1.84674e-008 1.61453
11040.8 12.9671 1.89429e-008 1.65821
11316.9 13.2935 1.94181e-008 1.70189
11592.9 13.6199 1.98922e-008 1.74558
11868.9 13.9463 2.03665e-008 1.78926
12144.9 14.2727 2.08419e-008 1.83294
12420.9 14.5991 2.13157e-008 1.87663
12697 14.9254 2.17901e-008 1.92031
12973 15.2518 2.22657e-008 1.964
13249 15.5782 2.27416e-008 2.00768
13525 15.9046 2.32172e-008 2.05136
13801 16.231 2.36908e-008 2.09505
14077.1 16.5574 2.41642e-008 2.13873
