276.021 0.567031 -2.31877e-009 -0.120471
552.042 1.56703 -4.42455e-009 -0.0998159
828.063 2.56703 -6.53107e-009 -0.0791613
1104.08 3.56703 -8.63673e-009 -0.0585067
1380.1 4.56703 -1.07426e-008 -0.0378521
1656.13 5.56703 -1.28479e-008 -0.0171975
1932.15 6.56703 -1.49541e-008 0.00345713
2208.17 7.56703 -1.70589e-008 0.0241117
2484.19 8.56703 -1.91641e-008 0.0447664
2760.21 9.56703 -2.12715e-008 0.065421
3036.23 10.567 -2.33773e-008 0.0860756
3312.25 11.567 -2.5482e-008 0.10673
3588.27 12.567 -2.7588e-008 0.127385
3864.29 13.567 -2.96929e-008 0.148039
4140.31 14.567 -3.18e-008 0.168694
4416.33 15.567 -3.39069e-008 0.189349
4692.36 16.567 -3.60129e-008 0.210003
4968.38 17.567 -3.81193e-008 0.230658
5244.4 18.567 -4.02244e-008 0.251312
5520.42 19.567 -4.23289e-008 0.271967
5796.44 20.567 -4.44358e-008 0.292622
6072.46 21.567 -4.65414e-008 0.313276
6348.48 22.567 -4.86477e-008 0.333931
6624.5 23.567 -5.07529e-008 0.354586
6900.52 24.567 -5.28587e-008 0.37524
7176.54 25.567 -5.4964e-008 0.395895
7452.57 26.567 -5.70714e-008 0.416549
7728.59 27.567 -5.91759e-008 0.437204
8004.61 28.567 -6.12827e-008 0.457859
8280.63 29.567 -6.33865e-008 0.478513
8556.65 30.567 -6.54962e-008 0.499168
8832.67 31.567 -6.75999e-008 0.519822
9108.69 32.567 -6.97059e-008 0.540477
9384.71 33.567 -7.18132e-008 0.561132
9660.73 34.567 -7.39189e-008 0.581786
9936.75 35.567 -7.60222e-008 0.602441
10212.8 36.567 -7.81287e-008 0.623095
10488.8 37.567 -8.02333e-008 0.64375
10764.8 38.567 -8.23413e-008 0.664405
11040.8 39.567 -8.44464e-008 0.685059
11316.9 40.567 -8.65509e-008 0.705714
11592.9 41.567 -8.86587e-008 0.726369
11868.9 42.567 -9.07649e-008 0.747023
12144.9 43.567 -9.28693e-008 0.767678
12420.9 44.567 -9.49759e-008 0.788332
12697 45.567 -9.7082e-008 0.808987
12973 46.567 -9.91869e-008 0.829642
13249 47.567 -1.01292e-007 0.850296
13525 48.567 -1.03397e-007 0.870951
13801 49.567 -1.05505e-007 0.891605
14077.1 50.567 -1.0761e-007 0.91226
