276.021 0.315151 5.02891e-010 -0.0626285
552.042 0.764466 1.06185e-009 -0.0209294
828.063 1.21378 1.61947e-009 0.0207696
1104.08 1.6631 2.17826e-009 0.0624687
1380.1 2.11241 2.73761e-009 0.104168
1656.13 2.56173 3.29637e-009 0.145867
1932.15 3.01104 3.85353e-009 0.187566
2208.17 3.46036 4.41382e-009 0.229265
2484.19 3.90967 4.9734e-009 0.270964
2760.21 4.35899 5.52881e-009 0.312663
3036.23 4.8083 6.09018e-009 0.354362
3312.25 5.25762 6.64968e-009 0.396061
3588.27 5.70693 7.20703e-009 0.43776
3864.29 6.15625 7.76646e-009 0.479459
4140.31 6.60556 8.3241e-009 0.521158
4416.33 7.05488 8.88129e-009 0.562857
4692.36 7.50419 9.44026e-009 0.604556
4968.38 7.95351 9.99793e-009 0.646255
5244.4 8.40282 1.05571e-008 0.687954
5520.42 8.85214 1.11169e-008 0.729653
5796.44 9.30145 1.16754e-008 0.771352
6072.46 9.75077 1.22331e-008 0.813051
6348.48 10.2001 1.27928e-008 0.85475
6624.5 10.6494 1.33503e-008 0.89645
6900.52 11.0987 1.39091e-008 0.938149
7176.54 11.548 1.44682e-008 0.979848
7452.57 11.9973 1.50254e-008 1.02155
7728.59 12.4467 1.55853e-008 1.06325
8004.61 12.896 1.61426e-008 1.10494
8280.63 13.3453 1.6703e-008 1.14664
8556.65 13.7946 1.72582e-008 1.18834
8832.67 14.2439 1.78188e-008 1.23004
9108.69 14.6932 1.83775e-008 1.27174
9384.71 15.1426 1.89351e-008 1.31344
9660.73 15.5919 1.94941e-008 1.35514
9936.75 16.0412 2.00537e-008 1.39684
10212.8 16.4905 2.06122e-008 1.43854
10488.8 16.9398 2.11723e-008 1.48024
10764.8 17.3891 2.1729e-008 1.52194
11040.8 17.8384 2.22884e-008 1.56363
11316.9 18.2878 2.28475e-008 1.60533
11592.9 18.7371 2.34054e-008 1.64703
11868.9 19.1864 2.39635e-008 1.68873
12144.9 19.6357 2.45229e-008 1.73043
12420.9 20.085 2.50803e-008 1.77213
12697 20.5343 2.56385e-008 1.81383
12973 20.9836 2.61982e-008 1.85553
13249 21.433 2.67582e-008 1.89723
13525 21.8823 2.73178e-008 1.93893
13801 22.3316 2.78751e-008 1.98062
14077.1 22.7809 2.84321e-008 2.02232
