276.021 0.0917641 -8.19734e-010 -0.0123432
552.042 0.208442 -1.57041e-009 0.026419
828.063 0.325119 -2.32164e-009 0.0651811
1104.08 0.441797 -3.07231e-009 0.103943
1380.1 0.558475 -3.82277e-009 0.142706
1656.13 0.675152 -4.57347e-009 0.181468
1932.15 0.79183 -5.3249e-009 0.22023
2208.17 0.908508 -6.0749e-009 0.258992
2484.19 1.02519 -6.82523e-009 0.297754
2760.21 1.14186 -7.57741e-009 0.336517
3036.23 1.25854 -8.32702e-009 0.375279
3312.25 1.37522 -9.07733e-009 0.414041
3588.27 1.4919 -9.8287e-009 0.452803
3864.29 1.60857 -1.05791e-008 0.491565
4140.31 1.72525 -1.13303e-008 0.530327
4416.33 1.84193 -1.20817e-008 0.56909
4692.36 1.95861 -1.28324e-008 0.607852
4968.38 2.07528 -1.35835e-008 0.646614
5244.4 2.19196 -1.4334e-008 0.685376
5520.42 2.30864 -1.50843e-008 0.724138
5796.44 2.42532 -1.58352e-008 0.762901
6072.46 2.542 -1.65863e-008 0.801663
6348.48 2.65867 -1.73366e-008 0.840425
6624.5 2.77535 -1.80879e-008 0.879187
6900.52 2.89203 -1.88386e-008 0.917949
7176.54 3.00871 -1.95891e-008 0.956712
7452.57 3.12538 -2.03405e-008 0.995474
7728.59 3.24206 -2.10907e-008 1.03424
8004.61 3.35874 -2.18421e-008 1.073
8280.63 3.47542 -2.2592e-008 1.11176
8556.65 3.59209 -2.33443e-008 1.15052
8832.67 3.70877 -2.40942e-008 1.18928
9108.69 3.82545 -2.4845e-008 1.22805
9384.71 3.94213 -2.55962e-008 1.26681
9660.73 4.0588 -2.63468e-008 1.30557
9936.75 4.17548 -2.70971e-008 1.34433
10212.8 4.29216 -2.78479e-008 1.3831
10488.8 4.40884 -2.8598e-008 1.42186
10764.8 4.52552 -2.93497e-008 1.46062
11040.8 4.64219 -3.01001e-008 1.49938
11316.9 4.75887 -3.08506e-008 1.53814
11592.9 4.87555 -3.16018e-008 1.57691
11868.9 4.99223 -3.23528e-008 1.61567
12144.9 5.1089 -3.31032e-008 1.65443
12420.9 5.22558 -3.38545e-008 1.69319
12697 5.34226 -3.46054e-008 1.73196
12973 5.45894 -3.53557e-008 1.77072
13249 5.57561 -3.61059e-008 1.80948
13525 5.69229 -3.68562e-008 1.84824
13801 5.80897 -3.76076e-008 1.887
14077.1 5.92565 -3.83591e-008 1.92577
