276.021 0.0246547 -2.44994e-009 -0.0511918
552.042 0.0567603 -4.81072e-009 -0.0606861
828.063 0.0888658 -7.17115e-009 -0.0701804
1104.08 0.120971 -9.53195e-009 -0.0796747
1380.1 0.153077 -1.18929e-008 -0.089169
1656.13 0.185183 -1.42536e-008 -0.0986632
1932.15 0.217288 -1.66139e-008 -0.108158
2208.17 0.249394 -1.89752e-008 -0.117652
2484.19 0.281499 -2.13361e-008 -0.127146
2760.21 0.313605 -2.3696e-008 -0.13664
3036.23 0.34571 -2.60574e-008 -0.146135
3312.25 0.377816 -2.84184e-008 -0.155629
3588.27 0.409922 -3.07788e-008 -0.165123
3864.29 0.442027 -3.31397e-008 -0.174618
4140.31 0.474133 -3.55002e-008 -0.184112
4416.33 0.506238 -3.78605e-008 -0.193606
4692.36 0.538344 -4.02213e-008 -0.2031
4968.38 0.570449 -4.25818e-008 -0.212595
5244.4 0.602555 -4.49427e-008 -0.222089
5520.42 0.63466 -4.73037e-008 -0.231583
5796.44 0.666766 -4.96643e-008 -0.241078
6072.46 0.698872 -5.20248e-008 -0.250572
6348.48 0.730977 -5.43858e-008 -0.260066
6624.5 0.763083 -5.67463e-008 -0.26956
6900.52 0.795188 -5.91071e-008 -0.279055
7176.54 0.827294 -6.14679e-008 -0.288549
7452.57 0.859399 -6.38282e-008 -0.298043
7728.59 0.891505 -6.61893e-008 -0.307538
8004.61 0.923611 -6.85497e-008 -0.317032
8280.63 0.955716 -7.0911e-008 -0.326526
8556.65 0.987822 -7.32707e-008 -0.33602
8832.67 1.01993 -7.5632e-008 -0.345515
9108.69 1.05203 -7.79926e-008 -0.355009
9384.71 1.08414 -8.03531e-008 -0.364503
9660.73 1.11624 -8.27139e-008 -0.373997
9936.75 1.14835 -8.5075e-008 -0.383492
10212.8 1.18046 -8.74357e-008 -0.392986
10488.8 1.21256 -8.97968e-008 -0.40248
10764.8 1.24467 -9.21569e-008 -0.411975
11040.8 1.27677 -9.45179e-008 -0.421469
11316.9 1.30888 -9.68788e-008 -0.430963
11592.9 1.34098 -9.92392e-008 -0.440457
11868.9 1.37309 -1.016e-007 -0.449952
12144.9 1.40519 -1.03961e-007 -0.459446
12420.9 1.4373 -1.06321e-007 -0.46894
12697 1.46941 -1.08682e-007 -0.478435
12973 1.50151 -1.11043e-007 -0.487929
13249 1.53362 -1.13404e-007 -0.497423
13525 1.56572 -1.15765e-007 -0.506917
13801 1.59783 -1.18125e-007 -0.516412
14077.1 1.62993 -1.20486e-007 -0.525906
