276.021 0.381625 -7.94857e-010 -0.0789652
552.042 0.94699 -1.52572e-009 -0.040996
828.063 1.51236 -2.25809e-009 -0.00302682
1104.08 2.07772 -2.9892e-009 0.0349424
1380.1 2.64309 -3.71958e-009 0.0729116
1656.13 3.20845 -4.45062e-009 0.110881
1932.15 3.77382 -5.18357e-009 0.14885
2208.17 4.33918 -5.91289e-009 0.186819
2484.19 4.90455 -6.64303e-009 0.224788
2760.21 5.46992 -7.37801e-009 0.262757
3036.23 6.03528 -8.10596e-009 0.300727
3312.25 6.60065 -8.83624e-009 0.338696
3588.27 7.16601 -9.56891e-009 0.376665
3864.29 7.73138 -1.02993e-008 0.414634
4140.31 8.29674 -1.10317e-008 0.452603
4416.33 8.86211 -1.17645e-008 0.490573
4692.36 9.42748 -1.24953e-008 0.528542
4968.38 9.99284 -1.32277e-008 0.566511
5244.4 10.5582 -1.39583e-008 0.60448
5520.42 11.1236 -1.46881e-008 0.642449
5796.44 11.6889 -1.54195e-008 0.680419
6072.46 12.2543 -1.61518e-008 0.718388
6348.48 12.8197 -1.68818e-008 0.756357
6624.5 13.385 -1.76143e-008 0.794326
6900.52 13.9504 -1.83454e-008 0.832295
7176.54 14.5158 -1.90762e-008 0.870264
7452.57 15.0811 -1.98089e-008 0.908234
7728.59 15.6465 -2.05387e-008 0.946203
8004.61 16.2119 -2.12715e-008 0.984172
8280.63 16.7772 -2.20007e-008 1.02214
8556.65 17.3426 -2.27359e-008 1.06011
8832.67 17.908 -2.34649e-008 1.09808
9108.69 18.4733 -2.4196e-008 1.13605
9384.71 19.0387 -2.49284e-008 1.17402
9660.73 19.6041 -2.56592e-008 1.21199
9936.75 20.1694 -2.63893e-008 1.24996
10212.8 20.7348 -2.71207e-008 1.28793
10488.8 21.3002 -2.78502e-008 1.32589
10764.8 21.8655 -2.85837e-008 1.36386
11040.8 22.4309 -2.9314e-008 1.40183
11316.9 22.9963 -3.00447e-008 1.4398
11592.9 23.5616 -3.07767e-008 1.47777
11868.9 24.127 -3.15086e-008 1.51574
12144.9 24.6923 -3.2239e-008 1.55371
12420.9 25.2577 -3.29717e-008 1.59168
12697 25.8231 -3.37034e-008 1.62965
12973 26.3884 -3.44333e-008 1.66762
13249 26.9538 -3.5163e-008 1.70559
13525 27.5192 -3.58932e-008 1.74356
13801 28.0845 -3.66259e-008 1.78152
14077.1 28.6499 -3.7359e-008 1.81949
