276.021 0.0234125 -2.48886e-009 -0.0511918
552.042 0.0538516 -4.88679e-009 -0.0606861
828.063 0.0842908 -7.28436e-009 -0.0701804
1104.08 0.11473 -9.6823e-009 -0.0796747
1380.1 0.145169 -1.20804e-008 -0.089169
1656.13 0.175608 -1.44782e-008 -0.0986632
1932.15 0.206047 -1.68757e-008 -0.108158
2208.17 0.236486 -1.92741e-008 -0.117652
2484.19 0.266926 -2.16722e-008 -0.127146
2760.21 0.297365 -2.40692e-008 -0.13664
3036.23 0.327804 -2.64677e-008 -0.146135
3312.25 0.358243 -2.88659e-008 -0.155629
3588.27 0.388682 -3.12634e-008 -0.165123
3864.29 0.419121 -3.36615e-008 -0.174618
4140.31 0.44956 -3.60591e-008 -0.184112
4416.33 0.479999 -3.84566e-008 -0.193606
4692.36 0.510439 -4.08545e-008 -0.2031
4968.38 0.540878 -4.32521e-008 -0.212595
5244.4 0.571317 -4.56501e-008 -0.222089
5520.42 0.601756 -4.80483e-008 -0.231583
5796.44 0.632195 -5.04461e-008 -0.241078
6072.46 0.662634 -5.28437e-008 -0.250572
6348.48 0.693073 -5.52419e-008 -0.260066
6624.5 0.723512 -5.76395e-008 -0.26956
6900.52 0.753952 -6.00374e-008 -0.279055
7176.54 0.784391 -6.24354e-008 -0.288549
7452.57 0.81483 -6.48328e-008 -0.298043
7728.59 0.845269 -6.72311e-008 -0.307537
8004.61 0.875708 -6.96286e-008 -0.317032
8280.63 0.906147 -7.2027e-008 -0.326526
8556.65 0.936586 -7.44239e-008 -0.33602
8832.67 0.967025 -7.68223e-008 -0.345515
9108.69 0.997465 -7.92201e-008 -0.355009
9384.71 1.0279 -8.16177e-008 -0.364503
9660.73 1.05834 -8.40156e-008 -0.373997
9936.75 1.08878 -8.64138e-008 -0.383492
10212.8 1.11922 -8.88117e-008 -0.392986
10488.8 1.14966 -9.12099e-008 -0.40248
10764.8 1.1801 -9.36072e-008 -0.411975
11040.8 1.21054 -9.60053e-008 -0.421469
11316.9 1.24098 -9.84034e-008 -0.430963
11592.9 1.27142 -1.00801e-007 -0.440457
11868.9 1.30186 -1.03199e-007 -0.449952
12144.9 1.33229 -1.05597e-007 -0.459446
12420.9 1.36273 -1.07994e-007 -0.46894
12697 1.39317 -1.10392e-007 -0.478435
12973 1.42361 -1.1279e-007 -0.487929
13249 1.45405 -1.15188e-007 -0.497423
13525 1.48449 -1.17587e-007 -0.506917
13801 1.51493 -1.19984e-007 -0.516412
14077.1 1.54537 -1.22382e-007 -0.525906
