276.021 0.52189 9.67209e-010 -0.163376
552.042 1.40994 1.79686e-009 -0.130569
828.063 2.29798 2.63016e-009 -0.0977626
1104.08 3.18603 3.46003e-009 -0.0649561
1380.1 4.07408 4.2889e-009 -0.0321496
1656.13 4.96213 5.12018e-009 0.000656875
1932.15 5.85017 5.95176e-009 0.0334634
2208.17 6.73822 6.78039e-009 0.0662699
2484.19 7.62627 7.60922e-009 0.0990764
2760.21 8.51432 8.44362e-009 0.131883
3036.23 9.40236 9.27375e-009 0.164689
3312.25 10.2904 1.01002e-008 0.197496
3588.27 11.1785 1.09339e-008 0.230302
3864.29 12.0665 1.17627e-008 0.263109
4140.31 12.9546 1.25949e-008 0.295915
4416.33 13.8426 1.34283e-008 0.328722
4692.36 14.7306 1.42602e-008 0.361528
4968.38 15.6187 1.50918e-008 0.394335
5244.4 16.5067 1.59209e-008 0.427141
5520.42 17.3948 1.67485e-008 0.459948
5796.44 18.2828 1.75818e-008 0.492754
6072.46 19.1709 1.84125e-008 0.525561
6348.48 20.0589 1.92428e-008 0.558367
6624.5 20.947 2.00732e-008 0.591174
6900.52 21.835 2.09039e-008 0.62398
7176.54 22.7231 2.17326e-008 0.656787
7452.57 23.6111 2.25677e-008 0.689593
7728.59 24.4992 2.33947e-008 0.7224
8004.61 25.3872 2.42281e-008 0.755206
8280.63 26.2753 2.50537e-008 0.788013
8556.65 27.1633 2.58931e-008 0.820819
8832.67 28.0514 2.67186e-008 0.853626
9108.69 28.9394 2.75512e-008 0.886432
9384.71 29.8275 2.83838e-008 0.919239
9660.73 30.7155 2.92144e-008 0.952045
9936.75 31.6036 3.00408e-008 0.984852
10212.8 32.4916 3.08721e-008 1.01766
10488.8 33.3796 3.17002e-008 1.05046
10764.8 34.2677 3.25358e-008 1.08327
11040.8 35.1557 3.33636e-008 1.11608
11316.9 36.0438 3.41922e-008 1.14888
11592.9 36.9318 3.50277e-008 1.18169
11868.9 37.8199 3.58579e-008 1.2145
12144.9 38.7079 3.6686e-008 1.2473
12420.9 39.596 3.75185e-008 1.28011
12697 40.484 3.83502e-008 1.31292
12973 41.3721 3.9178e-008 1.34572
13249 42.2601 4.00063e-008 1.37853
13525 43.1482 4.08348e-008 1.41134
13801 44.0362 4.16706e-008 1.44414
14077.1 44.9243 4.25014e-008 1.47695
