276.021 0.0748683 3.60488e-010 -0.0123432
552.042 0.168835 7.21554e-010 0.026419
828.063 0.262802 1.08206e-009 0.0651811
1104.08 0.356769 1.44315e-009 0.103943
1380.1 0.450737 1.80444e-009 0.142706
1656.13 0.544704 2.16547e-009 0.181468
1932.15 0.638671 2.52579e-009 0.22023
2208.17 0.732638 2.88754e-009 0.258992
2484.19 0.826605 3.24896e-009 0.297754
2760.21 0.920572 3.60851e-009 0.336517
3036.23 1.01454 3.97065e-009 0.375279
3312.25 1.10851 4.33209e-009 0.414041
3588.27 1.20247 4.69246e-009 0.452803
3864.29 1.29644 5.05379e-009 0.491565
4140.31 1.39041 5.41437e-009 0.530327
4416.33 1.48437 5.77467e-009 0.56909
4692.36 1.57834 6.13576e-009 0.607852
4968.38 1.67231 6.49634e-009 0.646614
5244.4 1.76628 6.85759e-009 0.685376
5520.42 1.86024 7.2191e-009 0.724138
5796.44 1.95421 7.57993e-009 0.762901
6072.46 2.04818 7.94055e-009 0.801663
6348.48 2.14214 8.30198e-009 0.840425
6624.5 2.23611 8.66249e-009 0.879187
6900.52 2.33008 9.02353e-009 0.917949
7176.54 2.42404 9.38471e-009 0.956712
7452.57 2.51801 9.74505e-009 0.995474
7728.59 2.61198 1.01066e-008 1.03424
8004.61 2.70595 1.0467e-008 1.073
8280.63 2.79991 1.08289e-008 1.11176
8556.65 2.89388 1.11882e-008 1.15052
8832.67 2.98785 1.15501e-008 1.18928
9108.69 3.08181 1.19111e-008 1.22805
9384.71 3.17578 1.22716e-008 1.26681
9660.73 3.26975 1.26327e-008 1.30557
9936.75 3.36372 1.29942e-008 1.34433
10212.8 3.45768 1.33551e-008 1.3831
10488.8 3.55165 1.37167e-008 1.42186
10764.8 3.64562 1.40768e-008 1.46062
11040.8 3.73958 1.44382e-008 1.49938
11316.9 3.83355 1.47994e-008 1.53814
11592.9 3.92752 1.516e-008 1.57691
11868.9 4.02148 1.55207e-008 1.61567
12144.9 4.11545 1.58821e-008 1.65443
12420.9 4.20942 1.62425e-008 1.69319
12697 4.30339 1.66033e-008 1.73196
12973 4.39735 1.69648e-008 1.77072
13249 4.49132 1.73263e-008 1.80948
13525 4.58529 1.76878e-008 1.84824
13801 4.67925 1.80481e-008 1.887
14077.1 4.77322 1.84084e-008 1.92577
