276.021 0.428974 5.76297e-011 -0.127902
552.042 1.10123 5.75899e-011 -0.0405479
828.063 1.77348 5.841e-011 0.0468061
1104.08 2.44573 5.80444e-011 0.13416
1380.1 3.11798 5.76139e-011 0.221514
1656.13 3.79024 5.75555e-011 0.308868
1932.15 4.46249 5.82058e-011 0.396222
2208.17 5.13474 5.69431e-011 0.483576
2484.19 5.80699 5.63899e-011 0.57093
2760.21 6.47925 5.77576e-011 0.658284
3036.23 7.1515 5.7737e-011 0.745638
3312.25 7.82375 5.61308e-011 0.832993
3588.27 8.496 5.71653e-011 0.920347
3864.29 9.16825 5.6345e-011 1.0077
4140.31 9.84051 5.68252e-011 1.09505
4416.33 10.5128 5.77694e-011 1.18241
4692.36 11.185 5.83041e-011 1.26976
4968.38 11.8573 5.83882e-011 1.35712
5244.4 12.5295 5.79687e-011 1.44447
5520.42 13.2018 5.70211e-011 1.53182
5796.44 13.874 5.79626e-011 1.61918
6072.46 14.5463 5.78199e-011 1.70653
6348.48 15.2185 5.76921e-011 1.79389
6624.5 15.8908 5.77637e-011 1.88124
6900.52 16.563 5.76845e-011 1.9686
7176.54 17.2353 5.68945e-011 2.05595
7452.57 17.9075 5.8288e-011 2.1433
7728.59 18.5798 5.73227e-011 2.23066
8004.61 19.252 5.77552e-011 2.31801
8280.63 19.9243 5.60404e-011 2.40537
8556.65 20.5965 5.8951e-011 2.49272
8832.67 21.2688 5.75436e-011 2.58007
9108.69 21.9411 5.80345e-011 2.66743
9384.71 22.6133 5.88522e-011 2.75478
9660.73 23.2856 5.89044e-011 2.84214
9936.75 23.9578 5.72051e-011 2.92949
10212.8 24.6301 5.72865e-011 3.01684
10488.8 25.3023 5.64347e-011 3.1042
10764.8 25.9746 5.82126e-011 3.19155
11040.8 26.6468 5.72072e-011 3.27891
11316.9 27.3191 5.63116e-011 3.36626
11592.9 27.9913 5.79509e-011 3.45361
11868.9 28.6636 5.80019e-011 3.54097
12144.9 29.3358 5.67287e-011 3.62832
12420.9 30.0081 5.73574e-011 3.71568
12697 30.6803 5.7556e-011 3.80303
12973 31.3526 5.68533e-011 3.89038
13249 32.0248 5.62618e-011 3.97774
13525 32.6971 5.5284e-011 4.06509
13801 33.3693 5.7068e-011 4.15245
14077.1 34.0416 5.6834e-011 4.2398
