276.021 0.164293 8.44521e-011 -0.0282397
552.042 0.381285 2.17006e-010 0.0148933
828.063 0.598278 3.48729e-010 0.0580262
1104.08 0.81527 4.81266e-010 0.101159
1380.1 1.03226 6.14099e-010 0.144292
1656.13 1.24926 7.4659e-010 0.187425
1932.15 1.46625 8.78026e-010 0.230558
2208.17 1.68324 1.01153e-009 0.273691
2484.19 1.90023 1.14457e-009 0.316824
2760.21 2.11723 1.27489e-009 0.359957
3036.23 2.33422 1.40895e-009 0.40309
3312.25 2.55121 1.54202e-009 0.446223
3588.27 2.7682 1.67355e-009 0.489356
3864.29 2.9852 1.80648e-009 0.532488
4140.31 3.20219 1.93826e-009 0.575621
4416.33 3.41918 2.06967e-009 0.618754
4692.36 3.63617 2.20224e-009 0.661887
4968.38 3.85317 2.33404e-009 0.70502
5244.4 4.07016 2.46681e-009 0.748153
5520.42 4.28715 2.59999e-009 0.791286
5796.44 4.50414 2.7322e-009 0.834419
6072.46 4.72114 2.86408e-009 0.877552
6348.48 4.93813 2.99712e-009 0.920685
6624.5 5.15512 3.12883e-009 0.963818
6900.52 5.37211 3.26132e-009 1.00695
7176.54 5.58911 3.39401e-009 1.05008
7452.57 5.8061 3.52547e-009 1.09322
7728.59 6.02309 3.65872e-009 1.13635
8004.61 6.24008 3.79029e-009 1.17948
8280.63 6.45708 3.92391e-009 1.22262
8556.65 6.67407 4.05395e-009 1.26575
8832.67 6.89106 4.18763e-009 1.30888
9108.69 7.10805 4.32006e-009 1.35201
9384.71 7.32505 4.45173e-009 1.39515
9660.73 7.54204 4.58436e-009 1.43828
9936.75 7.75903 4.71751e-009 1.48141
10212.8 7.97602 4.84979e-009 1.52455
10488.8 8.19302 4.98318e-009 1.56768
10764.8 8.41001 5.1142e-009 1.61081
11040.8 8.627 5.24714e-009 1.65394
11316.9 8.84399 5.37993e-009 1.69708
11592.9 9.06099 5.51176e-009 1.74021
11868.9 9.27798 5.64384e-009 1.78334
12144.9 9.49497 5.77675e-009 1.82648
12420.9 9.71196 5.90838e-009 1.86961
12697 9.92896 6.0405e-009 1.91274
12973 10.1459 6.17357e-009 1.95588
13249 10.3629 6.30682e-009 1.99901
13525 10.5799 6.43992e-009 2.04214
13801 10.7969 6.57136e-009 2.08527
14077.1 11.0139 6.70277e-009 2.12841
