276.021 0.524874 -1.13679e-009 -0.115878
552.042 1.40065 -2.20319e-009 -0.0926955
828.063 2.27642 -3.27183e-009 -0.069513
1104.08 3.1522 -4.33907e-009 -0.0463305
1380.1 4.02798 -5.40556e-009 -0.023148
1656.13 4.90375 -6.47347e-009 3.44553e-005
1932.15 5.77953 -7.54055e-009 0.0232169
2208.17 6.6553 -8.60807e-009 0.0463994
2484.19 7.53108 -9.67448e-009 0.0695819
2760.21 8.40685 -1.07434e-008 0.0927644
3036.23 9.28263 -1.18103e-008 0.115947
3312.25 10.1584 -1.28763e-008 0.139129
3588.27 11.0342 -1.39447e-008 0.162312
3864.29 11.91 -1.50114e-008 0.185494
4140.31 12.7857 -1.60799e-008 0.208677
4416.33 13.6615 -1.71486e-008 0.231859
4692.36 14.5373 -1.82161e-008 0.255042
4968.38 15.4131 -1.92846e-008 0.278224
5244.4 16.2888 -2.03509e-008 0.301407
5520.42 17.1646 -2.14166e-008 0.324589
5796.44 18.0404 -2.24851e-008 0.347772
6072.46 18.9162 -2.35527e-008 0.370954
6348.48 19.7919 -2.46202e-008 0.394137
6624.5 20.6677 -2.56869e-008 0.417319
6900.52 21.5435 -2.67545e-008 0.440502
7176.54 22.4193 -2.78213e-008 0.463684
7452.57 23.295 -2.88909e-008 0.486867
7728.59 24.1708 -2.9956e-008 0.510049
8004.61 25.0466 -3.10257e-008 0.533232
8280.63 25.9224 -3.20906e-008 0.556414
8556.65 26.7981 -3.31625e-008 0.579596
8832.67 27.6739 -3.42266e-008 0.602779
9108.69 28.5497 -3.5295e-008 0.625961
9384.71 29.4255 -3.63633e-008 0.649144
9660.73 30.3012 -3.74305e-008 0.672326
9936.75 31.177 -3.8496e-008 0.695509
10212.8 32.0528 -3.95641e-008 0.718691
10488.8 32.9286 -4.06301e-008 0.741874
10764.8 33.8043 -4.16997e-008 0.765056
11040.8 34.6801 -4.27659e-008 0.788239
11316.9 35.5559 -4.38325e-008 0.811421
11592.9 36.4317 -4.49023e-008 0.834604
11868.9 37.3074 -4.59692e-008 0.857786
12144.9 38.1832 -4.7036e-008 0.880969
12420.9 39.059 -4.81043e-008 0.904151
12697 39.9348 -4.91725e-008 0.927334
12973 40.8105 -5.02379e-008 0.950516
13249 41.6863 -5.13038e-008 0.973699
13525 42.5621 -5.23708e-008 0.996881
13801 43.4379 -5.34403e-008 1.02006
14077.1 44.3136 -5.45081e-008 1.04325
