276.021 0.297246 -1.05072e-009 -0.0626285
552.042 0.716442 -2.02406e-009 -0.0209294
828.063 1.13564 -2.99875e-009 0.0207696
1104.08 1.55483 -3.97226e-009 0.0624687
1380.1 1.97403 -4.94521e-009 0.104168
1656.13 2.39322 -5.91875e-009 0.145867
1932.15 2.81242 -6.8939e-009 0.187566
2208.17 3.23161 -7.8659e-009 0.229265
2484.19 3.65081 -8.83862e-009 0.270964
2760.21 4.07 -9.81552e-009 0.312663
3036.23 4.4892 -1.07865e-008 0.354362
3312.25 4.90839 -1.17592e-008 0.396061
3588.27 5.32759 -1.27342e-008 0.43776
3864.29 5.74679 -1.37071e-008 0.479459
4140.31 6.16598 -1.46817e-008 0.521158
4416.33 6.58518 -1.56568e-008 0.562857
4692.36 7.00437 -1.66302e-008 0.604556
4968.38 7.42357 -1.76048e-008 0.646255
5244.4 7.84276 -1.85779e-008 0.687954
5520.42 8.26196 -1.95504e-008 0.729653
5796.44 8.68115 -2.05243e-008 0.771352
6072.46 9.10035 -2.14988e-008 0.813051
6348.48 9.51954 -2.24714e-008 0.85475
6624.5 9.93874 -2.34462e-008 0.896449
6900.52 10.3579 -2.44198e-008 0.938149
7176.54 10.7771 -2.5393e-008 0.979848
7452.57 11.1963 -2.63681e-008 1.02155
7728.59 11.6155 -2.73404e-008 1.06325
8004.61 12.0347 -2.83155e-008 1.10494
8280.63 12.4539 -2.92873e-008 1.14664
8556.65 12.8731 -3.02644e-008 1.18834
8832.67 13.2923 -3.12362e-008 1.23004
9108.69 13.7115 -3.22098e-008 1.27174
9384.71 14.1307 -3.31845e-008 1.31344
9660.73 14.5499 -3.41578e-008 1.35514
9936.75 14.9691 -3.51305e-008 1.39684
10212.8 15.3883 -3.61043e-008 1.43854
10488.8 15.8075 -3.70765e-008 1.48024
10764.8 16.2267 -3.80522e-008 1.52194
11040.8 16.6459 -3.9025e-008 1.56363
11316.9 17.0651 -3.99982e-008 1.60533
11592.9 17.4843 -4.09726e-008 1.64703
11868.9 17.9034 -4.19468e-008 1.68873
12144.9 18.3226 -4.29197e-008 1.73043
12420.9 18.7418 -4.38946e-008 1.77213
12697 19.161 -4.48687e-008 1.81383
12973 19.5802 -4.58413e-008 1.85553
13249 19.9994 -4.68136e-008 1.89723
13525 20.4186 -4.77863e-008 1.93893
13801 20.8378 -4.87614e-008 1.98062
14077.1 21.257 -4.97366e-008 2.02232
