276.021 0.554594 8.68252e-011 -0.145125
552.042 1.54343 8.67413e-011 -0.0513178
828.063 2.53226 8.79904e-011 0.0424896
1104.08 3.5211 8.74411e-011 0.136297
1380.1 4.50994 8.67462e-011 0.230104
1656.13 5.49877 8.66982e-011 0.323912
1932.15 6.48761 8.76723e-011 0.417719
2208.17 7.47644 8.57967e-011 0.511527
2484.19 8.46528 8.49538e-011 0.605334
2760.21 9.45411 8.70022e-011 0.699142
3036.23 10.4429 8.69674e-011 0.792949
3312.25 11.4318 8.45235e-011 0.886756
3588.27 12.4206 8.61224e-011 0.980564
3864.29 13.4095 8.4905e-011 1.07437
4140.31 14.3983 8.55915e-011 1.16818
4416.33 15.3871 8.70165e-011 1.26199
4692.36 16.376 8.78275e-011 1.35579
4968.38 17.3648 8.7948e-011 1.4496
5244.4 18.3536 8.73259e-011 1.54341
5520.42 19.3425 8.58974e-011 1.63722
5796.44 20.3313 8.7308e-011 1.73102
6072.46 21.3201 8.71133e-011 1.82483
6348.48 22.309 8.68958e-011 1.91864
6624.5 23.2978 8.70113e-011 2.01245
6900.52 24.2866 8.69004e-011 2.10625
7176.54 25.2755 8.5703e-011 2.20006
7452.57 26.2643 8.78118e-011 2.29387
7728.59 27.2531 8.63403e-011 2.38767
8004.61 28.242 8.70073e-011 2.48148
8280.63 29.2308 8.44319e-011 2.57529
8556.65 30.2197 8.87854e-011 2.6691
8832.67 31.2085 8.66724e-011 2.7629
9108.69 32.1973 8.74405e-011 2.85671
9384.71 33.1862 8.86311e-011 2.95052
9660.73 34.175 8.87106e-011 3.04433
9936.75 35.1638 8.6196e-011 3.13813
10212.8 36.1527 8.63084e-011 3.23194
10488.8 37.1415 8.50318e-011 3.32575
10764.8 38.1303 8.76897e-011 3.41956
11040.8 39.1192 8.6162e-011 3.51336
11316.9 40.108 8.48389e-011 3.60717
11592.9 41.0968 8.73037e-011 3.70098
11868.9 42.0857 8.73499e-011 3.79479
12144.9 43.0745 8.54679e-011 3.88859
12420.9 44.0633 8.64038e-011 3.9824
12697 45.0522 8.6703e-011 4.07621
12973 46.041 8.56346e-011 4.17002
13249 47.0298 8.47394e-011 4.26382
13525 48.0187 8.32571e-011 4.35763
13801 49.0075 8.59595e-011 4.45144
14077.1 49.9964 8.56278e-011 4.54525
