276.021 0.428974 8.81846e-010 -0.160699
552.042 1.10123 1.63451e-009 -0.141769
828.063 1.77348 2.38984e-009 -0.122839
1104.08 2.44573 3.14234e-009 -0.103909
1380.1 3.11798 3.89377e-009 -0.084979
1656.13 3.79024 4.64669e-009 -0.066049
1932.15 4.46249 5.40259e-009 -0.0471191
2208.17 5.13474 6.15201e-009 -0.0281892
2484.19 5.80699 6.9033e-009 -0.00925921
2760.21 6.47925 7.66209e-009 0.00967072
3036.23 7.1515 8.41142e-009 0.0286007
3312.25 7.82375 9.16155e-009 0.0475306
3588.27 8.496 9.91763e-009 0.0664605
3864.29 9.16825 1.06688e-008 0.0853905
4140.31 9.84051 1.14235e-008 0.10432
4416.33 10.5128 1.21795e-008 0.12325
4692.36 11.185 1.29327e-008 0.14218
4968.38 11.8573 1.3687e-008 0.16111
5244.4 12.5295 1.44391e-008 0.18004
5520.42 13.2018 1.51896e-008 0.19897
5796.44 13.874 1.59439e-008 0.2179
6072.46 14.5463 1.66981e-008 0.23683
6348.48 15.2185 1.74494e-008 0.25576
6624.5 15.8908 1.82042e-008 0.27469
6900.52 16.563 1.8957e-008 0.29362
7176.54 17.2353 1.97087e-008 0.31255
7452.57 17.9075 2.0465e-008 0.33148
7728.59 18.5798 2.12154e-008 0.35041
8004.61 19.252 2.19707e-008 0.36934
8280.63 19.9243 2.27196e-008 0.388269
8556.65 20.5965 2.34801e-008 0.407199
8832.67 21.2688 2.42293e-008 0.426129
9108.69 21.9411 2.49829e-008 0.445059
9384.71 22.6133 2.5738e-008 0.463989
9660.73 23.2856 2.64907e-008 0.482919
9936.75 23.9578 2.72409e-008 0.501849
10212.8 24.6301 2.79941e-008 0.520779
10488.8 25.3023 2.87443e-008 0.539709
10764.8 25.9746 2.95019e-008 0.558639
11040.8 26.6468 3.02527e-008 0.577569
11316.9 27.3191 3.10044e-008 0.596499
11592.9 27.9913 3.176e-008 0.615429
11868.9 28.6636 3.25137e-008 0.634359
12144.9 29.3358 3.32646e-008 0.653289
12420.9 30.0081 3.40199e-008 0.672218
12697 30.6803 3.47737e-008 0.691148
12973 31.3526 3.55246e-008 0.710078
13249 32.0248 3.62754e-008 0.729008
13525 32.6971 3.70261e-008 0.747938
13801 33.3693 3.77828e-008 0.766868
14077.1 34.0416 3.85379e-008 0.785798
