276.021 0.532665 8.14746e-010 -0.115878
552.042 1.43057 1.70078e-009 -0.0926955
828.063 2.32847 2.58458e-009 -0.069513
1104.08 3.22637 3.46977e-009 -0.0463305
1380.1 4.12427 4.3557e-009 -0.023148
1656.13 5.02218 5.24023e-009 3.4456e-005
1932.15 5.92008 6.1256e-009 0.0232169
2208.17 6.81798 7.01049e-009 0.0463994
2484.19 7.71588 7.89651e-009 0.0695819
2760.21 8.61379 8.77999e-009 0.0927644
3036.23 9.51169 9.66557e-009 0.115947
3312.25 10.4096 1.0552e-008 0.139129
3588.27 11.3075 1.14361e-008 0.162312
3864.29 12.2054 1.23217e-008 0.185494
4140.31 13.1033 1.32056e-008 0.208677
4416.33 14.0012 1.40895e-008 0.231859
4692.36 14.8991 1.49744e-008 0.255042
4968.38 15.797 1.58583e-008 0.278224
5244.4 16.6949 1.67445e-008 0.301407
5520.42 17.5928 1.76312e-008 0.324589
5796.44 18.4907 1.85151e-008 0.347772
6072.46 19.3886 1.93999e-008 0.370954
6348.48 20.2865 2.02848e-008 0.394137
6624.5 21.1844 2.11706e-008 0.417319
6900.52 22.0823 2.20555e-008 0.440502
7176.54 22.9802 2.29411e-008 0.463684
7452.57 23.8781 2.38239e-008 0.486867
7728.59 24.776 2.47112e-008 0.510049
8004.61 25.6739 2.5594e-008 0.533232
8280.63 26.5718 2.64814e-008 0.556414
8556.65 27.4697 2.73621e-008 0.579596
8832.67 28.3676 2.82503e-008 0.602779
9108.69 29.2655 2.91344e-008 0.625961
9384.71 30.1634 3.00186e-008 0.649144
9660.73 31.0613 3.09038e-008 0.672326
9936.75 31.9592 3.17907e-008 0.695509
10212.8 32.8571 3.26751e-008 0.718691
10488.8 33.755 3.35615e-008 0.741874
10764.8 34.6529 3.44443e-008 0.765056
11040.8 35.5509 3.53305e-008 0.788239
11316.9 36.4488 3.62163e-008 0.811421
11592.9 37.3467 3.7099e-008 0.834604
11868.9 38.2446 3.79845e-008 0.857786
12144.9 39.1425 3.88701e-008 0.880969
12420.9 40.0404 3.97543e-008 0.904151
12697 40.9383 4.06385e-008 0.927334
12973 41.8362 4.15255e-008 0.950516
13249 42.7341 4.24121e-008 0.973699
13525 43.632 4.32975e-008 0.996881
13801 44.5299 4.41804e-008 1.02006
14077.1 45.4278 4.5065e-008 1.04325
