276.021 0.415163 5.3255e-010 -0.160699
552.042 1.0586 9.63301e-010 -0.141769
828.063 1.70204 1.39667e-009 -0.122839
1104.08 2.34548 1.82728e-009 -0.103909
1380.1 2.98892 2.25682e-009 -0.084979
1656.13 3.63236 2.68782e-009 -0.066049
1932.15 4.2758 3.12178e-009 -0.0471191
2208.17 4.91924 3.54933e-009 -0.0281891
2484.19 5.56268 3.97873e-009 -0.00925921
2760.21 6.20612 4.41554e-009 0.00967072
3036.23 6.84956 4.84295e-009 0.0286007
3312.25 7.493 5.27124e-009 0.0475306
3588.27 8.13644 5.70536e-009 0.0664605
3864.29 8.77988 6.13465e-009 0.0853905
4140.31 9.42332 6.56743e-009 0.10432
4416.33 10.0668 7.00144e-009 0.12325
4692.36 10.7102 7.43275e-009 0.14218
4968.38 11.3536 7.86513e-009 0.16111
5244.4 11.9971 8.2953e-009 0.18004
5520.42 12.6405 8.72396e-009 0.19897
5796.44 13.284 9.15625e-009 0.2179
6072.46 13.9274 9.58851e-009 0.23683
6348.48 14.5708 1.0018e-008 0.25576
6624.5 15.2143 1.04508e-008 0.27469
6900.52 15.8577 1.08817e-008 0.29362
7176.54 16.5012 1.13115e-008 0.31255
7452.57 17.1446 1.17458e-008 0.33148
7728.59 17.788 1.21744e-008 0.35041
8004.61 18.4315 1.26077e-008 0.36934
8280.63 19.0749 1.30348e-008 0.388269
8556.65 19.7183 1.34732e-008 0.407199
8832.67 20.3618 1.39006e-008 0.426129
9108.69 21.0052 1.43323e-008 0.445059
9384.71 21.6487 1.47655e-008 0.463989
9660.73 22.2921 1.51962e-008 0.482919
9936.75 22.9355 1.56245e-008 0.501849
10212.8 23.579 1.60558e-008 0.520779
10488.8 24.2224 1.64842e-008 0.539709
10764.8 24.8659 1.69197e-008 0.558639
11040.8 25.5093 1.73487e-008 0.577569
11316.9 26.1527 1.77785e-008 0.596499
11592.9 26.7962 1.82122e-008 0.615429
11868.9 27.4396 1.86439e-008 0.634359
12144.9 28.0831 1.90729e-008 0.653289
12420.9 28.7265 1.95063e-008 0.672218
12697 29.3699 1.99382e-008 0.691148
12973 30.0134 2.03672e-008 0.710078
13249 30.6568 2.07961e-008 0.729008
13525 31.3003 2.12249e-008 0.747938
13801 31.9437 2.16597e-008 0.766868
14077.1 32.5871 2.20928e-008 0.785798
