276.021 0.567031 2.17828e-011 -0.138981
552.042 1.56703 2.18257e-011 -0.176503
828.063 2.56703 2.21694e-011 -0.214026
1104.08 3.56703 2.19615e-011 -0.251549
1380.1 4.56703 2.16011e-011 -0.289072
1656.13 5.56703 2.17809e-011 -0.326595
1932.15 6.56703 2.22128e-011 -0.364118
2208.17 7.56703 2.16052e-011 -0.401641
2484.19 8.56703 2.14663e-011 -0.439164
2760.21 9.56703 2.18735e-011 -0.476687
3036.23 10.567 2.19021e-011 -0.51421
3312.25 11.567 2.11316e-011 -0.551733
3588.27 12.567 2.18687e-011 -0.589256
3864.29 13.567 2.16385e-011 -0.626779
4140.31 14.567 2.14346e-011 -0.664302
4416.33 15.567 2.17354e-011 -0.701825
4692.36 16.567 2.20945e-011 -0.739348
4968.38 17.567 2.1855e-011 -0.776871
5244.4 18.567 2.19118e-011 -0.814394
5520.42 19.567 2.17569e-011 -0.851917
5796.44 20.567 2.20538e-011 -0.88944
6072.46 21.567 2.20398e-011 -0.926963
6348.48 22.567 2.17484e-011 -0.964486
6624.5 23.567 2.20775e-011 -1.00201
6900.52 24.567 2.20488e-011 -1.03953
7176.54 25.567 2.16745e-011 -1.07705
7452.57 26.567 2.20399e-011 -1.11458
7728.59 27.567 2.19279e-011 -1.1521
8004.61 28.567 2.17843e-011 -1.18962
8280.63 29.567 2.13715e-011 -1.22715
8556.65 30.567 2.18775e-011 -1.26467
8832.67 31.567 2.1817e-011 -1.30219
9108.69 32.567 2.21277e-011 -1.33972
9384.71 33.567 2.21362e-011 -1.37724
9660.73 34.567 2.2218e-011 -1.41476
9936.75 35.567 2.20304e-011 -1.45228
10212.8 36.567 2.17825e-011 -1.48981
10488.8 37.567 2.16634e-011 -1.52733
10764.8 38.567 2.20977e-011 -1.56485
11040.8 39.567 2.16627e-011 -1.60238
11316.9 40.567 2.1519e-011 -1.6399
11592.9 41.567 2.19682e-011 -1.67742
11868.9 42.567 2.18527e-011 -1.71495
12144.9 43.567 2.14743e-011 -1.75247
12420.9 44.567 2.1618e-011 -1.78999
12697 45.567 2.16159e-011 -1.82751
12973 46.567 2.15624e-011 -1.86504
13249 47.567 2.15908e-011 -1.90256
13525 48.567 2.09583e-011 -1.94008
13801 49.567 2.17012e-011 -1.97761
14077.1 50.567 2.16169e-011 -2.01513
