276.021 0.548162 2.24866e-009 -0.1604
552.042 1.51367 4.19911e-009 -0.121986
828.063 2.47918 6.15196e-009 -0.0835726
1104.08 3.44469 8.10164e-009 -0.0451588
1380.1 4.4102 1.00512e-008 -0.00674495
1656.13 5.37571 1.20014e-008 0.0316689
1932.15 6.34122 1.39537e-008 0.0700827
2208.17 7.30673 1.59009e-008 0.108497
2484.19 8.27224 1.78498e-008 0.14691
2760.21 9.23775 1.98044e-008 0.185324
3036.23 10.2033 2.17549e-008 0.223738
3312.25 11.1688 2.37012e-008 0.262152
3588.27 12.1343 2.56543e-008 0.300566
3864.29 13.0998 2.76025e-008 0.338979
4140.31 14.0653 2.95549e-008 0.377393
4416.33 15.0308 3.15082e-008 0.415807
4692.36 15.9963 3.346e-008 0.454221
4968.38 16.9618 3.54112e-008 0.492635
5244.4 17.9273 3.73604e-008 0.531049
5520.42 18.8928 3.93081e-008 0.569462
5796.44 19.8583 4.12614e-008 0.607876
6072.46 20.8239 4.32116e-008 0.64629
6348.48 21.7894 4.51621e-008 0.684704
6624.5 22.7549 4.71125e-008 0.723118
6900.52 23.7204 4.90629e-008 0.761532
7176.54 24.6859 5.10114e-008 0.799945
7452.57 25.6514 5.29661e-008 0.838359
7728.59 26.6169 5.49137e-008 0.876773
8004.61 27.5824 5.68658e-008 0.915187
8280.63 28.5479 5.88114e-008 0.953601
8556.65 29.5134 6.07707e-008 0.992015
8832.67 30.479 6.2717e-008 1.03043
9108.69 31.4445 6.46688e-008 1.06884
9384.71 32.41 6.6622e-008 1.10726
9660.73 33.3755 6.85726e-008 1.14567
9936.75 34.341 7.0518e-008 1.18408
10212.8 35.3065 7.24691e-008 1.2225
10488.8 36.272 7.44171e-008 1.26091
10764.8 37.2375 7.63729e-008 1.29933
11040.8 38.203 7.83208e-008 1.33774
11316.9 39.1685 8.02687e-008 1.37615
11592.9 40.134 8.22241e-008 1.41457
11868.9 41.0996 8.41749e-008 1.45298
12144.9 42.0651 8.61219e-008 1.49139
12420.9 43.0306 8.80743e-008 1.52981
12697 43.9961 9.00255e-008 1.56822
12973 44.9616 9.1974e-008 1.60664
13249 45.9271 9.39226e-008 1.64505
13525 46.8926 9.58708e-008 1.68346
13801 47.8581 9.78263e-008 1.72188
14077.1 48.8236 9.97762e-008 1.76029
