276.021 0 0 0
552.042 0 0 0
828.063 0 0 0
1104.08 0 0 0
1380.1 0 0 0
1656.13 0 0 0
1932.15 0 0 0
2208.17 0 0 0
2484.19 0 0 0
2760.21 0 0 0
3036.23 0 0 0
3312.25 0 0 0
3588.27 0 0 0
3864.29 0 0 0
4140.31 0 0 0
4416.33 0 0 0
4692.36 0 0 0
4968.38 0 0 0
5244.4 0 0 0
5520.42 0 0 0
5796.44 0 0 0
6072.46 0 0 0
6348.48 0 0 0
6624.5 0 0 0
6900.52 0 0 0
7176.54 0 0 0
7452.57 0 0 0
7728.59 0 0 0
8004.61 0 0 0
8280.63 0 0 0
8556.65 0 0 0
8832.67 0 0 0
9108.69 0 0 0
9384.71 0 0 0
9660.73 0 0 0
9936.75 0 0 0
10212.8 0 0 0
10488.8 0 0 0
10764.8 0 0 0
11040.8 0 0 0
11316.9 0 0 0
11592.9 0 0 0
11868.9 0 0 0
12144.9 0 0 0
12420.9 0 0 0
12697 0 0 0
12973 0 0 0
13249 0 0 0
13525 0 0 0
13801 0 0 0
14077.1 0 0 0
