276.021 0.0619681 1.23543e-009 -0.0860696
552.042 0.143587 2.37594e-009 -0.098027
828.063 0.225205 3.51712e-009 -0.109984
1104.08 0.306824 4.65756e-009 -0.121942
1380.1 0.388442 5.79778e-009 -0.133899
1656.13 0.470061 6.93832e-009 -0.145857
1932.15 0.551679 8.07967e-009 -0.157814
2208.17 0.633298 9.21932e-009 -0.169771
2484.19 0.714916 1.03594e-008 -0.181729
2760.21 0.796535 1.15016e-008 -0.193686
3036.23 0.878153 1.2641e-008 -0.205644
3312.25 0.959772 1.3781e-008 -0.217601
3588.27 1.04139 1.49223e-008 -0.229558
3864.29 1.12301 1.60625e-008 -0.241516
4140.31 1.20463 1.72035e-008 -0.253473
4416.33 1.28625 1.83449e-008 -0.265431
4692.36 1.36786 1.94855e-008 -0.277388
4968.38 1.44948 2.06265e-008 -0.289345
5244.4 1.5311 2.17667e-008 -0.301303
5520.42 1.61272 2.29067e-008 -0.31326
5796.44 1.69434 2.40475e-008 -0.325218
6072.46 1.77596 2.51885e-008 -0.337175
6348.48 1.85758 2.63286e-008 -0.349132
6624.5 1.93919 2.74697e-008 -0.36109
6900.52 2.02081 2.86102e-008 -0.373047
7176.54 2.10243 2.97505e-008 -0.385005
7452.57 2.18405 3.08919e-008 -0.396962
7728.59 2.26567 3.20318e-008 -0.408919
8004.61 2.34729 3.3173e-008 -0.420877
8280.63 2.42891 3.43126e-008 -0.432834
8556.65 2.51052 3.54551e-008 -0.444792
8832.67 2.59214 3.65947e-008 -0.456749
9108.69 2.67376 3.77353e-008 -0.468706
9384.71 2.75538 3.88765e-008 -0.480664
9660.73 2.837 4.00169e-008 -0.492621
9936.75 2.91862 4.11568e-008 -0.504579
10212.8 3.00024 4.22975e-008 -0.516536
10488.8 3.08185 4.34373e-008 -0.528493
10764.8 3.16347 4.45791e-008 -0.540451
11040.8 3.24509 4.57191e-008 -0.552408
11316.9 3.32671 4.68594e-008 -0.564365
11592.9 3.40833 4.80006e-008 -0.576323
11868.9 3.48995 4.91414e-008 -0.58828
12144.9 3.57156 5.02815e-008 -0.600238
12420.9 3.65318 5.14227e-008 -0.612195
12697 3.7348 5.25635e-008 -0.624152
12973 3.81642 5.37035e-008 -0.63611
13249 3.89804 5.48435e-008 -0.648067
13525 3.97966 5.59834e-008 -0.660025
13801 4.06128 5.71249e-008 -0.671982
14077.1 4.14289 5.82662e-008 -0.683939
