276.021 0.279523 -2.36534e-011 -0.14493
552.042 0.681883 -1.67472e-010 -0.141382
828.063 1.08424 -3.09369e-010 -0.137835
1104.08 1.4866 -4.53294e-010 -0.134288
1380.1 1.88896 -5.97864e-010 -0.130741
1656.13 2.29132 -7.4146e-010 -0.127194
1932.15 2.69368 -8.82965e-010 -0.123647
2208.17 3.09604 -1.02904e-009 -0.1201
2484.19 3.4984 -1.17384e-009 -0.116553
2760.21 3.90076 -1.31319e-009 -0.113006
3036.23 4.30312 -1.45942e-009 -0.109459
3312.25 4.70548 -1.60496e-009 -0.105912
3588.27 5.10784 -1.74634e-009 -0.102364
3864.29 5.5102 -1.89117e-009 -0.0988173
4140.31 5.91256 -2.03347e-009 -0.0952702
4416.33 6.31492 -2.17488e-009 -0.0917231
4692.36 6.71728 -2.31828e-009 -0.0881761
4968.38 7.11964 -2.46085e-009 -0.084629
5244.4 7.52199 -2.60509e-009 -0.0810819
5520.42 7.92435 -2.75037e-009 -0.0775348
5796.44 8.32671 -2.89305e-009 -0.0739877
6072.46 8.72907 -3.03573e-009 -0.0704406
6348.48 9.13143 -3.18046e-009 -0.0668935
6624.5 9.53379 -3.32268e-009 -0.0633464
6900.52 9.93615 -3.46638e-009 -0.0597993
7176.54 10.3385 -3.61084e-009 -0.0562522
7452.57 10.7409 -3.75206e-009 -0.0527051
7728.59 11.1432 -3.89741e-009 -0.049158
8004.61 11.5456 -4.03934e-009 -0.0456109
8280.63 11.948 -4.18576e-009 -0.0420638
8556.65 12.3503 -4.32399e-009 -0.0385168
8832.67 12.7527 -4.47019e-009 -0.0349697
9108.69 13.155 -4.61339e-009 -0.0314226
9384.71 13.5574 -4.75535e-009 -0.0278755
9660.73 13.9597 -4.89916e-009 -0.0243284
9936.75 14.3621 -5.04472e-009 -0.0207813
10212.8 14.7645 -5.18809e-009 -0.0172342
10488.8 15.1668 -5.33361e-009 -0.0136871
10764.8 15.5692 -5.47392e-009 -0.01014
11040.8 15.9715 -5.61898e-009 -0.00659291
11316.9 16.3739 -5.76346e-009 -0.00304582
11592.9 16.7763 -5.90515e-009 0.000501274
11868.9 17.1786 -6.04813e-009 0.00404837
12144.9 17.581 -6.19323e-009 0.00759546
12420.9 17.9833 -6.33508e-009 0.0111426
12697 18.3857 -6.47801e-009 0.0146896
12973 18.7881 -6.62303e-009 0.0182367
13249 19.1904 -6.76818e-009 0.0217838
13525 19.5928 -6.91338e-009 0.0253309
13801 19.9951 -7.05427e-009 0.028878
14077.1 20.3975 -7.19632e-009 0.0324251
