276.021 0.0234125 2.5226e-009 -0.0511918
552.042 0.0538516 4.92037e-009 -0.0606861
828.063 0.0842908 7.31851e-009 -0.0701804
1104.08 0.11473 9.71628e-009 -0.0796747
1380.1 0.145169 1.21139e-008 -0.089169
1656.13 0.175608 1.45117e-008 -0.0986632
1932.15 0.206047 1.691e-008 -0.108158
2208.17 0.236486 1.93073e-008 -0.117652
2484.19 0.266926 2.17049e-008 -0.127146
2760.21 0.297365 2.41036e-008 -0.13664
3036.23 0.327804 2.65008e-008 -0.146135
3312.25 0.358243 2.88983e-008 -0.155629
3588.27 0.388682 3.12965e-008 -0.165123
3864.29 0.419121 3.36941e-008 -0.174618
4140.31 0.44956 3.60922e-008 -0.184112
4416.33 0.479999 3.84905e-008 -0.193606
4692.36 0.510439 4.08883e-008 -0.2031
4968.38 0.540878 4.32864e-008 -0.212595
5244.4 0.571317 4.5684e-008 -0.222089
5520.42 0.601756 4.80815e-008 -0.231583
5796.44 0.632195 5.04795e-008 -0.241078
6072.46 0.662634 5.28775e-008 -0.250572
6348.48 0.693073 5.52751e-008 -0.260066
6624.5 0.723512 5.76732e-008 -0.26956
6900.52 0.753952 6.0071e-008 -0.279055
7176.54 0.784391 6.24687e-008 -0.288549
7452.57 0.81483 6.4867e-008 -0.298043
7728.59 0.845269 6.72644e-008 -0.307537
8004.61 0.875708 6.96626e-008 -0.317032
8280.63 0.906147 7.20599e-008 -0.326526
8556.65 0.936586 7.44587e-008 -0.33602
8832.67 0.967025 7.6856e-008 -0.345515
9108.69 0.997465 7.92539e-008 -0.355009
9384.71 1.0279 8.16521e-008 -0.364503
9660.73 1.05834 8.40498e-008 -0.373997
9936.75 1.08878 8.64473e-008 -0.383492
10212.8 1.11922 8.88452e-008 -0.392986
10488.8 1.14966 9.12426e-008 -0.40248
10764.8 1.1801 9.36411e-008 -0.411975
11040.8 1.21054 9.60386e-008 -0.421469
11316.9 1.24098 9.84363e-008 -0.430963
11592.9 1.27142 1.00834e-007 -0.440457
11868.9 1.30186 1.03232e-007 -0.449952
12144.9 1.33229 1.0563e-007 -0.459446
12420.9 1.36273 1.08028e-007 -0.46894
12697 1.39317 1.10426e-007 -0.478435
12973 1.42361 1.12824e-007 -0.487929
13249 1.45405 1.15221e-007 -0.497423
13525 1.48449 1.17619e-007 -0.506917
13801 1.51493 1.20017e-007 -0.516412
14077.1 1.54537 1.22415e-007 -0.525906
