276.021 0.0748683 -4.12087e-010 -0.0123432
552.042 0.168835 -7.72935e-010 0.026419
828.063 0.262802 -1.13434e-009 0.0651811
1104.08 0.356769 -1.49517e-009 0.103943
1380.1 0.450737 -1.85579e-009 0.142706
1656.13 0.544704 -2.21668e-009 0.181468
1932.15 0.638671 -2.57827e-009 0.22023
2208.17 0.732638 -2.93844e-009 0.258992
2484.19 0.826605 -3.29894e-009 0.297754
2760.21 0.920572 -3.66129e-009 0.336517
3036.23 1.01454 -4.02107e-009 0.375279
3312.25 1.10851 -4.38155e-009 0.414041
3588.27 1.20247 -4.74309e-009 0.452803
3864.29 1.29644 -5.10368e-009 0.491565
4140.31 1.39041 -5.46501e-009 0.530327
4416.33 1.48437 -5.82662e-009 0.56909
4692.36 1.57834 -6.18745e-009 0.607852
4968.38 1.67231 -6.54879e-009 0.646614
5244.4 1.76628 -6.90945e-009 0.685376
5520.42 1.86024 -7.26985e-009 0.724138
5796.44 1.95421 -7.63094e-009 0.762901
6072.46 2.04818 -7.99223e-009 0.801663
6348.48 2.14214 -8.35272e-009 0.840425
6624.5 2.23611 -8.71412e-009 0.879187
6900.52 2.33008 -9.075e-009 0.917949
7176.54 2.42404 -9.43573e-009 0.956712
7452.57 2.51801 -9.79731e-009 0.995474
7728.59 2.61198 -1.01577e-008 1.03424
8004.61 2.70595 -1.05192e-008 1.073
8280.63 2.79991 -1.08792e-008 1.11176
8556.65 2.89388 -1.12418e-008 1.15052
8832.67 2.98785 -1.16018e-008 1.18928
9108.69 3.08181 -1.19628e-008 1.22805
9384.71 3.17578 -1.23242e-008 1.26681
9660.73 3.26975 -1.2685e-008 1.30557
9936.75 3.36372 -1.30454e-008 1.34433
10212.8 3.45768 -1.34064e-008 1.3831
10488.8 3.55165 -1.37667e-008 1.42186
10764.8 3.64562 -1.41285e-008 1.46062
11040.8 3.73958 -1.44891e-008 1.49938
11316.9 3.83355 -1.48498e-008 1.53814
11592.9 3.92752 -1.52111e-008 1.57691
11868.9 4.02148 -1.55723e-008 1.61567
12144.9 4.11545 -1.59328e-008 1.65443
12420.9 4.20942 -1.62943e-008 1.69319
12697 4.30339 -1.66554e-008 1.73196
12973 4.39735 -1.70159e-008 1.77072
13249 4.49132 -1.73762e-008 1.80948
13525 4.58529 -1.77367e-008 1.84824
13801 4.67925 -1.80983e-008 1.887
14077.1 4.77322 -1.84599e-008 1.92577
