276.021 0.351103 -1.69169e-010 -0.154584
552.042 0.874884 -4.78419e-010 -0.143299
828.063 1.39866 -7.8538e-010 -0.132013
1104.08 1.92245 -1.09475e-009 -0.120727
1380.1 2.44623 -1.40497e-009 -0.109442
1656.13 2.97001 -1.714e-009 -0.0981561
1932.15 3.49379 -2.02046e-009 -0.0868705
2208.17 4.01757 -2.33248e-009 -0.0755848
2484.19 4.54135 -2.64293e-009 -0.0642992
2760.21 5.06513 -2.94684e-009 -0.0530136
3036.23 5.58891 -3.259e-009 -0.0417279
3312.25 6.11269 -3.57038e-009 -0.0304423
3588.27 6.63648 -3.8767e-009 -0.0191566
3864.29 7.16026 -4.1872e-009 -0.00787098
4140.31 7.68404 -4.49463e-009 0.00341466
4416.33 8.20782 -4.80102e-009 0.0147003
4692.36 8.7316 -5.10977e-009 0.0259859
4968.38 9.25538 -5.41757e-009 0.0372716
5244.4 9.77916 -5.72734e-009 0.0485572
5520.42 10.3029 -6.03839e-009 0.0598429
5796.44 10.8267 -6.34628e-009 0.0711285
6072.46 11.3505 -6.65423e-009 0.0824142
6348.48 11.8743 -6.96454e-009 0.0936998
6624.5 12.3981 -7.27192e-009 0.104985
6900.52 12.9218 -7.58106e-009 0.116271
7176.54 13.4456 -7.89114e-009 0.127557
7452.57 13.9694 -8.19727e-009 0.138842
7728.59 14.4932 -8.50838e-009 0.150128
8004.61 15.017 -8.81539e-009 0.161414
8280.63 15.5408 -9.1278e-009 0.172699
8556.65 16.0645 -9.43032e-009 0.183985
8832.67 16.5883 -9.74248e-009 0.195271
9108.69 17.1121 -1.0051e-008 0.206556
9384.71 17.6359 -1.03581e-008 0.217842
9660.73 18.1597 -1.06673e-008 0.229128
9936.75 18.6834 -1.09787e-008 0.240413
10212.8 19.2072 -1.12874e-008 0.251699
10488.8 19.731 -1.15988e-008 0.262984
10764.8 20.2548 -1.19038e-008 0.27427
11040.8 20.7786 -1.22146e-008 0.285556
11316.9 21.3023 -1.25247e-008 0.296841
11592.9 21.8261 -1.28314e-008 0.308127
11868.9 22.3499 -1.31396e-008 0.319413
12144.9 22.8737 -1.34505e-008 0.330698
12420.9 23.3975 -1.37574e-008 0.341984
12697 23.9213 -1.40656e-008 0.35327
12973 24.445 -1.43763e-008 0.364555
13249 24.9688 -1.46872e-008 0.375841
13525 25.4926 -1.49981e-008 0.387126
13801 26.0164 -1.53039e-008 0.398412
14077.1 26.5402 -1.5611e-008 0.409698
