276.021 0.0770767 8.29305e-010 -0.0860696
552.042 0.179701 1.57998e-009 -0.098027
828.063 0.282325 2.33135e-009 -0.109984
1104.08 0.384949 3.08195e-009 -0.121942
1380.1 0.487573 3.83233e-009 -0.133899
1656.13 0.590197 4.58304e-009 -0.145857
1932.15 0.692821 5.33458e-009 -0.157814
2208.17 0.795445 6.08436e-009 -0.169771
2484.19 0.898069 6.8346e-009 -0.181729
2760.21 1.00069 7.58701e-009 -0.193686
3036.23 1.10332 8.33662e-009 -0.205644
3312.25 1.20594 9.08666e-009 -0.217601
3588.27 1.30857 9.83821e-009 -0.229558
3864.29 1.41119 1.05885e-008 -0.241516
4140.31 1.51381 1.13397e-008 -0.253473
4416.33 1.61644 1.20913e-008 -0.265431
4692.36 1.71906 1.28421e-008 -0.277388
4968.38 1.82169 1.35932e-008 -0.289345
5244.4 1.92431 1.43437e-008 -0.301303
5520.42 2.02693 1.50938e-008 -0.31326
5796.44 2.12956 1.58448e-008 -0.325218
6072.46 2.23218 1.65959e-008 -0.337175
6348.48 2.33481 1.73462e-008 -0.349132
6624.5 2.43743 1.80975e-008 -0.36109
6900.52 2.54005 1.88482e-008 -0.373047
7176.54 2.64268 1.95986e-008 -0.385005
7452.57 2.7453 2.03502e-008 -0.396962
7728.59 2.84793 2.11003e-008 -0.408919
8004.61 2.95055 2.18516e-008 -0.420877
8280.63 3.05317 2.26013e-008 -0.432834
8556.65 3.1558 2.33541e-008 -0.444792
8832.67 3.25842 2.41038e-008 -0.456749
9108.69 3.36105 2.48546e-008 -0.468706
9384.71 3.46367 2.5606e-008 -0.480664
9660.73 3.56629 2.63566e-008 -0.492621
9936.75 3.66892 2.71066e-008 -0.504579
10212.8 3.77154 2.78575e-008 -0.516536
10488.8 3.87417 2.86074e-008 -0.528493
10764.8 3.97679 2.93594e-008 -0.540451
11040.8 4.07942 3.01096e-008 -0.552408
11316.9 4.18204 3.086e-008 -0.564366
11592.9 4.28466 3.16114e-008 -0.576323
11868.9 4.38729 3.23624e-008 -0.58828
12144.9 4.48991 3.31126e-008 -0.600238
12420.9 4.59254 3.3864e-008 -0.612195
12697 4.69516 3.4615e-008 -0.624152
12973 4.79778 3.53652e-008 -0.63611
13249 4.90041 3.61153e-008 -0.648067
13525 5.00303 3.68654e-008 -0.660025
13801 5.10566 3.76171e-008 -0.671982
14077.1 5.20828 3.83685e-008 -0.683939
