276.021 0.351103 3.98113e-010 -0.154584
552.042 0.874884 7.06506e-010 -0.143299
828.063 1.39866 1.01719e-009 -0.132013
1104.08 1.92245 1.32546e-009 -0.120727
1380.1 2.44623 1.63288e-009 -0.109442
1656.13 2.97001 1.94149e-009 -0.0981561
1932.15 3.49379 2.25267e-009 -0.0868705
2208.17 4.01757 2.5583e-009 -0.0755848
2484.19 4.54135 2.8655e-009 -0.0642992
2760.21 5.06513 3.17923e-009 -0.0530136
3036.23 5.58891 3.48471e-009 -0.0417279
3312.25 6.11269 3.79097e-009 -0.0304423
3588.27 6.63648 4.10229e-009 -0.0191566
3864.29 7.16026 4.40944e-009 -0.00787098
4140.31 7.68404 4.71965e-009 0.00341466
4416.33 8.20782 5.0309e-009 0.0147003
4692.36 8.7316 5.33979e-009 0.0259859
4968.38 9.25538 5.64964e-009 0.0372716
5244.4 9.77916 5.95751e-009 0.0485572
5520.42 10.3029 6.2641e-009 0.0598429
5796.44 10.8267 6.57385e-009 0.0711285
6072.46 11.3505 6.88355e-009 0.0824142
6348.48 11.8743 7.19087e-009 0.0936998
6624.5 12.3981 7.50114e-009 0.104985
6900.52 12.9218 7.80965e-009 0.116271
7176.54 13.4456 8.11721e-009 0.127557
7452.57 13.9694 8.42872e-009 0.138842
7728.59 14.4932 8.73525e-009 0.150128
8004.61 15.017 9.04589e-009 0.161414
8280.63 15.5408 9.35112e-009 0.172699
8556.65 16.0645 9.66624e-009 0.183985
8832.67 16.5883 9.97172e-009 0.195271
9108.69 17.1121 1.02808e-008 0.206556
9384.71 17.6359 1.05914e-008 0.217842
9660.73 18.1597 1.08998e-008 0.229128
9936.75 18.6834 1.12061e-008 0.240413
10212.8 19.2072 1.1515e-008 0.251699
10488.8 19.731 1.18213e-008 0.262984
10764.8 20.2548 1.21339e-008 0.27427
11040.8 20.7786 1.24407e-008 0.285556
11316.9 21.3023 1.27483e-008 0.296841
11592.9 21.8261 1.30593e-008 0.308127
11868.9 22.3499 1.33686e-008 0.319413
12144.9 22.8737 1.36754e-008 0.330698
12420.9 23.3975 1.39862e-008 0.341984
12697 23.9213 1.42956e-008 0.35327
12973 24.445 1.46025e-008 0.364555
13249 24.9688 1.49093e-008 0.375841
13525 25.4926 1.5216e-008 0.387126
13801 26.0164 1.55279e-008 0.398412
14077.1 26.5402 1.58384e-008 0.409698
