276.021 0.443654 1.14668e-011 -0.126306
552.042 1.12965 1.14943e-011 -0.161248
828.063 1.81564 1.16806e-011 -0.19619
1104.08 2.50164 1.15656e-011 -0.231131
1380.1 3.18763 1.13556e-011 -0.266073
1656.13 3.87363 1.14704e-011 -0.301014
1932.15 4.55962 1.17141e-011 -0.335956
2208.17 5.24562 1.13859e-011 -0.370898
2484.19 5.93161 1.13177e-011 -0.405839
2760.21 6.6176 1.15199e-011 -0.440781
3036.23 7.3036 1.15401e-011 -0.475723
3312.25 7.98959 1.11202e-011 -0.510664
3588.27 8.67559 1.15378e-011 -0.545606
3864.29 9.36158 1.14252e-011 -0.580547
4140.31 10.0476 1.12799e-011 -0.615489
4416.33 10.7336 1.14323e-011 -0.650431
4692.36 11.4196 1.16368e-011 -0.685372
4968.38 12.1056 1.14857e-011 -0.720314
5244.4 12.7916 1.15403e-011 -0.755255
5520.42 13.4776 1.14758e-011 -0.790197
5796.44 14.1635 1.16261e-011 -0.825139
6072.46 14.8495 1.1621e-011 -0.86008
6348.48 15.5355 1.14458e-011 -0.895022
6624.5 16.2215 1.16485e-011 -0.929964
6900.52 16.9075 1.1632e-011 -0.964905
7176.54 17.5935 1.14251e-011 -0.999847
7452.57 18.2795 1.16016e-011 -1.03479
7728.59 18.9655 1.15658e-011 -1.06973
8004.61 19.6515 1.14645e-011 -1.10467
8280.63 20.3375 1.12713e-011 -1.13961
8556.65 21.0235 1.14796e-011 -1.17455
8832.67 21.7095 1.14923e-011 -1.2095
9108.69 22.3955 1.167e-011 -1.24444
9384.71 23.0815 1.16406e-011 -1.27938
9660.73 23.7675 1.16918e-011 -1.31432
9936.75 24.4535 1.1639e-011 -1.34926
10212.8 25.1395 1.14805e-011 -1.3842
10488.8 25.8255 1.14374e-011 -1.41915
10764.8 26.5114 1.16414e-011 -1.45409
11040.8 27.1974 1.14067e-011 -1.48903
11316.9 27.8834 1.1352e-011 -1.52397
11592.9 28.5694 1.15714e-011 -1.55891
11868.9 29.2554 1.14959e-011 -1.59385
12144.9 29.9414 1.13103e-011 -1.6288
12420.9 30.6274 1.13773e-011 -1.66374
12697 31.3134 1.13645e-011 -1.69868
12973 31.9994 1.13578e-011 -1.73362
13249 32.6854 1.13953e-011 -1.76856
13525 33.3714 1.10407e-011 -1.8035
13801 34.0574 1.14385e-011 -1.83845
14077.1 34.7434 1.13928e-011 -1.87339
