276.021 0.367102 4.70348e-011 -0.11659
552.042 0.920665 4.7006e-011 -0.0345775
828.063 1.47423 4.76725e-011 0.0474348
1104.08 2.02779 4.73742e-011 0.129447
1380.1 2.58136 4.70313e-011 0.211459
1656.13 3.13492 4.69772e-011 0.293472
1932.15 3.68848 4.75084e-011 0.375484
2208.17 4.24205 4.6474e-011 0.457496
2484.19 4.79561 4.60223e-011 0.539509
2760.21 5.34917 4.71438e-011 0.621521
3036.23 5.90274 4.71229e-011 0.703533
3312.25 6.4563 4.58175e-011 0.785546
3588.27 7.00986 4.66553e-011 0.867558
3864.29 7.56343 4.59826e-011 0.94957
4140.31 8.11699 4.63818e-011 1.03158
4416.33 8.67055 4.71531e-011 1.11359
4692.36 9.22412 4.75864e-011 1.19561
4968.38 9.77768 4.7658e-011 1.27762
5244.4 10.3312 4.73135e-011 1.35963
5520.42 10.8848 4.65393e-011 1.44164
5796.44 11.4384 4.73082e-011 1.52366
6072.46 11.9919 4.71883e-011 1.60567
6348.48 12.5455 4.70869e-011 1.68768
6624.5 13.0991 4.71474e-011 1.76969
6900.52 13.6526 4.70801e-011 1.85171
7176.54 14.2062 4.64369e-011 1.93372
7452.57 14.7598 4.75733e-011 2.01573
7728.59 15.3133 4.67877e-011 2.09774
8004.61 15.8669 4.71384e-011 2.17975
8280.63 16.4204 4.57386e-011 2.26177
8556.65 16.974 4.81203e-011 2.34378
8832.67 17.5276 4.6969e-011 2.42579
9108.69 18.0811 4.73638e-011 2.5078
9384.71 18.6347 4.80384e-011 2.58982
9660.73 19.1883 4.80809e-011 2.67183
9936.75 19.7418 4.66864e-011 2.75384
10212.8 20.2954 4.67549e-011 2.83585
10488.8 20.849 4.60574e-011 2.91787
10764.8 21.4025 4.75123e-011 2.99988
11040.8 21.9561 4.66941e-011 3.08189
11316.9 22.5096 4.59595e-011 3.1639
11592.9 23.0632 4.72961e-011 3.24591
11868.9 23.6168 4.73438e-011 3.32793
12144.9 24.1703 4.62989e-011 3.40994
12420.9 24.7239 4.68153e-011 3.49195
12697 25.2775 4.69782e-011 3.57396
12973 25.831 4.64051e-011 3.65598
13249 26.3846 4.59216e-011 3.73799
13525 26.9382 4.51247e-011 3.82
13801 27.4917 4.65774e-011 3.90201
14077.1 28.0453 4.63871e-011 3.98403
