276.021 -57.139 -8.17017e-008 953.792 6.18443e-005 -18822.2 -5.05448e-006 57.139 8.17017e-008 -953.792 -4.61576e-005 7851.53 5.05448e-006 -218.882 2.18701e-008 2464.61 8.58478e-006 -63227 -4.93889e-006 218.882 -2.18701e-008 -2464.61 -1.27838e-005 21201.7 4.93889e-006
552.042 -115.154 -8.05443e-008 245.569 6.09621e-005 -42283.6 -4.94687e-006 115.154 8.05443e-008 -245.569 -4.54976e-005 20174.1 4.94687e-006 -436.888 2.16187e-008 3172.83 8.40141e-006 -137379 -4.83275e-006 436.888 -2.16187e-008 -3172.83 -1.25522e-005 53496.8 4.83275e-006
828.063 -173.168 -8.02965e-008 -462.653 6.07404e-005 -65744.9 -4.94296e-006 173.168 8.02965e-008 462.653 -4.53235e-005 32496.6 4.94296e-006 -654.895 2.17439e-008 3881.05 8.16856e-006 -211532 -4.82884e-006 654.895 -2.17439e-008 -3881.05 -1.23434e-005 85791.9 4.82884e-006
1104.08 -231.183 -8.21693e-008 -1170.88 6.21344e-005 -89206.3 -5.06287e-006 231.183 8.21693e-008 1170.88 -4.63579e-005 44819.2 5.06287e-006 -872.901 2.22671e-008 4589.28 8.31948e-006 -285684 -4.94569e-006 872.901 -2.22671e-008 -4589.28 -1.25948e-005 118087 4.94569e-006
1380.1 -289.198 -7.95166e-008 -1879.1 6.0226e-005 -112668 -4.88867e-006 289.198 7.95166e-008 1879.1 -4.49589e-005 57141.7 4.88867e-006 -1090.91 2.12912e-008 5297.5 8.37531e-006 -359836 -4.77527e-006 1090.91 -2.12912e-008 -5297.5 -1.24632e-005 150382 4.77527e-006
1656.13 -347.212 -7.99454e-008 -2587.32 6.05378e-005 -136129 -4.89285e-006 347.212 7.99454e-008 2587.32 -4.51883e-005 69464.3 4.89285e-006 -1308.91 2.13658e-008 6005.72 8.42183e-006 -433989 -4.77953e-006 1308.91 -2.13658e-008 -6005.72 -1.25241e-005 182677 4.77953e-006
1932.15 -405.227 -8.03951e-008 -3295.54 6.08461e-005 -159590 -4.92981e-006 405.227 8.03951e-008 3295.54 -4.54103e-005 81786.8 4.92981e-006 -1526.92 2.15894e-008 6713.94 8.37035e-006 -508141 -4.81539e-006 1526.92 -2.15894e-008 -6713.94 -1.25155e-005 214972 4.81539e-006
2208.17 -463.241 -8.09383e-008 -4003.77 6.12659e-005 -183052 -4.96789e-006 463.241 8.09383e-008 4003.77 -4.57258e-005 94109.4 4.96789e-006 -1744.93 2.16883e-008 7422.17 8.46888e-006 -582293 -4.85281e-006 1744.93 -2.16883e-008 -7422.17 -1.2633e-005 247268 4.85281e-006
2484.19 -521.256 -8.03097e-008 -4711.99 6.07616e-005 -206513 -4.93257e-006 521.256 8.03097e-008 4711.99 -4.53421e-005 106432 4.93257e-006 -1962.93 2.16531e-008 8130.39 8.25172e-006 -656446 -4.81808e-006 1962.93 -2.16531e-008 -8130.39 -1.24091e-005 279563 4.81808e-006
2760.21 -579.271 -7.79397e-008 -5420.21 5.89855e-005 -229974 -4.76495e-006 579.271 7.79397e-008 5420.21 -4.40211e-005 118754 4.76495e-006 -2180.94 2.07943e-008 8838.61 8.24909e-006 -730598 -4.65388e-006 2180.94 -2.07943e-008 -8838.61 -1.22416e-005 311858 4.65388e-006
3036.23 -637.285 -8.02524e-008 -6128.43 6.07722e-005 -253436 -4.82579e-006 637.285 8.02524e-008 6128.43 -4.53637e-005 131077 4.82579e-006 -2398.94 2.15467e-008 9546.83 8.36108e-006 -804750 -4.71149e-006 2398.94 -2.15467e-008 -9546.83 -1.2498e-005 344153 4.71149e-006
3312.25 -695.3 -8.08947e-008 -6836.66 6.12544e-005 -276897 -4.9615e-006 695.3 8.08947e-008 6836.66 -4.57227e-005 143400 4.9615e-006 -2616.95 2.17574e-008 10255.1 8.36693e-006 -878903 -4.84561e-006 2616.95 -2.17574e-008 -10255.1 -1.25444e-005 376448 4.84561e-006
3588.27 -753.315 -8.0015e-008 -7544.88 6.06081e-005 -300359 -4.89496e-006 753.315 8.0015e-008 7544.88 -4.52452e-005 155722 4.89496e-006 -2834.96 2.12945e-008 10963.3 8.54556e-006 -953055 -4.78094e-006 2834.96 -2.12945e-008 -10963.3 -1.26341e-005 408743 4.78094e-006
3864.29 -811.329 -8.06878e-008 -8253.1 6.10649e-005 -323820 -4.98132e-006 811.329 8.06878e-008 8253.1 -4.55728e-005 168045 4.98132e-006 -3052.96 2.17701e-008 11671.5 8.28341e-006 -1.02721e+006 -4.86585e-006 3052.96 -2.17701e-008 -11671.5 -1.24633e-005 441038 4.86585e-006
4140.31 -869.344 -8.11781e-008 -8961.32 6.14378e-005 -347281 -5.00574e-006 869.344 8.11781e-008 8961.32 -4.58516e-005 180367 5.00574e-006 -3270.97 2.18495e-008 12379.7 8.36411e-006 -1.10136e+006 -4.89005e-006 3270.97 -2.18495e-008 -12379.7 -1.25592e-005 473333 4.89005e-006
4416.33 -927.358 -8.244e-008 -9669.55 6.24088e-005 -370743 -5.06579e-006 927.358 8.244e-008 9669.55 -4.65803e-005 192690 5.06579e-006 -3488.98 2.21284e-008 13087.9 8.62821e-006 -1.17551e+006 -4.94864e-006 3488.98 -2.21284e-008 -13087.9 -1.28769e-005 505629 4.94864e-006
4692.36 -985.373 -8.09193e-008 -10377.8 6.12474e-005 -394204 -4.95274e-006 985.373 8.09193e-008 10377.8 -4.57109e-005 205012 4.95274e-006 -3706.98 2.16306e-008 13796.2 8.50577e-006 -1.24966e+006 -4.83772e-006 3706.98 -2.16306e-008 -13796.2 -1.26589e-005 537924 4.83772e-006
