168.076 2.40173e-009 0 -6.94249e-010 0 0 0 -2.40173e-009 -0 6.94249e-010 0 0 0 1.8205e-008 0 -5.26239e-009 0 0 0 -1.8205e-008 -0 5.26239e-009 0 0 0
336.153 4.15696e-009 0 -1.20162e-009 0 0 0 -4.15696e-009 -0 1.20162e-009 0 0 0 2.05847e-008 0 -5.95027e-009 0 0 0 -2.05847e-008 -0 5.95027e-009 0 0 0
504.229 7.23645e-009 0 -2.09179e-009 0 0 0 -7.23645e-009 -0 2.09179e-009 0 0 0 2.02654e-008 0 -5.85797e-009 0 0 0 -2.02654e-008 -0 5.85797e-009 0 0 0
672.306 6.48569e-009 0 -1.87477e-009 0 0 0 -6.48569e-009 -0 1.87477e-009 0 0 0 1.92255e-008 0 -5.55736e-009 0 0 0 -1.92255e-008 -0 5.55736e-009 0 0 0
840.382 1.12986e-008 0 -3.26602e-009 0 0 0 -1.12986e-008 -0 3.26602e-009 0 0 0 2.0871e-008 0 -6.03303e-009 0 0 0 -2.0871e-008 -0 6.03303e-009 0 0 0
1008.46 2.08834e-009 0 -6.03662e-010 0 0 0 -2.08834e-009 -0 6.03662e-010 0 0 0 1.7929e-008 0 -5.18259e-009 0 0 0 -1.7929e-008 -0 5.18259e-009 0 0 0
1176.53 7.54483e-009 0 -2.18093e-009 0 0 0 -7.54483e-009 -0 2.18093e-009 0 0 0 2.10725e-008 0 -6.09127e-009 0 0 0 -2.10725e-008 -0 6.09127e-009 0 0 0
1344.61 7.56864e-009 0 -2.18781e-009 0 0 0 -7.56864e-009 -0 2.18781e-009 0 0 0 2.05818e-008 0 -5.94944e-009 0 0 0 -2.05818e-008 -0 5.94944e-009 0 0 0
1512.69 6.63075e-009 0 -1.9167e-009 0 0 0 -6.63075e-009 -0 1.9167e-009 0 0 0 2.07033e-008 0 -5.98456e-009 0 0 0 -2.07033e-008 -0 5.98456e-009 0 0 0
1680.76 7.70973e-009 0 -2.22859e-009 0 0 0 -7.70973e-009 -0 2.22859e-009 0 0 0 2.15846e-008 0 -6.23931e-009 0 0 0 -2.15846e-008 -0 6.23931e-009 0 0 0
1848.84 8.83334e-009 0 -2.55339e-009 0 0 0 -8.83334e-009 -0 2.55339e-009 0 0 0 1.93266e-008 0 -5.5866e-009 0 0 0 -1.93266e-008 -0 5.5866e-009 0 0 0
2016.92 1.00985e-008 0 -2.9191e-009 0 0 0 -1.00985e-008 -0 2.9191e-009 0 0 0 2.1654e-008 0 -6.25935e-009 0 0 0 -2.1654e-008 -0 6.25935e-009 0 0 0
2184.99 6.9189e-009 0 -1.99999e-009 0 0 0 -6.9189e-009 -0 1.99999e-009 0 0 0 2.01453e-008 0 -5.82324e-009 0 0 0 -2.01453e-008 -0 5.82324e-009 0 0 0
2353.07 5.05956e-009 0 -1.46253e-009 0 0 0 -5.05956e-009 -0 1.46253e-009 0 0 0 1.9915e-008 0 -5.75669e-009 0 0 0 -1.9915e-008 -0 5.75669e-009 0 0 0
2521.15 7.16628e-009 0 -2.0715e-009 0 0 0 -7.16628e-009 -0 2.0715e-009 0 0 0 2.04863e-008 0 -5.92181e-009 0 0 0 -2.04863e-008 -0 5.92181e-009 0 0 0
2689.22 8.26623e-009 0 -2.38946e-009 0 0 0 -8.26623e-009 -0 2.38946e-009 0 0 0 2.09214e-008 0 -6.0476e-009 0 0 0 -2.09214e-008 -0 6.0476e-009 0 0 0
2857.3 5.41953e-009 0 -1.56658e-009 0 0 0 -5.41953e-009 -0 1.56658e-009 0 0 0 1.87879e-008 0 -5.43088e-009 0 0 0 -1.87879e-008 -0 5.43088e-009 0 0 0
