276.021 0.0917641
552.042 0.208442
828.063 0.325119
1104.08 0.441797
1380.1 0.558475
1656.13 0.675152
1932.15 0.79183
2208.17 0.908508
2484.19 1.02519
2760.21 1.14186
3036.23 1.25854
3312.25 1.37522
3588.27 1.4919
3864.29 1.60857
4140.31 1.72525
4416.33 1.84193
4692.36 1.95861
4968.38 2.07528
5244.4 2.19196
5520.42 2.30864
5796.44 2.42532
6072.46 2.542
6348.48 2.65867
6624.5 2.77535
6900.52 2.89203
7176.54 3.00871
7452.57 3.12538
7728.59 3.24206
8004.61 3.35874
8280.63 3.47542
8556.65 3.59209
8832.67 3.70877
9108.69 3.82545
9384.71 3.94213
9660.73 4.0588
9936.75 4.17548
10212.8 4.29216
10488.8 4.40884
10764.8 4.52552
11040.8 4.64219
11316.9 4.75887
11592.9 4.87555
11868.9 4.99223
12144.9 5.1089
12420.9 5.22558
12697 5.34226
12973 5.45894
13249 5.57561
13525 5.69229
13801 5.80897
14077.1 5.92565
