276.021 0.240682
552.042 0.570858
828.063 0.901033
1104.08 1.23121
1380.1 1.56138
1656.13 1.89156
1932.15 2.22174
2208.17 2.55191
2484.19 2.88209
2760.21 3.21226
3036.23 3.54244
3312.25 3.87261
3588.27 4.20279
3864.29 4.53296
4140.31 4.86314
4416.33 5.19332
4692.36 5.52349
4968.38 5.85367
5244.4 6.18384
5520.42 6.51402
5796.44 6.84419
6072.46 7.17437
6348.48 7.50454
6624.5 7.83472
6900.52 8.1649
7176.54 8.49507
7452.57 8.82525
7728.59 9.15542
8004.61 9.4856
8280.63 9.81577
8556.65 10.1459
8832.67 10.4761
9108.69 10.8063
9384.71 11.1365
9660.73 11.4667
9936.75 11.7968
10212.8 12.127
10488.8 12.4572
10764.8 12.7874
11040.8 13.1175
11316.9 13.4477
11592.9 13.7779
11868.9 14.1081
12144.9 14.4382
12420.9 14.7684
12697 15.0986
12973 15.4288
13249 15.7589
13525 16.0891
13801 16.4193
14077.1 16.7495
