276.021 0.533824
552.042 1.43501
828.063 2.33621
1104.08 3.2374
1380.1 4.13859
1656.13 5.03978
1932.15 5.94097
2208.17 6.84216
2484.19 7.74335
2760.21 8.64455
3036.23 9.54574
3312.25 10.4469
3588.27 11.3481
3864.29 12.2493
4140.31 13.1505
4416.33 14.0517
4692.36 14.9529
4968.38 15.8541
5244.4 16.7553
5520.42 17.6565
5796.44 18.5577
6072.46 19.4588
6348.48 20.36
6624.5 21.2612
6900.52 22.1624
7176.54 23.0636
7452.57 23.9648
7728.59 24.866
8004.61 25.7672
8280.63 26.6684
8556.65 27.5696
8832.67 28.4708
9108.69 29.3719
9384.71 30.2731
9660.73 31.1743
9936.75 32.0755
10212.8 32.9767
10488.8 33.8779
10764.8 34.7791
11040.8 35.6803
11316.9 36.5815
11592.9 37.4827
11868.9 38.3839
12144.9 39.2851
12420.9 40.1862
12697 41.0874
12973 41.9886
13249 42.8898
13525 43.791
13801 44.6922
14077.1 45.5934
