276.021 0.383702
552.042 0.952924
828.063 1.52215
1104.08 2.09137
1380.1 2.66059
1656.13 3.22981
1932.15 3.79904
2208.17 4.36826
2484.19 4.93748
2760.21 5.5067
3036.23 6.07593
3312.25 6.64515
3588.27 7.21437
3864.29 7.78359
4140.31 8.35282
4416.33 8.92204
4692.36 9.49126
4968.38 10.0605
5244.4 10.6297
5520.42 11.1989
5796.44 11.7682
6072.46 12.3374
6348.48 12.9066
6624.5 13.4758
6900.52 14.045
7176.54 14.6143
7452.57 15.1835
7728.59 15.7527
8004.61 16.3219
8280.63 16.8912
8556.65 17.4604
8832.67 18.0296
9108.69 18.5988
9384.71 19.168
9660.73 19.7373
9936.75 20.3065
10212.8 20.8757
10488.8 21.4449
10764.8 22.0142
11040.8 22.5834
11316.9 23.1526
11592.9 23.7218
11868.9 24.291
12144.9 24.8603
12420.9 25.4295
12697 25.9987
12973 26.5679
13249 27.1372
13525 27.7064
13801 28.2756
14077.1 28.8448
