168.076 -1.84835e-013 0.727694 -0.156337
336.153 -1.65104e-013 1.45539 -0.156337
504.229 -1.82816e-013 2.18308 -0.156337
672.306 -1.87726e-013 2.91078 -0.156337
840.382 -1.88853e-013 3.63847 -0.156337
1008.46 -1.63812e-013 4.36616 -0.156337
1176.53 -1.81021e-013 5.09386 -0.156337
1344.61 -1.91208e-013 5.82155 -0.156337
1512.69 -1.739e-013 6.54924 -0.156337
1680.76 -1.68479e-013 7.27694 -0.156337
1848.84 -1.96158e-013 8.00463 -0.156337
2016.92 -1.90447e-013 8.73233 -0.156337
2184.99 -1.95929e-013 9.46002 -0.156337
2353.07 -1.83656e-013 10.1877 -0.156337
2521.15 -1.88628e-013 10.9154 -0.156337
2689.22 -1.7584e-013 11.6431 -0.156337
2857.3 -1.91681e-013 12.3708 -0.156337
