276.021 0.493599 6.45175e-010 -0.106503
552.042 1.29058 1.37344e-009 -0.0786813
828.063 2.08756 2.09889e-009 -0.05086
1104.08 2.88454 2.82659e-009 -0.0230387
1380.1 3.68152 3.55545e-009 0.00478264
1656.13 4.47851 4.28265e-009 0.032604
1932.15 5.27549 5.00845e-009 0.0604253
2208.17 6.07247 5.73735e-009 0.0882466
2484.19 6.86945 6.46533e-009 0.116068
2760.21 7.66643 7.18985e-009 0.143889
3036.23 8.46341 7.91911e-009 0.171711
3312.25 9.26039 8.64784e-009 0.199532
3588.27 10.0574 9.37391e-009 0.227353
3864.29 10.8544 1.01019e-008 0.255175
4140.31 11.6513 1.08283e-008 0.282996
4416.33 12.4483 1.15542e-008 0.310817
4692.36 13.2453 1.22813e-008 0.338639
