276.021 0.161861 -2.17946e-010 -0.0282397
552.042 0.375357 -4.06167e-010 0.0148933
828.063 0.588853 -5.95221e-010 0.0580262
1104.08 0.802349 -7.83459e-010 0.101159
1380.1 1.01584 -9.71401e-010 0.144292
1656.13 1.22934 -1.15969e-009 0.187425
1932.15 1.44284 -1.34903e-009 0.230558
2208.17 1.65633 -1.53629e-009 0.273691
2484.19 1.86983 -1.72403e-009 0.316824
2760.21 2.08332 -1.91449e-009 0.359957
3036.23 2.29682 -2.1012e-009 0.40309
3312.25 2.51032 -2.2889e-009 0.446223
3588.27 2.72381 -2.47815e-009 0.489356
3864.29 2.93731 -2.666e-009 0.532488
4140.31 3.1508 -2.855e-009 0.575621
4416.33 3.3643 -3.04436e-009 0.618754
4692.36 3.5778 -3.23257e-009 0.661887
