168.076 -9.60682e-012 1 -0.0746207
336.153 -9.37736e-012 2 0.0149508
504.229 -1.01374e-011 3 0.104522
672.306 -9.91157e-012 4 0.194094
840.382 -9.96908e-012 5 0.283665
1008.46 -9.1879e-012 6 0.373237
1176.53 -9.49626e-012 7 0.462808
1344.61 -9.8487e-012 8 0.55238
1512.69 -9.3967e-012 9 0.641951
1680.76 -9.51216e-012 10 0.731523
1848.84 -9.8696e-012 11 0.821094
2016.92 -9.58586e-012 12 0.910666
2184.99 -9.84126e-012 13 1.00024
2353.07 -9.73605e-012 14 1.08981
2521.15 -9.8389e-012 15 1.17938
2689.22 -9.50817e-012 16 1.26895
2857.3 -9.58198e-012 17 1.35852
