276.021 0.279523 2.12055e-010 -0.14493
552.042 0.681883 3.55116e-010 -0.141382
828.063 1.08424 5.001e-010 -0.137835
1104.08 1.4866 6.43055e-010 -0.134288
1380.1 1.88896 7.85365e-010 -0.130741
1656.13 2.29132 9.2865e-010 -0.127194
1932.15 2.69368 1.07402e-009 -0.123647
2208.17 3.09604 1.21483e-009 -0.1201
2484.19 3.4984 1.35691e-009 -0.116553
2760.21 3.90076 1.50444e-009 -0.113006
3036.23 4.30312 1.64509e-009 -0.109459
3312.25 4.70548 1.78643e-009 -0.105912
3588.27 5.10784 1.93193e-009 -0.102364
3864.29 5.5102 2.07399e-009 -0.0988173
4140.31 5.91256 2.21857e-009 -0.0952702
4416.33 6.31492 2.36404e-009 -0.0917231
4692.36 6.71728 2.50751e-009 -0.0881761
