276.021 0.315151 5.95758e-012 -0.105148
552.042 0.764466 5.97464e-012 -0.134977
828.063 1.21378 6.07496e-012 -0.164806
1104.08 1.6631 6.01151e-012 -0.194635
1380.1 2.11241 5.89119e-012 -0.224464
1656.13 2.56173 5.9619e-012 -0.254293
1932.15 3.01104 6.09722e-012 -0.284122
2208.17 3.46036 5.92229e-012 -0.313951
2484.19 3.90967 5.89019e-012 -0.343779
2760.21 4.35899 5.98763e-012 -0.373608
3036.23 4.8083 6.00238e-012 -0.403437
3312.25 5.25762 5.77668e-012 -0.433266
3588.27 5.70693 6.0092e-012 -0.463095
3864.29 6.15625 5.95448e-012 -0.492924
4140.31 6.60556 5.85902e-012 -0.522753
4416.33 7.05488 5.93478e-012 -0.552582
4692.36 7.50419 6.04993e-012 -0.582411
