168.076 -1.14434e-013 0.237928 -0.104467
336.153 -1.0386e-013 0.475855 -0.104467
504.229 -1.13728e-013 0.713783 -0.104467
672.306 -1.17211e-013 0.95171 -0.104467
840.382 -1.18524e-013 1.18964 -0.104467
1008.46 -1.02269e-013 1.42757 -0.104467
1176.53 -1.12328e-013 1.66549 -0.104467
1344.61 -1.18809e-013 1.90342 -0.104467
1512.69 -1.06656e-013 2.14135 -0.104467
1680.76 -1.04852e-013 2.37928 -0.104467
1848.84 -1.20779e-013 2.6172 -0.104467
2016.92 -1.17922e-013 2.85513 -0.104467
2184.99 -1.17245e-013 3.09306 -0.104467
2353.07 -1.12477e-013 3.33099 -0.104467
2521.15 -1.17159e-013 3.56891 -0.104467
2689.22 -1.08655e-013 3.80684 -0.104467
2857.3 -1.18063e-013 4.04477 -0.104467
