168.076 -5.10129e-012 0.234599 -0.0378873
336.153 -5.26361e-012 0.469197 0.0286925
504.229 -5.2909e-012 0.703796 0.0952722
672.306 -5.28954e-012 0.938394 0.161852
840.382 -5.43826e-012 1.17299 0.228432
1008.46 -4.91617e-012 1.40759 0.295011
1176.53 -5.18173e-012 1.64219 0.361591
1344.61 -5.25332e-012 1.87679 0.428171
1512.69 -4.99191e-012 2.11139 0.49475
1680.76 -5.03039e-012 2.34599 0.56133
1848.84 -5.41763e-012 2.58058 0.62791
2016.92 -5.36353e-012 2.81518 0.69449
2184.99 -5.56445e-012 3.04978 0.761069
2353.07 -5.45391e-012 3.28438 0.827649
2521.15 -5.26871e-012 3.51898 0.894229
2689.22 -5.04921e-012 3.75358 0.960808
2857.3 -5.23711e-012 3.98818 1.02739
