168.076 1.42534e-012 0.0120727 -0.0575203
336.153 1.4747e-012 0.0241453 -0.0811154
504.229 1.48594e-012 0.036218 -0.10471
672.306 1.485e-012 0.0482906 -0.128306
840.382 1.52035e-012 0.0603633 -0.151901
1008.46 1.37747e-012 0.0724359 -0.175496
1176.53 1.44914e-012 0.0845086 -0.199091
1344.61 1.47026e-012 0.0965812 -0.222686
1512.69 1.39125e-012 0.108654 -0.246281
1680.76 1.40951e-012 0.120727 -0.269876
1848.84 1.51499e-012 0.132799 -0.293471
2016.92 1.49851e-012 0.144872 -0.317066
2184.99 1.5582e-012 0.156945 -0.340661
2353.07 1.52462e-012 0.169017 -0.364256
2521.15 1.46897e-012 0.18109 -0.387851
2689.22 1.41126e-012 0.193162 -0.411446
2857.3 1.46052e-012 0.205235 -0.435041
