276.021 0.297246 -1.05072e-009 -0.0626285
552.042 0.716442 -2.02406e-009 -0.0209294
828.063 1.13564 -2.99875e-009 0.0207696
1104.08 1.55483 -3.97226e-009 0.0624687
1380.1 1.97403 -4.94521e-009 0.104168
1656.13 2.39322 -5.91875e-009 0.145867
1932.15 2.81242 -6.8939e-009 0.187566
2208.17 3.23161 -7.8659e-009 0.229265
2484.19 3.65081 -8.83862e-009 0.270964
2760.21 4.07 -9.81552e-009 0.312663
3036.23 4.4892 -1.07865e-008 0.354362
3312.25 4.90839 -1.17592e-008 0.396061
3588.27 5.32759 -1.27342e-008 0.43776
3864.29 5.74679 -1.37071e-008 0.479459
4140.31 6.16598 -1.46817e-008 0.521158
4416.33 6.58518 -1.56568e-008 0.562857
4692.36 7.00437 -1.66302e-008 0.604556
