276.021 0.524874 -1.13679e-009 -0.115878
552.042 1.40065 -2.20319e-009 -0.0926955
828.063 2.27642 -3.27183e-009 -0.069513
1104.08 3.1522 -4.33907e-009 -0.0463305
1380.1 4.02798 -5.40556e-009 -0.023148
1656.13 4.90375 -6.47347e-009 3.44553e-005
1932.15 5.77953 -7.54055e-009 0.0232169
2208.17 6.6553 -8.60807e-009 0.0463994
2484.19 7.53108 -9.67448e-009 0.0695819
2760.21 8.40685 -1.07434e-008 0.0927644
3036.23 9.28263 -1.18103e-008 0.115947
3312.25 10.1584 -1.28763e-008 0.139129
3588.27 11.0342 -1.39447e-008 0.162312
3864.29 11.91 -1.50114e-008 0.185494
4140.31 12.7857 -1.60799e-008 0.208677
4416.33 13.6615 -1.71486e-008 0.231859
4692.36 14.5373 -1.82161e-008 0.255042
