168.076 -1.85197e-013 1 -0.164192
336.153 -1.70217e-013 2 -0.164192
504.229 -1.97088e-013 3 -0.164192
672.306 -1.95019e-013 4 -0.164192
840.382 -1.87443e-013 5 -0.164192
1008.46 -1.73582e-013 6 -0.164192
1176.53 -1.83766e-013 7 -0.164192
1344.61 -1.89238e-013 8 -0.164192
1512.69 -1.84639e-013 9 -0.164192
1680.76 -1.76339e-013 10 -0.164192
1848.84 -1.97397e-013 11 -0.164192
2016.92 -1.94077e-013 12 -0.164192
2184.99 -2.10628e-013 13 -0.164192
2353.07 -1.91983e-013 14 -0.164192
2521.15 -1.90864e-013 15 -0.164192
2689.22 -1.84662e-013 16 -0.164192
2857.3 -1.9777e-013 17 -0.164192
