276.021 0.315151 -6.11018e-010 -0.0626285
552.042 0.764466 -1.16922e-009 -0.0209294
828.063 1.21378 -1.72876e-009 0.0207696
1104.08 1.6631 -2.28714e-009 0.0624687
1380.1 2.11241 -2.84495e-009 0.104168
1656.13 2.56173 -3.40335e-009 0.145867
1932.15 3.01104 -3.96335e-009 0.187566
2208.17 3.46036 -4.52023e-009 0.229265
2484.19 3.90967 -5.07781e-009 0.270964
2760.21 4.35899 -5.63955e-009 0.312663
3036.23 4.8083 -6.19535e-009 0.354362
3312.25 5.25762 -6.75301e-009 0.396061
3588.27 5.70693 -7.31282e-009 0.43776
3864.29 6.15625 -7.87055e-009 0.479459
4140.31 6.60556 -8.43007e-009 0.521158
4416.33 7.05488 -8.99004e-009 0.562857
4692.36 7.50419 -9.54823e-009 0.604556
