276.021 0.21968 -2.79093e-010 -0.131143
552.042 0.528391 -6.40787e-010 -0.134862
828.063 0.837101 -1.00097e-009 -0.138582
1104.08 1.14581 -1.3628e-009 -0.142301
1380.1 1.45452 -1.72511e-009 -0.146021
1656.13 1.76323 -2.08665e-009 -0.14974
1932.15 2.07194 -2.44652e-009 -0.15346
2208.17 2.38065 -2.81005e-009 -0.157179
2484.19 2.68936 -3.17257e-009 -0.160899
2760.21 2.99807 -3.53069e-009 -0.164618
3036.23 3.30678 -3.89436e-009 -0.168338
3312.25 3.61549 -4.25748e-009 -0.172057
3588.27 3.9242 -4.61723e-009 -0.175777
3864.29 4.23291 -4.97979e-009 -0.179496
4140.31 4.54162 -5.34027e-009 -0.183216
4416.33 4.85033 -5.70003e-009 -0.186935
4692.36 5.15904 -6.06142e-009 -0.190655
