168.076 -9.61131e-012 1 -0.0746207
336.153 -9.38208e-012 2 0.0149508
504.229 -1.01477e-011 3 0.104522
672.306 -9.92041e-012 4 0.194094
840.382 -9.972e-012 5 0.283665
1008.46 -9.189e-012 6 0.373237
1176.53 -9.49978e-012 7 0.462808
1344.61 -9.85193e-012 8 0.55238
1512.69 -9.40162e-012 9 0.641951
1680.76 -9.5143e-012 10 0.731523
1848.84 -9.87156e-012 11 0.821094
2016.92 -9.59103e-012 12 0.910666
2184.99 -9.84606e-012 13 1.00024
2353.07 -9.73698e-012 14 1.08981
2521.15 -9.84389e-012 15 1.17938
2689.22 -9.50502e-012 16 1.26895
2857.3 -9.58803e-012 17 1.35852
