168.076 -1.87991e-013 1 -0.164192
336.153 -1.74038e-013 2 -0.164192
504.229 -1.97704e-013 3 -0.164192
672.306 -1.95328e-013 4 -0.164192
840.382 -1.87897e-013 5 -0.164192
1008.46 -1.7792e-013 6 -0.164192
1176.53 -1.86308e-013 7 -0.164192
1344.61 -1.93853e-013 8 -0.164192
1512.69 -1.85579e-013 9 -0.164192
1680.76 -1.79031e-013 10 -0.164192
1848.84 -2.02416e-013 11 -0.164192
2016.92 -1.97548e-013 12 -0.164192
2184.99 -2.09988e-013 13 -0.164192
2353.07 -1.96327e-013 14 -0.164192
2521.15 -1.93582e-013 15 -0.164192
2689.22 -1.85997e-013 16 -0.164192
2857.3 -1.99219e-013 17 -0.164192
