276.021 0.146314 1.78018e-010 -0.112132
552.042 0.346134 3.10188e-010 -0.121602
828.063 0.545955 4.43465e-010 -0.131072
1104.08 0.745775 5.75527e-010 -0.140543
1380.1 0.945595 7.07258e-010 -0.150013
1656.13 1.14542 8.395e-010 -0.159483
1932.15 1.34524 9.73036e-010 -0.168954
2208.17 1.54506 1.10382e-009 -0.178424
2484.19 1.74488 1.23534e-009 -0.187894
2760.21 1.9447 1.37019e-009 -0.197365
3036.23 2.14452 1.50085e-009 -0.206835
3312.25 2.34434 1.63195e-009 -0.216305
3588.27 2.54416 1.76553e-009 -0.225775
3864.29 2.74398 1.89708e-009 -0.235246
4140.31 2.9438 2.03013e-009 -0.244716
4416.33 3.14362 2.16375e-009 -0.254186
4692.36 3.34344 2.2961e-009 -0.263657
