276.021 0.383702 8.51776e-012 -0.117078
552.042 0.952924 8.53991e-012 -0.149883
828.063 1.52215 8.6808e-012 -0.182688
1104.08 2.09137 8.59279e-012 -0.215493
1380.1 2.66059 8.42926e-012 -0.248298
1656.13 3.22981 8.52201e-012 -0.281103
1932.15 3.79904 8.70884e-012 -0.313908
2208.17 4.36826 8.46218e-012 -0.346713
2484.19 4.93748 8.41372e-012 -0.379518
2760.21 5.5067 8.55884e-012 -0.412323
3036.23 6.07593 8.57671e-012 -0.445127
3312.25 6.64515 8.25968e-012 -0.477932
3588.27 7.21437 8.58033e-012 -0.510737
3864.29 7.78359 8.49925e-012 -0.543542
4140.31 8.35282 8.37788e-012 -0.576347
4416.33 8.92204 8.48873e-012 -0.609152
4692.36 9.49126 8.64673e-012 -0.641957
