276.021 0.0748683 -4.12087e-010 -0.0123432
552.042 0.168835 -7.72935e-010 0.026419
828.063 0.262802 -1.13434e-009 0.0651811
1104.08 0.356769 -1.49517e-009 0.103943
1380.1 0.450737 -1.85579e-009 0.142706
1656.13 0.544704 -2.21668e-009 0.181468
1932.15 0.638671 -2.57827e-009 0.22023
2208.17 0.732638 -2.93844e-009 0.258992
2484.19 0.826605 -3.29894e-009 0.297754
2760.21 0.920572 -3.66129e-009 0.336517
3036.23 1.01454 -4.02107e-009 0.375279
3312.25 1.10851 -4.38155e-009 0.414041
3588.27 1.20247 -4.74309e-009 0.452803
3864.29 1.29644 -5.10368e-009 0.491565
4140.31 1.39041 -5.46501e-009 0.530327
4416.33 1.48437 -5.82662e-009 0.56909
4692.36 1.57834 -6.18745e-009 0.607852
