276.021 0.297182 3.62308e-011 -0.102993
552.042 0.72945 3.6211e-011 -0.0284208
828.063 1.16172 3.67223e-011 0.0461515
1104.08 1.59399 3.64926e-011 0.120724
1380.1 2.02625 3.62342e-011 0.195296
1656.13 2.45852 3.61881e-011 0.269869
1932.15 2.89079 3.65975e-011 0.344441
2208.17 3.32306 3.57983e-011 0.419013
2484.19 3.75532 3.54503e-011 0.493586
2760.21 4.18759 3.63178e-011 0.568158
3036.23 4.61986 3.6299e-011 0.64273
3312.25 5.05213 3.52968e-011 0.717303
3588.27 5.48439 3.59378e-011 0.791875
3864.29 5.91666 3.54172e-011 0.866447
4140.31 6.34893 3.57301e-011 0.94102
4416.33 6.7812 3.63249e-011 1.01559
4692.36 7.21347 3.66566e-011 1.09016
