168.076 -2.70868e-012 0.0687896 -0.0195493
336.153 -2.79318e-012 0.137579 0.0213539
504.229 -2.8167e-012 0.206369 0.0622571
672.306 -2.8178e-012 0.275158 0.10316
840.382 -2.88977e-012 0.343948 0.144063
1008.46 -2.61206e-012 0.412737 0.184967
1176.53 -2.75488e-012 0.481527 0.22587
1344.61 -2.79067e-012 0.550316 0.266773
1512.69 -2.64781e-012 0.619106 0.307676
1680.76 -2.67548e-012 0.687896 0.348579
1848.84 -2.87893e-012 0.756685 0.389482
2016.92 -2.84871e-012 0.825475 0.430386
2184.99 -2.95401e-012 0.894264 0.471289
2353.07 -2.89443e-012 0.963054 0.512192
2521.15 -2.7961e-012 1.03184 0.553095
2689.22 -2.68339e-012 1.10063 0.593998
2857.3 -2.78221e-012 1.16942 0.634901
