168.076 1.41994e-012 0.0200092 -0.0575203
336.153 1.46987e-012 0.0400184 -0.0811154
504.229 1.48072e-012 0.0600275 -0.10471
672.306 1.47951e-012 0.0800367 -0.128306
840.382 1.51508e-012 0.100046 -0.151901
1008.46 1.37284e-012 0.120055 -0.175496
1176.53 1.44394e-012 0.140064 -0.199091
1344.61 1.46498e-012 0.160073 -0.222686
1512.69 1.38604e-012 0.180083 -0.246281
1680.76 1.40453e-012 0.200092 -0.269876
1848.84 1.50977e-012 0.220101 -0.293471
2016.92 1.49266e-012 0.24011 -0.317066
2184.99 1.5529e-012 0.260119 -0.340661
2353.07 1.5196e-012 0.280128 -0.364256
2521.15 1.46336e-012 0.300138 -0.387851
2689.22 1.40603e-012 0.320147 -0.411446
2857.3 1.45516e-012 0.340156 -0.435041
