276.021 0.383702 6.21154e-010 -0.0789652
552.042 0.952924 1.30446e-009 -0.040996
828.063 1.52215 1.98625e-009 -0.00302682
1104.08 2.09137 2.66931e-009 0.0349424
1380.1 2.66059 3.35309e-009 0.0729116
1656.13 3.22981 4.03622e-009 0.110881
1932.15 3.79904 4.71743e-009 0.14885
2208.17 4.36826 5.40227e-009 0.186819
2484.19 4.93748 6.08629e-009 0.224788
2760.21 5.5067 6.76548e-009 0.262757
3036.23 6.07593 7.4517e-009 0.300727
3312.25 6.64515 8.13557e-009 0.338696
3588.27 7.21437 8.81707e-009 0.376665
3864.29 7.78359 9.50089e-009 0.414634
4140.31 8.35282 1.01827e-008 0.452603
4416.33 8.92204 1.08639e-008 0.490573
4692.36 9.49126 1.15473e-008 0.528542
