276.021 0.222067 4.91392e-010 -0.131143
552.042 0.534512 9.09184e-010 -0.134862
828.063 0.846956 1.32849e-009 -0.138582
1104.08 1.1594 1.74614e-009 -0.142301
1380.1 1.47184 2.16332e-009 -0.146021
1656.13 1.78429 2.58126e-009 -0.14974
1932.15 2.09673 3.00089e-009 -0.15346
2208.17 2.40918 3.41683e-009 -0.157179
2484.19 2.72162 3.83379e-009 -0.160899
2760.21 3.03407 4.25517e-009 -0.164618
3036.23 3.34651 4.67098e-009 -0.168338
3312.25 3.65895 5.08734e-009 -0.172057
3588.27 3.9714 5.50709e-009 -0.175777
3864.29 4.28384 5.92401e-009 -0.179496
4140.31 4.59629 6.34301e-009 -0.183216
4416.33 4.90873 6.76274e-009 -0.186935
4692.36 5.22118 7.18084e-009 -0.190655
