276.021 0.482463 -1.05908e-009 -0.106503
552.042 1.25242 -2.05087e-009 -0.0786813
828.063 2.02238 -3.0455e-009 -0.05086
1104.08 2.79233 -4.03784e-009 -0.0230387
1380.1 3.56229 -5.02903e-009 0.00478264
1656.13 4.33225 -6.02189e-009 0.032604
1932.15 5.1022 -7.01616e-009 0.0604253
2208.17 5.87216 -8.0073e-009 0.0882466
2484.19 6.64212 -8.99936e-009 0.116068
2760.21 7.41207 -9.99492e-009 0.143889
3036.23 8.18203 -1.09857e-008 0.171711
3312.25 8.95199 -1.1977e-008 0.199532
3588.27 9.72194 -1.2971e-008 0.227353
3864.29 10.4919 -1.39631e-008 0.255175
4140.31 11.2619 -1.49567e-008 0.282996
4416.33 12.0318 -1.59509e-008 0.310817
4692.36 12.8018 -1.69439e-008 0.338639
