168.076 4.8734e-012 0.237928 -0.171047
336.153 5.05677e-012 0.475855 -0.237626
504.229 5.06442e-012 0.713783 -0.304206
672.306 5.05613e-012 0.95171 -0.370786
840.382 5.20222e-012 1.18964 -0.437366
1008.46 4.7125e-012 1.42757 -0.503945
1176.53 4.95803e-012 1.66549 -0.570525
1344.61 5.01672e-012 1.90342 -0.637105
1512.69 4.77953e-012 2.14135 -0.703684
1680.76 4.82157e-012 2.37928 -0.770264
1848.84 5.17712e-012 2.6172 -0.836844
2016.92 5.12869e-012 2.85513 -0.903423
2184.99 5.33099e-012 3.09306 -0.970003
2353.07 5.22993e-012 3.33099 -1.03658
2521.15 5.0354e-012 3.56891 -1.10316
2689.22 4.83283e-012 3.80684 -1.16974
2857.3 5.00201e-012 4.04477 -1.23632
