168.076 -1.45432e-012 0.0211889 -0.0103302
336.153 -1.50106e-012 0.0423779 0.0132649
504.229 -1.51453e-012 0.0635668 0.03686
672.306 -1.51407e-012 0.0847557 0.060455
840.382 -1.55081e-012 0.105945 0.0840501
1008.46 -1.40342e-012 0.127134 0.107645
1176.53 -1.47791e-012 0.148323 0.13124
1344.61 -1.50037e-012 0.169511 0.154835
1512.69 -1.41822e-012 0.1907 0.17843
1680.76 -1.43606e-012 0.211889 0.202025
1848.84 -1.54558e-012 0.233078 0.22562
2016.92 -1.52827e-012 0.254267 0.249216
2184.99 -1.58738e-012 0.275456 0.272811
2353.07 -1.55313e-012 0.296645 0.296406
2521.15 -1.49847e-012 0.317834 0.320001
2689.22 -1.43867e-012 0.339023 0.343596
2857.3 -1.49033e-012 0.360212 0.367191
