168.076 -1.44855e-012 0.0120727 -0.0103302
336.153 -1.49581e-012 0.0241453 0.0132649
504.229 -1.50881e-012 0.036218 0.03686
672.306 -1.50824e-012 0.0482906 0.060455
840.382 -1.5448e-012 0.0603633 0.0840501
1008.46 -1.39825e-012 0.0724359 0.107645
1176.53 -1.4722e-012 0.0845086 0.13124
1344.61 -1.49439e-012 0.0965812 0.154835
1512.69 -1.41285e-012 0.108654 0.17843
1680.76 -1.43076e-012 0.120727 0.202025
1848.84 -1.5395e-012 0.132799 0.22562
2016.92 -1.52231e-012 0.144872 0.249216
2184.99 -1.58155e-012 0.156945 0.272811
2353.07 -1.54748e-012 0.169017 0.296406
2521.15 -1.49261e-012 0.18109 0.320001
2689.22 -1.4332e-012 0.193162 0.343596
2857.3 -1.48442e-012 0.205235 0.367191
