168.076 -1.86142e-013 0.863345 -0.161771
336.153 -1.67979e-013 1.72669 -0.161771
504.229 -1.8788e-013 2.59004 -0.161771
672.306 -1.90239e-013 3.45338 -0.161771
840.382 -1.88624e-013 4.31673 -0.161771
1008.46 -1.68418e-013 5.18007 -0.161771
1176.53 -1.82882e-013 6.04342 -0.161771
1344.61 -1.92203e-013 6.90676 -0.161771
1512.69 -1.78168e-013 7.77011 -0.161771
1680.76 -1.7214e-013 8.63345 -0.161771
1848.84 -1.98245e-013 9.4968 -0.161771
2016.92 -1.93149e-013 10.3601 -0.161771
2184.99 -2.02121e-013 11.2235 -0.161771
2353.07 -1.88408e-013 12.0868 -0.161771
2521.15 -1.90519e-013 12.9502 -0.161771
2689.22 -1.79488e-013 13.8135 -0.161771
2857.3 -1.9456e-013 14.6769 -0.161771
