276.021 0.0770767 8.16868e-012 -0.0501899
552.042 0.179701 8.16522e-012 -0.0122639
828.063 0.282325 8.27956e-012 0.0256622
1104.08 0.384949 8.22779e-012 0.0635883
1380.1 0.487573 8.17248e-012 0.101514
1656.13 0.590197 8.15948e-012 0.13944
1932.15 0.692821 8.25193e-012 0.177366
2208.17 0.795445 8.07099e-012 0.215293
2484.19 0.898069 7.99244e-012 0.253219
2760.21 1.00069 8.18974e-012 0.291145
3036.23 1.10332 8.18435e-012 0.329071
3312.25 1.20594 7.96003e-012 0.366997
3588.27 1.30857 8.10172e-012 0.404923
3864.29 1.41119 7.98279e-012 0.442849
4140.31 1.51381 8.05677e-012 0.480775
4416.33 1.61644 8.19187e-012 0.518701
4692.36 1.71906 8.26498e-012 0.556627
