276.021 0.514232 7.61281e-010 -0.163376
552.042 1.38024 1.40846e-009 -0.130569
828.063 2.24624 2.05926e-009 -0.0977626
1104.08 3.11224 2.70667e-009 -0.0649561
1380.1 3.97825 3.35309e-009 -0.0321496
1656.13 4.84425 4.0019e-009 0.000656876
1932.15 5.71026 4.65098e-009 0.0334634
2208.17 6.57626 5.29718e-009 0.0662699
2484.19 7.44226 5.94356e-009 0.0990764
2760.21 8.30827 6.59544e-009 0.131883
3036.23 9.17427 7.2431e-009 0.164689
3312.25 10.0403 7.88718e-009 0.197496
3588.27 10.9063 8.53831e-009 0.230302
3864.29 11.7723 9.18464e-009 0.263109
4140.31 12.6383 9.8344e-009 0.295915
4416.33 13.5043 1.04853e-008 0.328722
4692.36 14.3703 1.11347e-008 0.361528
