276.021 0.481184 8.50754e-010 -0.163607
552.042 1.26666 1.57699e-009 -0.137462
828.063 2.05213 2.30728e-009 -0.111317
1104.08 2.83761 3.03353e-009 -0.0851718
1380.1 3.62309 3.75841e-009 -0.0590266
1656.13 4.40856 4.48581e-009 -0.0328814
1932.15 5.19404 5.21561e-009 -0.00673613
2208.17 5.97951 5.93933e-009 0.0194091
2484.19 6.76499 6.66512e-009 0.0455543
2760.21 7.55046 7.39702e-009 0.0716995
3036.23 8.33594 8.12228e-009 0.0978448
3312.25 9.12141 8.84562e-009 0.12399
3588.27 9.90689 9.57584e-009 0.150135
3864.29 10.6924 1.03013e-008 0.17628
4140.31 11.4778 1.10298e-008 0.202426
4416.33 12.2633 1.17597e-008 0.228571
4692.36 13.0488 1.24881e-008 0.254716
