168.076 -1.45358e-012 0.0200092 -0.0103302
336.153 -1.50038e-012 0.0400184 0.0132649
504.229 -1.51379e-012 0.0600275 0.03686
672.306 -1.51331e-012 0.0800367 0.060455
840.382 -1.55003e-012 0.100046 0.0840501
1008.46 -1.40275e-012 0.120055 0.107645
1176.53 -1.47717e-012 0.140064 0.13124
1344.61 -1.49959e-012 0.160073 0.154835
1512.69 -1.41753e-012 0.180083 0.17843
1680.76 -1.43537e-012 0.200092 0.202025
1848.84 -1.54479e-012 0.220101 0.22562
2016.92 -1.5275e-012 0.24011 0.249216
2184.99 -1.58663e-012 0.260119 0.272811
2353.07 -1.5524e-012 0.280128 0.296406
2521.15 -1.49772e-012 0.300138 0.320001
2689.22 -1.43796e-012 0.320147 0.343596
2857.3 -1.48956e-012 0.340156 0.367191
