276.021 0.297182 -4.60041e-010 -0.14493
552.042 0.72945 -1.019e-009 -0.141382
828.063 1.16172 -1.576e-009 -0.137835
1104.08 1.59399 -2.13508e-009 -0.134288
1380.1 2.02625 -2.69482e-009 -0.130741
1656.13 2.45852 -3.25355e-009 -0.127194
1932.15 2.89079 -3.81017e-009 -0.123647
2208.17 3.32306 -4.37144e-009 -0.1201
2484.19 3.75532 -4.93141e-009 -0.116553
2760.21 4.18759 -5.48584e-009 -0.113006
3036.23 4.61986 -6.04721e-009 -0.109459
3312.25 5.05213 -6.60797e-009 -0.105912
3588.27 5.48439 -7.16443e-009 -0.102364
3864.29 5.91666 -7.72444e-009 -0.0988173
4140.31 6.34893 -8.28186e-009 -0.0952702
4416.33 6.7812 -8.83837e-009 -0.0917232
4692.36 7.21347 -9.39689e-009 -0.0881761
