168.076 -5.10344e-012 0.237928 -0.0378873
336.153 -5.26731e-012 0.475855 0.0286925
504.229 -5.2942e-012 0.713783 0.0952722
672.306 -5.28976e-012 0.95171 0.161852
840.382 -5.44301e-012 1.18964 0.228432
1008.46 -4.91823e-012 1.42757 0.295011
1176.53 -5.18879e-012 1.66549 0.361591
1344.61 -5.25436e-012 1.90342 0.428171
1512.69 -4.9958e-012 2.14135 0.49475
1680.76 -5.03454e-012 2.37928 0.56133
1848.84 -5.42361e-012 2.6172 0.62791
2016.92 -5.36737e-012 2.85513 0.69449
2184.99 -5.56733e-012 3.09306 0.761069
2353.07 -5.45834e-012 3.33099 0.827649
2521.15 -5.26854e-012 3.56891 0.894229
2689.22 -5.05341e-012 3.80684 0.960808
2857.3 -5.23872e-012 4.04477 1.02739
