276.021 0.427186 8.36643e-010 -0.160699
552.042 1.09571 1.54765e-009 -0.141769
828.063 1.76423 2.26131e-009 -0.122839
1104.08 2.43276 2.97215e-009 -0.103909
1380.1 3.10128 3.68193e-009 -0.084979
1656.13 3.7698 4.39319e-009 -0.066049
1932.15 4.43833 5.10743e-009 -0.0471191
2208.17 5.10685 5.81519e-009 -0.0281891
2484.19 5.77538 6.52482e-009 -0.00925921
2760.21 6.4439 7.24194e-009 0.00967072
3036.23 7.11242 7.94962e-009 0.0286007
3312.25 7.78095 8.65809e-009 0.0475306
3588.27 8.44947 9.37251e-009 0.0664605
3864.29 9.11799 1.0082e-008 0.0853905
4140.31 9.78652 1.07951e-008 0.10432
4416.33 10.455 1.15094e-008 0.12325
4692.36 11.1236 1.2221e-008 0.14218
