168.076 3.86147e-012 0.141829 -0.13915
336.153 3.99485e-012 0.283658 -0.194334
504.229 4.01604e-012 0.425487 -0.249518
672.306 4.00578e-012 0.567316 -0.304701
840.382 4.12594e-012 0.709145 -0.359885
1008.46 3.72712e-012 0.850974 -0.415069
1176.53 3.93031e-012 0.992803 -0.470253
1344.61 3.98483e-012 1.13463 -0.525437
1512.69 3.78488e-012 1.27646 -0.58062
1680.76 3.81588e-012 1.41829 -0.635804
1848.84 4.09863e-012 1.56012 -0.690988
2016.92 4.05938e-012 1.70195 -0.746172
2184.99 4.22252e-012 1.84378 -0.801355
2353.07 4.13934e-012 1.98561 -0.856539
2521.15 3.99111e-012 2.12744 -0.911723
2689.22 3.82701e-012 2.26926 -0.966907
2857.3 3.96466e-012 2.41109 -1.02209
