276.021 0.222067 2.57442e-011 -0.0873398
552.042 0.534512 2.57316e-011 -0.022536
828.063 0.846956 2.60935e-011 0.0422677
1104.08 1.1594 2.59304e-011 0.107071
1380.1 1.47184 2.57502e-011 0.171875
1656.13 1.78429 2.57147e-011 0.236679
1932.15 2.09673 2.60056e-011 0.301483
2208.17 2.40918 2.54365e-011 0.366286
2484.19 2.72162 2.51891e-011 0.43109
2760.21 3.03407 2.58077e-011 0.495894
3036.23 3.34651 2.57929e-011 0.560698
3312.25 3.65895 2.50827e-011 0.625501
3588.27 3.9714 2.55352e-011 0.690305
3864.29 4.28384 2.51636e-011 0.755109
4140.31 4.59629 2.53896e-011 0.819913
4416.33 4.90873 2.5813e-011 0.884716
4692.36 5.22118 2.60473e-011 0.94952
