276.021 0.469828 -2.74178e-010 -0.163607
552.042 1.22804 -7.36935e-010 -0.137462
828.063 1.98625 -1.19567e-009 -0.111317
1104.08 2.74446 -1.6584e-009 -0.0851718
1380.1 3.50267 -2.12249e-009 -0.0590266
1656.13 4.26089 -2.58409e-009 -0.0328813
1932.15 5.0191 -3.0433e-009 -0.00673612
2208.17 5.77731 -3.50853e-009 0.0194091
2484.19 6.53552 -3.97171e-009 0.0455543
2760.21 7.29373 -4.42886e-009 0.0716996
3036.23 8.05194 -4.89259e-009 0.0978448
3312.25 8.81016 -5.35817e-009 0.12399
3588.27 9.56837 -5.81699e-009 0.150135
3864.29 10.3266 -6.28053e-009 0.17628
4140.31 11.0848 -6.74105e-009 0.202426
4416.33 11.843 -7.20016e-009 0.228571
4692.36 12.6012 -7.66079e-009 0.254716
