276.021 0.240682 -4.61177e-010 -0.0454476
552.042 0.570858 -8.78972e-010 -0.00176401
828.063 0.901033 -1.29784e-009 0.0419195
1104.08 1.23121 -1.7157e-009 0.0856031
1380.1 1.56138 -2.13315e-009 0.129287
1656.13 1.89156 -2.55107e-009 0.17297
1932.15 2.22174 -2.97031e-009 0.216654
2208.17 2.55191 -3.38696e-009 0.260337
2484.19 2.88209 -3.80419e-009 0.304021
2760.21 3.21226 -4.22487e-009 0.347704
3036.23 3.54244 -4.64069e-009 0.391388
3312.25 3.87261 -5.05792e-009 0.435071
3588.27 4.20279 -5.47705e-009 0.478755
3864.29 4.53296 -5.89438e-009 0.522439
4140.31 4.86314 -6.31322e-009 0.566122
4416.33 5.19332 -6.73247e-009 0.609806
4692.36 5.52349 -7.15026e-009 0.653489
