276.021 0.567031 2.17828e-011 -0.138981
552.042 1.56703 2.18257e-011 -0.176503
828.063 2.56703 2.21694e-011 -0.214026
1104.08 3.56703 2.19615e-011 -0.251549
1380.1 4.56703 2.16011e-011 -0.289072
1656.13 5.56703 2.17809e-011 -0.326595
1932.15 6.56703 2.22128e-011 -0.364118
2208.17 7.56703 2.16052e-011 -0.401641
2484.19 8.56703 2.14663e-011 -0.439164
2760.21 9.56703 2.18735e-011 -0.476687
3036.23 10.567 2.19021e-011 -0.51421
3312.25 11.567 2.11316e-011 -0.551733
3588.27 12.567 2.18687e-011 -0.589256
3864.29 13.567 2.16385e-011 -0.626779
4140.31 14.567 2.14346e-011 -0.664302
4416.33 15.567 2.17354e-011 -0.701825
4692.36 16.567 2.20945e-011 -0.739348
