168.076 6.64165e-012 0.435154 -0.218003
336.153 6.65565e-012 0.870307 -0.299577
504.229 6.97658e-012 1.30546 -0.381151
672.306 6.93475e-012 1.74061 -0.462726
840.382 6.96857e-012 2.17577 -0.5443
1008.46 6.39435e-012 2.61092 -0.625875
1176.53 6.4398e-012 3.04608 -0.707449
1344.61 6.78322e-012 3.48123 -0.789023
1512.69 6.6084e-012 3.91638 -0.870598
1680.76 6.43582e-012 4.35154 -0.952172
1848.84 6.9369e-012 4.78669 -1.03375
2016.92 6.82961e-012 5.22184 -1.11532
2184.99 7.19997e-012 5.657 -1.19689
2353.07 7.05865e-012 6.09215 -1.27847
2521.15 7.03892e-012 6.5273 -1.36004
2689.22 6.45568e-012 6.96246 -1.44162
2857.3 6.74604e-012 7.39761 -1.52319
