276.021 0.548162 -1.92797e-009 -0.1604
552.042 1.51367 -3.87872e-009 -0.121986
828.063 2.47918 -5.82707e-009 -0.0835726
1104.08 3.44469 -7.77859e-009 -0.0451588
1380.1 4.4102 -9.73025e-009 -0.00674495
1656.13 5.37571 -1.16812e-008 0.0316689
1932.15 6.34122 -1.36302e-008 0.0700827
2208.17 7.30673 -1.55841e-008 0.108497
2484.19 8.27224 -1.75364e-008 0.14691
2760.21 9.23775 -1.9483e-008 0.185324
3036.23 10.2033 -2.14337e-008 0.223738
3312.25 11.1688 -2.33886e-008 0.262152
3588.27 12.1343 -2.53367e-008 0.300566
3864.29 13.0998 -2.72897e-008 0.338979
4140.31 14.0653 -2.92385e-008 0.377393
4416.33 15.0308 -3.11864e-008 0.415807
4692.36 15.9963 -3.31357e-008 0.454221
