168.076 3.86865e-012 0.123267 -0.13915
336.153 4.00137e-012 0.246534 -0.194334
504.229 4.02321e-012 0.369802 -0.249518
672.306 4.01316e-012 0.493069 -0.304701
840.382 4.13333e-012 0.616336 -0.359885
1008.46 3.73353e-012 0.739603 -0.415069
1176.53 3.93735e-012 0.862871 -0.470253
1344.61 3.99231e-012 0.986138 -0.525437
1512.69 3.79158e-012 1.10941 -0.58062
1680.76 3.82244e-012 1.23267 -0.635804
1848.84 4.10619e-012 1.35594 -0.690988
2016.92 4.06678e-012 1.47921 -0.746172
2184.99 4.22993e-012 1.60247 -0.801355
2353.07 4.14641e-012 1.72574 -0.856539
2521.15 3.99849e-012 1.84901 -0.911723
2689.22 3.83383e-012 1.97228 -0.966907
2857.3 3.97208e-012 2.09554 -1.02209
