168.076 -8.02875e-012 0.594689 -0.062145
336.153 -7.60915e-012 1.18938 0.0235993
504.229 -7.99679e-012 1.78407 0.109344
672.306 -8.15842e-012 2.37876 0.195088
840.382 -7.95953e-012 2.97344 0.280832
1008.46 -7.35002e-012 3.56813 0.366576
1176.53 -7.55617e-012 4.16282 0.452321
1344.61 -7.78901e-012 4.75751 0.538065
1512.69 -7.53279e-012 5.3522 0.623809
1680.76 -7.56227e-012 5.94689 0.709554
1848.84 -7.96613e-012 6.54158 0.795298
2016.92 -7.9651e-012 7.13627 0.881042
2184.99 -8.30268e-012 7.73095 0.966786
2353.07 -8.02582e-012 8.32564 1.05253
2521.15 -8.14993e-012 8.92033 1.13828
2689.22 -7.54109e-012 9.51502 1.22402
2857.3 -7.72672e-012 10.1097 1.30976
