168.076 -6.03163e-012 0.317503 -0.0466635
336.153 -6.14269e-012 0.635005 0.0286274
504.229 -6.1806e-012 0.952508 0.103918
672.306 -6.34751e-012 1.27001 0.179209
840.382 -6.26602e-012 1.58751 0.2545
1008.46 -5.81367e-012 1.90502 0.329791
1176.53 -5.83685e-012 2.22252 0.405082
1344.61 -6.27152e-012 2.54002 0.480373
1512.69 -5.76551e-012 2.85752 0.555664
1680.76 -5.82483e-012 3.17503 0.630954
1848.84 -6.19857e-012 3.49253 0.706245
2016.92 -6.24195e-012 3.81003 0.781536
2184.99 -6.5297e-012 4.12753 0.856827
2353.07 -6.30684e-012 4.44504 0.932118
2521.15 -6.36868e-012 4.76254 1.00741
2689.22 -5.85227e-012 5.08004 1.0827
2857.3 -6.20972e-012 5.39754 1.15799
