168.076 -9.60357e-012 0.965393 -0.0746207
336.153 -9.37447e-012 1.93079 0.0149508
504.229 -1.0134e-011 2.89618 0.104522
672.306 -9.90824e-012 3.86157 0.194094
840.382 -9.96599e-012 4.82696 0.283665
1008.46 -9.18487e-012 5.79236 0.373237
1176.53 -9.49309e-012 6.75775 0.462808
1344.61 -9.84539e-012 7.72314 0.55238
1512.69 -9.39349e-012 8.68854 0.641951
1680.76 -9.50914e-012 9.65393 0.731523
1848.84 -9.86607e-012 10.6193 0.821094
2016.92 -9.58244e-012 11.5847 0.910666
2184.99 -9.83755e-012 12.5501 1.00024
2353.07 -9.73272e-012 13.5155 1.08981
2521.15 -9.83556e-012 14.4809 1.17938
2689.22 -9.50499e-012 15.4463 1.26895
2857.3 -9.57852e-012 16.4117 1.35852
