276.021 0.428974 5.76297e-011 -0.127902
552.042 1.10123 5.75899e-011 -0.0405479
828.063 1.77348 5.841e-011 0.0468061
1104.08 2.44573 5.80444e-011 0.13416
1380.1 3.11798 5.76139e-011 0.221514
1656.13 3.79024 5.75555e-011 0.308868
1932.15 4.46249 5.82058e-011 0.396222
2208.17 5.13474 5.69431e-011 0.483576
2484.19 5.80699 5.63899e-011 0.57093
2760.21 6.47925 5.77576e-011 0.658284
3036.23 7.1515 5.7737e-011 0.745638
3312.25 7.82375 5.61308e-011 0.832993
3588.27 8.496 5.71653e-011 0.920347
3864.29 9.16825 5.6345e-011 1.0077
4140.31 9.84051 5.68252e-011 1.09505
4416.33 10.5128 5.77694e-011 1.18241
4692.36 11.185 5.83041e-011 1.26976
