168.076 -6.96946e-012 0.462592 -0.0548541
336.153 -6.95138e-012 0.925185 0.0267203
504.229 -7.30268e-012 1.38778 0.108295
672.306 -7.27086e-012 1.85037 0.189869
840.382 -7.30575e-012 2.31296 0.271443
1008.46 -6.68613e-012 2.77555 0.353018
1176.53 -6.76176e-012 3.23815 0.434592
1344.61 -7.12413e-012 3.70074 0.516166
1512.69 -6.9166e-012 4.16333 0.597741
1680.76 -6.73514e-012 4.62592 0.679315
1848.84 -7.2844e-012 5.08852 0.760889
2016.92 -7.16689e-012 5.55111 0.842464
2184.99 -7.5392e-012 6.0137 0.924038
2353.07 -7.38154e-012 6.47629 1.00561
2521.15 -7.37454e-012 6.93888 1.08719
2689.22 -6.76665e-012 7.40148 1.16876
2857.3 -7.08549e-012 7.86407 1.25034
