276.021 0.145504 5.38337e-010 -0.0282397
552.042 0.335477 1.10398e-009 0.0148933
828.063 0.52545 1.6688e-009 0.0580262
1104.08 0.715423 2.23443e-009 0.101159
1380.1 0.905396 2.80037e-009 0.144292
1656.13 1.09537 3.36595e-009 0.187425
1932.15 1.28534 3.93047e-009 0.230558
2208.17 1.47532 4.49708e-009 0.273691
2484.19 1.66529 5.06322e-009 0.316824
2760.21 1.85526 5.62662e-009 0.359957
3036.23 2.04524 6.19378e-009 0.40309
3312.25 2.23521 6.75996e-009 0.446223
3588.27 2.42518 7.32457e-009 0.489356
3864.29 2.61516 7.89059e-009 0.532488
4140.31 2.80513 8.45548e-009 0.575621
4416.33 2.9951 9.01998e-009 0.618754
4692.36 3.18508 9.58564e-009 0.661887
