168.076 7.67233e-012 0.594689 -0.233634
336.153 7.28617e-012 1.18938 -0.319378
504.229 7.63834e-012 1.78407 -0.405122
672.306 7.78837e-012 2.37876 -0.490866
840.382 7.58258e-012 2.97344 -0.576611
1008.46 7.02743e-012 3.56813 -0.662355
1176.53 7.20183e-012 4.16282 -0.748099
1344.61 7.41045e-012 4.75751 -0.833844
1512.69 7.19235e-012 5.3522 -0.919588
1680.76 7.23249e-012 5.94689 -1.00533
1848.84 7.58396e-012 6.54158 -1.09108
2016.92 7.59649e-012 7.13627 -1.17682
2184.99 7.92823e-012 7.73095 -1.26257
2353.07 7.67151e-012 8.32564 -1.34831
2521.15 7.78216e-012 8.92033 -1.43405
2689.22 7.20074e-012 9.51502 -1.5198
2857.3 7.35219e-012 10.1097 -1.60554
