276.021 0.0751215 8.81863e-010 -0.0860696
552.042 0.175027 1.68299e-009 -0.098027
828.063 0.274933 2.4848e-009 -0.109984
1104.08 0.374839 3.28585e-009 -0.121942
1380.1 0.474744 4.08668e-009 -0.133899
1656.13 0.57465 4.88784e-009 -0.145857
1932.15 0.674556 5.68983e-009 -0.157814
2208.17 0.774461 6.49006e-009 -0.169771
2484.19 0.874367 7.29075e-009 -0.181729
2760.21 0.974273 8.0936e-009 -0.193686
3036.23 1.07418 8.89366e-009 -0.205644
3312.25 1.17408 9.69416e-009 -0.217601
3588.27 1.27399 1.04962e-008 -0.229558
3864.29 1.3739 1.12969e-008 -0.241516
4140.31 1.4738 1.20986e-008 -0.253473
4416.33 1.57371 1.29006e-008 -0.265431
4692.36 1.67361 1.37018e-008 -0.277388
