276.021 0.351103 3.98113e-010 -0.154584
552.042 0.874884 7.06506e-010 -0.143299
828.063 1.39866 1.01719e-009 -0.132013
1104.08 1.92245 1.32546e-009 -0.120727
1380.1 2.44623 1.63288e-009 -0.109442
1656.13 2.97001 1.94149e-009 -0.0981561
1932.15 3.49379 2.25267e-009 -0.0868705
2208.17 4.01757 2.5583e-009 -0.0755848
2484.19 4.54135 2.8655e-009 -0.0642992
2760.21 5.06513 3.17923e-009 -0.0530136
3036.23 5.58891 3.48471e-009 -0.0417279
3312.25 6.11269 3.79097e-009 -0.0304423
3588.27 6.63648 4.10229e-009 -0.0191566
3864.29 7.16026 4.40944e-009 -0.00787098
4140.31 7.68404 4.71965e-009 0.00341466
4416.33 8.20782 5.0309e-009 0.0147003
4692.36 8.7316 5.33979e-009 0.0259859
