276.021 0.443654 1.14668e-011 -0.126306
552.042 1.12965 1.14943e-011 -0.161248
828.063 1.81564 1.16806e-011 -0.19619
1104.08 2.50164 1.15656e-011 -0.231131
1380.1 3.18763 1.13556e-011 -0.266073
1656.13 3.87363 1.14704e-011 -0.301014
1932.15 4.55962 1.17141e-011 -0.335956
2208.17 5.24562 1.13859e-011 -0.370898
2484.19 5.93161 1.13177e-011 -0.405839
2760.21 6.6176 1.15199e-011 -0.440781
3036.23 7.3036 1.15401e-011 -0.475723
3312.25 7.98959 1.11202e-011 -0.510664
3588.27 8.67559 1.15378e-011 -0.545606
3864.29 9.36158 1.14252e-011 -0.580547
4140.31 10.0476 1.12799e-011 -0.615489
4416.33 10.7336 1.14323e-011 -0.650431
4692.36 11.4196 1.16368e-011 -0.685372
