168.076 -6.96606e-012 0.435154 -0.0548541
336.153 -6.94851e-012 0.870307 0.0267203
504.229 -7.2994e-012 1.30546 0.108295
672.306 -7.26751e-012 1.74061 0.189869
840.382 -7.30236e-012 2.17577 0.271443
1008.46 -6.68318e-012 2.61092 0.353018
1176.53 -6.75844e-012 3.04608 0.434592
1344.61 -7.12063e-012 3.48123 0.516166
1512.69 -6.91335e-012 3.91638 0.597741
1680.76 -6.73212e-012 4.35154 0.679315
1848.84 -7.28076e-012 4.78669 0.760889
2016.92 -7.16343e-012 5.22184 0.842464
2184.99 -7.53545e-012 5.657 0.924038
2353.07 -7.37815e-012 6.09215 1.00561
2521.15 -7.3711e-012 6.5273 1.08719
2689.22 -6.76342e-012 6.96246 1.16876
2857.3 -7.08197e-012 7.39761 1.25034
