168.076 -9.61185e-012 0.965393 -0.0746207
336.153 -9.38223e-012 1.93079 0.0149508
504.229 -1.01451e-011 2.89618 0.104522
672.306 -9.9192e-012 3.86157 0.194094
840.382 -9.9728e-012 4.82696 0.283665
1008.46 -9.18819e-012 5.79236 0.373237
1176.53 -9.49999e-012 6.75775 0.462808
1344.61 -9.85326e-012 7.72314 0.55238
1512.69 -9.4008e-012 8.68854 0.641951
1680.76 -9.51409e-012 9.65393 0.731523
1848.84 -9.87172e-012 10.6193 0.821094
2016.92 -9.59076e-012 11.5847 0.910666
2184.99 -9.84464e-012 12.5501 1.00024
2353.07 -9.73727e-012 13.5155 1.08981
2521.15 -9.844e-012 14.4809 1.17938
2689.22 -9.50382e-012 15.4463 1.26895
2857.3 -9.58717e-012 16.4117 1.35852
