276.021 0.294897 -4.03567e-010 -0.14493
552.042 0.723294 -9.08804e-010 -0.141382
828.063 1.15169 -1.41208e-009 -0.137835
1104.08 1.58009 -1.91744e-009 -0.134288
1380.1 2.00849 -2.42345e-009 -0.130741
1656.13 2.43688 -2.92846e-009 -0.127194
1932.15 2.86528 -3.43135e-009 -0.123647
2208.17 3.29368 -3.93889e-009 -0.1201
2484.19 3.72207 -4.44513e-009 -0.116553
2760.21 4.15047 -4.94585e-009 -0.113006
3036.23 4.57887 -5.4535e-009 -0.109459
3312.25 5.00727 -5.96052e-009 -0.105912
3588.27 5.43566 -6.46327e-009 -0.102364
3864.29 5.86406 -6.96955e-009 -0.0988173
4140.31 6.29246 -7.47325e-009 -0.0952702
4416.33 6.72086 -7.97603e-009 -0.0917232
4692.36 7.14925 -8.48083e-009 -0.0881761
