276.021 0.0320064 2.62029e-013 -0.0293514
552.042 0.0711539 2.6323e-013 -0.0377858
828.063 0.110301 2.68094e-013 -0.0462201
1104.08 0.149449 2.64794e-013 -0.0546544
1380.1 0.188596 2.57704e-013 -0.0630888
1656.13 0.227744 2.62524e-013 -0.0715231
1932.15 0.266891 2.69846e-013 -0.0799575
2208.17 0.306039 2.61371e-013 -0.0883918
2484.19 0.345186 2.60513e-013 -0.0968261
2760.21 0.384334 2.63678e-013 -0.10526
3036.23 0.423481 2.64955e-013 -0.113695
3312.25 0.462629 2.53875e-013 -0.122129
3588.27 0.501776 2.66468e-013 -0.130564
3864.29 0.540924 2.64724e-013 -0.138998
4140.31 0.580071 2.57419e-013 -0.147432
4416.33 0.619219 2.60273e-013 -0.155867
4692.36 0.658366 2.66655e-013 -0.164301
