168.076 -9.28105e-012 0.858881 -0.0724853
336.153 -8.91738e-012 1.71776 0.0168006
504.229 -9.56842e-012 2.57664 0.106086
672.306 -9.52607e-012 3.43552 0.195372
840.382 -9.53251e-012 4.29441 0.284658
1008.46 -8.5921e-012 5.15329 0.373944
1176.53 -8.86586e-012 6.01217 0.46323
1344.61 -9.34167e-012 6.87105 0.552516
1512.69 -8.81759e-012 7.72993 0.641802
1680.76 -8.87462e-012 8.58881 0.731088
1848.84 -9.35544e-012 9.44769 0.820374
2016.92 -9.19455e-012 10.3066 0.909659
2184.99 -9.31563e-012 11.1655 0.998945
2353.07 -9.15559e-012 12.0243 1.08823
2521.15 -9.17801e-012 12.8832 1.17752
2689.22 -8.60792e-012 13.7421 1.2668
2857.3 -9.12116e-012 14.601 1.35609
