276.021 0.523028 7.74134e-011 -0.142485
552.042 1.41435 7.73467e-011 -0.0495488
828.063 2.30568 7.84559e-011 0.0433878
1104.08 3.197 7.79661e-011 0.136324
1380.1 4.08833 7.73594e-011 0.229261
1656.13 4.97965 7.73041e-011 0.322198
1932.15 5.87097 7.8176e-011 0.415134
2208.17 6.7623 7.64944e-011 0.508071
2484.19 7.65362 7.57465e-011 0.601007
2760.21 8.54495 7.75755e-011 0.693944
3036.23 9.43627 7.75476e-011 0.78688
3312.25 10.3276 7.53745e-011 0.879817
3588.27 11.2189 7.67886e-011 0.972754
3864.29 12.1102 7.56975e-011 1.06569
4140.31 13.0016 7.63199e-011 1.15863
4416.33 13.8929 7.75891e-011 1.25156
4692.36 14.7842 7.83117e-011 1.3445
