276.021 0.567031 2.21143e-009 -0.120471
552.042 1.56703 4.31735e-009 -0.0998159
828.063 2.56703 6.42253e-009 -0.0791613
1104.08 3.56703 8.52855e-009 -0.0585067
1380.1 4.56703 1.06344e-008 -0.0378521
1656.13 5.56703 1.27407e-008 -0.0171975
1932.15 6.56703 1.48463e-008 0.00345713
2208.17 7.56703 1.69531e-008 0.0241117
2484.19 8.56703 1.90596e-008 0.0447664
2760.21 9.56703 2.1164e-008 0.065421
3036.23 10.567 2.32698e-008 0.0860756
3312.25 11.567 2.53768e-008 0.10673
3588.27 12.567 2.74825e-008 0.127385
3864.29 13.567 2.95893e-008 0.148039
4140.31 14.567 3.16939e-008 0.168694
4416.33 15.567 3.37987e-008 0.189349
4692.36 16.567 3.59044e-008 0.210003
