276.021 0.203622 2.81137e-011 -0.131143
552.042 0.487212 8.15195e-012 -0.134862
828.063 0.770802 -1.03312e-011 -0.138582
1104.08 1.05439 -3.0422e-011 -0.142301
1380.1 1.33798 -5.09786e-011 -0.146021
1656.13 1.62157 -7.07933e-011 -0.14974
1932.15 1.90516 -8.89497e-011 -0.15346
2208.17 2.18875 -1.10703e-010 -0.157179
2484.19 2.47234 -1.31477e-010 -0.160899
2760.21 2.75593 -1.47912e-010 -0.164618
3036.23 3.03952 -1.69858e-010 -0.168338
3312.25 3.32311 -1.9118e-010 -0.172057
3588.27 3.6067 -2.09238e-010 -0.175777
3864.29 3.89029 -2.30037e-010 -0.179496
4140.31 4.17388 -2.48809e-010 -0.183216
4416.33 4.45747 -2.66875e-010 -0.186935
4692.36 4.74106 -2.86555e-010 -0.190655
