276.021 0.523028 9.9782e-010 -0.163376
552.042 1.41435 1.8546e-009 -0.130569
828.063 2.30568 2.71503e-009 -0.0977626
1104.08 3.197 3.57201e-009 -0.0649561
1380.1 4.08833 4.42801e-009 -0.0321496
1656.13 4.97965 5.28642e-009 0.000656875
1932.15 5.87097 6.14512e-009 0.0334634
2208.17 6.7623 7.00087e-009 0.0662699
2484.19 7.65362 7.85682e-009 0.0990764
2760.21 8.54495 8.71835e-009 0.131883
3036.23 9.43627 9.57561e-009 0.164689
3312.25 10.3276 1.04292e-008 0.197496
3588.27 11.2189 1.129e-008 0.230302
3864.29 12.1102 1.21459e-008 0.263109
4140.31 13.0016 1.30053e-008 0.295915
4416.33 13.8929 1.38658e-008 0.328722
4692.36 14.7842 1.47248e-008 0.361528
