168.076 -4.02256e-012 0.141829 -0.0287825
336.153 -4.14117e-012 0.283658 0.0264012
504.229 -4.1757e-012 0.425487 0.081585
672.306 -4.17014e-012 0.567316 0.136769
840.382 -4.29354e-012 0.709145 0.191953
1008.46 -3.87148e-012 0.850974 0.247136
1176.53 -4.08859e-012 0.992803 0.30232
1344.61 -4.15117e-012 1.13463 0.357504
1512.69 -3.93453e-012 1.27646 0.412688
1680.76 -3.9642e-012 1.41829 0.467871
1848.84 -4.26891e-012 1.56012 0.523055
2016.92 -4.22525e-012 1.70195 0.578239
2184.99 -4.38651e-012 1.84378 0.633423
2353.07 -4.2974e-012 1.98561 0.688607
2521.15 -4.15502e-012 2.12744 0.74379
2689.22 -3.98013e-012 2.26926 0.798974
2857.3 -4.13032e-012 2.41109 0.854158
