276.021 0.240682 3.82251e-012 -0.0904244
552.042 0.570858 3.83472e-012 -0.116346
828.063 0.901033 3.90032e-012 -0.142267
1104.08 1.23121 3.8583e-012 -0.168189
1380.1 1.56138 3.77657e-012 -0.19411
1656.13 1.89156 3.82634e-012 -0.220032
1932.15 2.22174 3.91672e-012 -0.245953
2208.17 2.55191 3.80254e-012 -0.271875
2484.19 2.88209 3.78337e-012 -0.297796
2760.21 3.21226 3.84276e-012 -0.323718
3036.23 3.54244 3.85397e-012 -0.349639
3312.25 3.87261 3.70619e-012 -0.375561
3588.27 4.20279 3.86154e-012 -0.401482
3864.29 4.53296 3.82808e-012 -0.427404
4140.31 4.86314 3.75878e-012 -0.453325
4416.33 5.19332 3.80599e-012 -0.479247
4692.36 5.52349 3.88347e-012 -0.505168
