276.021 0.523028 -6.88496e-010 -0.163376
552.042 1.41435 -1.54743e-009 -0.130569
828.063 2.30568 -2.40272e-009 -0.0977626
1104.08 3.197 -3.26144e-009 -0.0649561
1380.1 4.08833 -4.12116e-009 -0.0321496
1656.13 4.97965 -4.97846e-009 0.000656875
1932.15 5.87097 -5.83547e-009 0.0334634
2208.17 6.7623 -6.69544e-009 0.0662699
2484.19 7.65362 -7.5552e-009 0.0990764
2760.21 8.54495 -8.40938e-009 0.131883
3036.23 9.43627 -9.26784e-009 0.164689
3312.25 10.3276 -1.01299e-008 0.197496
3588.27 11.2189 -1.09849e-008 0.230302
3864.29 12.1102 -1.18447e-008 0.263109
4140.31 13.0016 -1.2701e-008 0.295915
4416.33 13.8929 -1.35562e-008 0.328722
4692.36 14.7842 -1.4413e-008 0.361528
