276.021 0.428974 -6.14021e-010 -0.160699
552.042 1.10123 -1.36764e-009 -0.141769
828.063 1.77348 -2.11859e-009 -0.122839
1104.08 2.44573 -2.87236e-009 -0.103909
1380.1 3.11798 -3.62721e-009 -0.084979
1656.13 3.79024 -4.38057e-009 -0.066049
1932.15 4.46249 -5.13095e-009 -0.0471191
2208.17 5.13474 -5.88781e-009 -0.0281892
2484.19 5.80699 -6.6428e-009 -0.00925921
2760.21 6.47925 -7.39029e-009 0.00967072
3036.23 7.1515 -8.14724e-009 0.0286007
3312.25 7.82375 -8.90339e-009 0.0475306
3588.27 8.496 -9.65358e-009 0.0664605
3864.29 9.16825 -1.04087e-008 0.0853905
4140.31 9.84051 -1.11603e-008 0.10432
4416.33 10.5128 -1.19106e-008 0.12325
4692.36 11.185 -1.26636e-008 0.14218
