168.076 5.7475e-012 0.342828 -0.197245
336.153 5.88506e-012 0.685655 -0.272536
504.229 5.89749e-012 1.02848 -0.347827
672.306 6.0554e-012 1.37131 -0.423118
840.382 5.97181e-012 1.71414 -0.498409
1008.46 5.5596e-012 2.05697 -0.5737
1176.53 5.55781e-012 2.39979 -0.648991
1344.61 5.97612e-012 2.74262 -0.724281
1512.69 5.49904e-012 3.08545 -0.799572
1680.76 5.56447e-012 3.42828 -0.874863
1848.84 5.89804e-012 3.7711 -0.950154
2016.92 5.94929e-012 4.11393 -1.02544
2184.99 6.23677e-012 4.45676 -1.10074
2353.07 6.02651e-012 4.79959 -1.17603
2521.15 6.07776e-012 5.14242 -1.25132
2689.22 5.58235e-012 5.48524 -1.32661
2857.3 5.91525e-012 5.82807 -1.4019
