168.076 4.87936e-012 0.212204 -0.171047
336.153 5.06365e-012 0.424407 -0.237626
504.229 5.07103e-012 0.636611 -0.304206
672.306 5.05964e-012 0.848814 -0.370786
840.382 5.20993e-012 1.06102 -0.437366
1008.46 4.71744e-012 1.27322 -0.503945
1176.53 4.96843e-012 1.48542 -0.570525
1344.61 5.02133e-012 1.69763 -0.637105
1512.69 4.78621e-012 1.90983 -0.703684
1680.76 4.82845e-012 2.12204 -0.770264
1848.84 5.187e-012 2.33424 -0.836844
2016.92 5.13624e-012 2.54644 -0.903423
2184.99 5.33688e-012 2.75865 -0.970003
2353.07 5.23734e-012 2.97085 -1.03658
2521.15 5.0392e-012 3.18305 -1.10316
2689.22 4.84027e-012 3.39526 -1.16974
2857.3 5.00699e-012 3.60746 -1.23632
