168.076 7.67568e-012 0.590402 -0.233634
336.153 7.29308e-012 1.1808 -0.319378
504.229 7.64772e-012 1.7712 -0.405122
672.306 7.79814e-012 2.36161 -0.490866
840.382 7.59781e-012 2.95201 -0.576611
1008.46 7.03677e-012 3.54241 -0.662355
1176.53 7.21012e-012 4.13281 -0.748099
1344.61 7.42261e-012 4.72321 -0.833844
1512.69 7.20139e-012 5.31361 -0.919588
1680.76 7.24122e-012 5.90402 -1.00533
1848.84 7.59105e-012 6.49442 -1.09108
2016.92 7.60204e-012 7.08482 -1.17682
2184.99 7.93435e-012 7.67522 -1.26257
2353.07 7.67779e-012 8.26562 -1.34831
2521.15 7.78947e-012 8.85602 -1.43405
2689.22 7.20672e-012 9.44643 -1.5198
2857.3 7.36069e-012 10.0368 -1.60554
