168.076 -8.6694e-012 0.693627 -0.0681649
336.153 -8.41214e-012 1.38725 0.0200071
504.229 -8.8841e-012 2.08088 0.108179
672.306 -9.18621e-012 2.77451 0.196351
840.382 -9.19741e-012 3.46814 0.284523
1008.46 -8.29157e-012 4.16176 0.372695
1176.53 -8.39637e-012 4.85539 0.460867
1344.61 -8.86662e-012 5.54902 0.549039
1512.69 -8.42431e-012 6.24265 0.637211
1680.76 -8.45152e-012 6.93627 0.725383
1848.84 -8.8359e-012 7.6299 0.813555
2016.92 -8.70607e-012 8.32353 0.901727
2184.99 -9.09543e-012 9.01716 0.989899
2353.07 -8.76881e-012 9.71078 1.07807
2521.15 -8.99917e-012 10.4044 1.16624
2689.22 -8.22446e-012 11.098 1.25442
2857.3 -8.64677e-012 11.7917 1.34259
