276.021 0.365031 -5.13758e-010 -0.154584
552.042 0.914741 -1.14866e-009 -0.143299
828.063 1.46445 -1.78124e-009 -0.132013
1104.08 2.01416 -2.41627e-009 -0.120727
1380.1 2.56387 -3.05216e-009 -0.109442
1656.13 3.11358 -3.68684e-009 -0.0981561
1932.15 3.66329 -4.31893e-009 -0.0868705
2208.17 4.213 -4.95664e-009 -0.0755848
2484.19 4.76271 -5.59276e-009 -0.0642992
2760.21 5.31242 -6.22227e-009 -0.0530136
3036.23 5.86212 -6.86008e-009 -0.0417279
3312.25 6.41183 -7.49717e-009 -0.0304423
3588.27 6.96154 -8.1291e-009 -0.0191566
3864.29 7.51125 -8.76528e-009 -0.00787099
4140.31 8.06096 -9.39835e-009 0.00341465
4416.33 8.61067 -1.00304e-008 0.0147003
4692.36 9.16038 -1.06647e-008 0.0259859
