276.021 0.279523 -2.36534e-011 -0.14493
552.042 0.681883 -1.67472e-010 -0.141382
828.063 1.08424 -3.09369e-010 -0.137835
1104.08 1.4866 -4.53294e-010 -0.134288
1380.1 1.88896 -5.97864e-010 -0.130741
1656.13 2.29132 -7.4146e-010 -0.127194
1932.15 2.69368 -8.82965e-010 -0.123647
2208.17 3.09604 -1.02904e-009 -0.1201
2484.19 3.4984 -1.17384e-009 -0.116553
2760.21 3.90076 -1.31319e-009 -0.113006
3036.23 4.30312 -1.45942e-009 -0.109459
3312.25 4.70548 -1.60496e-009 -0.105912
3588.27 5.10784 -1.74634e-009 -0.102364
3864.29 5.5102 -1.89117e-009 -0.0988173
4140.31 5.91256 -2.03347e-009 -0.0952702
4416.33 6.31492 -2.17488e-009 -0.0917231
4692.36 6.71728 -2.31828e-009 -0.0881761
