168.076 -5.10242e-012 0.234599 -0.0378873
336.153 -5.26639e-012 0.469197 0.0286925
504.229 -5.29318e-012 0.703796 0.0952722
672.306 -5.2887e-012 0.938394 0.161852
840.382 -5.44196e-012 1.17299 0.228432
1008.46 -4.91732e-012 1.40759 0.295011
1176.53 -5.18779e-012 1.64219 0.361591
1344.61 -5.25329e-012 1.87679 0.428171
1512.69 -4.99483e-012 2.11139 0.49475
1680.76 -5.0336e-012 2.34599 0.56133
1848.84 -5.42253e-012 2.58058 0.62791
2016.92 -5.36632e-012 2.81518 0.69449
2184.99 -5.56626e-012 3.04978 0.761069
2353.07 -5.45732e-012 3.28438 0.827649
2521.15 -5.26749e-012 3.51898 0.894229
2689.22 -5.05244e-012 3.75358 0.960808
2857.3 -5.23765e-012 3.98818 1.02739
