276.021 0.429976 1.02973e-009 -0.0938261
552.042 1.08731 2.10522e-009 -0.0607145
828.063 1.74465 3.17912e-009 -0.027603
1104.08 2.40199 4.25433e-009 0.0055086
1380.1 3.05933 5.33043e-009 0.0386202
1656.13 3.71667 6.40577e-009 0.0717317
1932.15 4.374 7.47892e-009 0.104843
2208.17 5.03134 8.55614e-009 0.137955
2484.19 5.68868 9.63245e-009 0.171066
2760.21 6.34602 1.07034e-008 0.204178
3036.23 7.00336 1.17823e-008 0.23729
3312.25 7.66069 1.28584e-008 0.270401
3588.27 8.31803 1.39319e-008 0.303513
3864.29 8.97537 1.5008e-008 0.336624
4140.31 9.63271 1.60818e-008 0.369736
4416.33 10.29 1.71551e-008 0.402847
4692.36 10.9474 1.82308e-008 0.435959
