168.076 8.30119e-012 0.723285 -0.244509
336.153 8.08325e-012 1.44657 -0.332681
504.229 8.52017e-012 2.16986 -0.420853
672.306 8.81225e-012 2.89314 -0.509025
840.382 8.82097e-012 3.61643 -0.597197
1008.46 7.96543e-012 4.33971 -0.685369
1176.53 8.03576e-012 5.063 -0.773541
1344.61 8.48562e-012 5.78628 -0.861713
1512.69 8.07828e-012 6.50957 -0.949885
1680.76 8.11612e-012 7.23285 -1.03806
1848.84 8.44511e-012 7.95614 -1.12623
2016.92 8.32682e-012 8.67942 -1.2144
2184.99 8.7061e-012 9.40271 -1.30257
2353.07 8.4034e-012 10.126 -1.39074
2521.15 8.62345e-012 10.8493 -1.47892
2689.22 7.8744e-012 11.5726 -1.56709
2857.3 8.26511e-012 12.2958 -1.65526
