276.021 0.0246547 2.51667e-012 -0.0283972
552.042 0.0567603 2.51561e-012 -0.00731132
828.063 0.0888658 2.55086e-012 0.0137745
1104.08 0.120971 2.53484e-012 0.0348604
1380.1 0.153077 2.51803e-012 0.0559462
1656.13 0.185183 2.51382e-012 0.0770321
1932.15 0.217288 2.54228e-012 0.0981179
2208.17 0.249394 2.48653e-012 0.119204
2484.19 0.281499 2.46236e-012 0.14029
2760.21 0.313605 2.52326e-012 0.161375
3036.23 0.34571 2.52151e-012 0.182461
3312.25 0.377816 2.45254e-012 0.203547
3588.27 0.409922 2.49591e-012 0.224633
3864.29 0.442027 2.45917e-012 0.245719
4140.31 0.474133 2.48222e-012 0.266805
4416.33 0.506238 2.52401e-012 0.287891
4692.36 0.538344 2.54631e-012 0.308976
