276.021 0.367102 4.70348e-011 -0.11659
552.042 0.920665 4.7006e-011 -0.0345775
828.063 1.47423 4.76725e-011 0.0474348
1104.08 2.02779 4.73742e-011 0.129447
1380.1 2.58136 4.70313e-011 0.211459
1656.13 3.13492 4.69772e-011 0.293472
1932.15 3.68848 4.75084e-011 0.375484
2208.17 4.24205 4.6474e-011 0.457496
2484.19 4.79561 4.60223e-011 0.539509
2760.21 5.34917 4.71438e-011 0.621521
3036.23 5.90274 4.71229e-011 0.703533
3312.25 6.4563 4.58175e-011 0.785546
3588.27 7.00986 4.66553e-011 0.867558
3864.29 7.56343 4.59826e-011 0.94957
4140.31 8.11699 4.63818e-011 1.03158
4416.33 8.67055 4.71531e-011 1.11359
4692.36 9.22412 4.75864e-011 1.19561
