276.021 0.164293 2.14911e-012 -0.0728593
552.042 0.381285 2.15673e-012 -0.0938911
828.063 0.598278 2.19449e-012 -0.114923
1104.08 0.81527 2.16995e-012 -0.135955
1380.1 1.03226 2.12084e-012 -0.156987
1656.13 1.24926 2.15187e-012 -0.178018
1932.15 1.46625 2.20519e-012 -0.19905
2208.17 1.68324 2.13961e-012 -0.220082
2484.19 1.90023 2.12985e-012 -0.241114
2760.21 2.11723 2.16106e-012 -0.262146
3036.23 2.33422 2.16858e-012 -0.283178
3312.25 2.55121 2.08343e-012 -0.304209
3588.27 2.7682 2.17505e-012 -0.325241
3864.29 2.9852 2.15742e-012 -0.346273
4140.31 3.20219 2.11287e-012 -0.367305
4416.33 3.41918 2.13843e-012 -0.388337
4692.36 3.63617 2.18447e-012 -0.409369
