276.021 0.441884 7.28606e-010 -0.0938261
552.042 1.12417 1.52384e-009 -0.0607145
828.063 1.80646 2.31749e-009 -0.027603
1104.08 2.48874 3.11244e-009 0.0055086
1380.1 3.17103 3.90827e-009 0.0386202
1656.13 3.85331 4.70336e-009 0.0717317
1932.15 4.5356 5.49627e-009 0.104843
2208.17 5.21789 6.29321e-009 0.137955
2484.19 5.90017 7.08927e-009 0.171066
2760.21 6.58246 7.87993e-009 0.204178
3036.23 7.26474 8.67865e-009 0.23729
3312.25 7.94703 9.47439e-009 0.270401
3588.27 8.62932 1.02677e-008 0.303513
3864.29 9.3116 1.10635e-008 0.336624
4140.31 9.99389 1.18571e-008 0.369736
4416.33 10.6762 1.26501e-008 0.402847
4692.36 11.3585 1.34456e-008 0.435959
