274.535 -56.7895 4.3034e-010 955.243 1.90264e-006 -18765.2 4.39167e-007 56.7895 -4.3034e-010 -955.243 -1.98465e-006 7838.14 -4.39167e-007 -217.745 -9.33204e-009 2463.16 1.3364e-005 -63055 4.32176e-007 217.745 9.33204e-009 -2463.16 -1.1568e-005 21169.3 -4.32176e-007
549.08 -114.747 -1.1636e-009 246.985 1.05131e-006 -42213 -6.22472e-008 114.747 1.1636e-009 -246.985 -8.2782e-007 20167.6 6.22472e-008 -434.333 -2.71094e-009 3171.41 3.38743e-006 -137128 -6.29863e-008 434.333 2.71094e-009 -3171.41 -2.86557e-006 53510.9 6.29863e-008
823.636 -173.061 -4.10615e-008 -461.269 3.43346e-005 -65676.8 -1.90383e-006 173.061 4.10615e-008 461.269 -2.64557e-005 32490 1.90383e-006 -650.575 9.28904e-009 3879.67 7.44741e-006 -211199 -1.84111e-006 650.575 -9.28904e-009 -3879.67 -9.22675e-006 85861.6 1.84111e-006
1098.2 -231.733 -2.01294e-010 -1169.52 5.88869e-008 -89156.8 -3.0925e-008 231.733 2.01294e-010 1169.52 -2.02564e-008 44805.5 3.0925e-008 -866.47 -1.38727e-010 4587.92 1.21614e-007 -285269 -3.08473e-008 866.47 1.38727e-010 -4587.92 -9.49094e-008 118221 3.08473e-008
1372.78 -290.761 -5.45669e-009 -1877.77 1.65133e-005 -112653 -1.95798e-006 290.761 5.45669e-009 1877.77 -1.54757e-005 57114.1 1.95798e-006 -1082.02 -1.04106e-008 5296.17 2.8401e-005 -359336 -1.94739e-006 1082.02 1.04106e-008 -5296.17 -2.63826e-005 150590 1.94739e-006
1647.37 -350.147 -4.00312e-010 -2586.01 3.05062e-006 -136165 2.17698e-006 350.147 4.00312e-010 2586.01 -2.97636e-006 69415.7 -2.17698e-006 -1297.22 -2.0028e-008 6004.41 2.71621e-005 -433401 2.1623e-006 1297.22 2.0028e-008 -6004.41 -2.3296e-005 182968 -2.1623e-006
1921.97 -409.89 1.06871e-010 -3294.25 -1.5536e-006 -159693 -3.32776e-007 409.89 -1.06871e-010 3294.25 1.53478e-006 81710.5 3.32776e-007 -1512.08 8.50493e-009 6712.65 -1.04767e-005 -507465 -3.27632e-007 1512.08 -8.50493e-009 -6712.65 8.83485e-006 215355 3.27632e-007
2196.58 -469.991 -1.29923e-010 -4002.49 9.7257e-007 -183238 2.06819e-007 469.991 1.29923e-010 4002.49 -9.4891e-007 93998.4 -2.06819e-007 -1726.59 -5.48204e-009 7420.89 6.09377e-006 -581526 2.03966e-007 1726.59 5.48204e-009 -7420.89 -5.03555e-006 247751 -2.03966e-007
2471.21 -530.449 -6.0756e-009 -4710.72 5.4615e-006 -206798 -2.48207e-007 530.449 6.0756e-009 4710.72 -4.30294e-006 106279 2.48207e-007 -1940.76 2.7227e-010 8129.12 2.60699e-006 -655586 -2.392e-007 1940.76 -2.7227e-010 -8129.12 -2.65643e-006 280157 2.392e-007
2745.84 -591.264 -3.50641e-008 -5418.96 2.85478e-005 -230375 -8.6635e-007 591.264 3.50641e-008 5418.96 -2.1863e-005 118554 8.6635e-007 -2154.58 1.98435e-009 8837.36 1.35375e-005 -729645 -8.20844e-007 2154.58 -1.98435e-009 -8837.36 -1.39024e-005 312571 8.20844e-007
3020.49 -652.437 8.90803e-009 -6127.18 -7.66934e-006 -253968 6.66214e-007 652.437 -8.90803e-009 6127.18 5.97349e-006 130821 -6.66214e-007 -2368.05 -1.02002e-008 9545.58 6.87948e-006 -803702 6.45733e-007 2368.05 1.02002e-008 -9545.58 -4.91313e-006 344995 -6.45733e-007
3295.15 -713.968 -6.1392e-009 -6835.41 -4.00162e-006 -277577 -2.9834e-006 713.968 6.1392e-009 6835.41 5.19035e-006 143082 2.9834e-006 -2581.18 6.27232e-008 10253.8 -7.27864e-005 -877757 -2.93116e-006 2581.18 -6.27232e-008 -10253.8 6.06497e-005 377429 2.93116e-006
3569.83 -775.856 1.17898e-008 -7543.63 8.95609e-006 -301202 4.90963e-006 775.856 -1.17898e-008 7543.63 -1.12441e-005 155336 -4.90963e-006 -2793.97 -7.082e-008 10962 9.50165e-005 -951811 4.85306e-006 2793.97 7.082e-008 -10962 -8.12871e-005 409871 -4.85306e-006
3844.51 -838.103 -6.55205e-009 -8251.85 5.23517e-006 -324844 -1.96685e-007 838.103 6.55205e-009 8251.85 -3.99042e-006 167583 1.96685e-007 -3006.41 8.30066e-010 11670.3 1.2616e-006 -1.02586e+006 -1.87088e-007 3006.41 -8.30066e-010 -11670.3 -1.41893e-006 442323 1.87088e-007
4119.21 -900.707 -8.73635e-009 -8960.07 7.66053e-006 -348502 -9.23004e-008 900.707 8.73635e-009 8960.07 -6.00436e-006 179823 9.23004e-008 -3218.5 -2.13676e-009 12378.5 4.94498e-006 -1.09991e+006 -8.08363e-008 3218.5 2.13676e-009 -12378.5 -4.5268e-006 474785 8.08363e-008
4393.92 -963.67 -3.52337e-009 -9668.28 4.0275e-006 -372175 -2.00984e-007 963.67 3.52337e-009 9668.28 -3.36326e-006 192057 2.00984e-007 -3430.26 3.27258e-010 13086.7 2.12222e-006 -1.17396e+006 -1.94295e-007 3430.26 -3.27258e-010 -13086.7 -2.18132e-006 507256 1.94295e-007
4668.65 -1026.99 -4.22591e-010 -10376.5 -2.96127e-006 -395865 -2.81946e-007 1026.99 4.22591e-010 10376.5 3.05274e-006 204284 2.81946e-007 -3641.66 1.31738e-008 13794.9 -1.00252e-005 -1.24801e+006 -2.79022e-007 3641.66 -1.31738e-008 -13794.9 7.47894e-006 539736 2.79022e-007
4943.39 -1090.67 -9.72154e-009 -11084.7 5.94011e-006 -419572 -7.77533e-007 1090.67 9.72154e-009 11084.7 -4.09322e-006 216504 7.77533e-007 -3852.72 9.65461e-009 14503.1 -5.20761e-006 -1.32206e+006 -7.61135e-007 3852.72 -9.65461e-009 -14503.1 3.34507e-006 572226 7.61135e-007
5218.15 -1154.71 -1.0653e-008 -11792.9 1.07232e-005 -443294 -3.88025e-007 1154.71 1.0653e-008 11792.9 -8.71727e-006 228718 3.88025e-007 -4063.44 1.26546e-009 15211.3 5.01742e-006 -1.39611e+006 -3.69983e-007 4063.44 -1.26546e-009 -15211.3 -5.25007e-006 604726 3.69983e-007
5492.91 -1219.1 -6.49979e-009 -12501.1 3.94639e-006 -467033 -5.91074e-007 1219.1 6.49979e-009 12501.1 -2.71314e-006 240925 5.91074e-007 -4273.81 9.03977e-011 15919.5 -3.22813e-006 -1.47015e+006 -5.81387e-007 4273.81 -9.03977e-011 -15919.5 3.20395e-006 637235 5.81387e-007
5767.7 -1283.86 -2.2718e-009 -13209.3 8.79943e-007 -490788 -1.06495e-006 1283.86 2.2718e-009 13209.3 -4.46992e-007 253126 1.06495e-006 -4483.84 -3.01307e-009 16627.7 1.92491e-008 -1.5442e+006 -1.06511e-006 4483.84 3.01307e-009 -16627.7 5.58877e-007 669754 1.06511e-006
6042.49 -1348.97 5.32694e-009 -13917.5 -3.52095e-006 -514559 2.18139e-007 1348.97 -5.32694e-009 13917.5 2.51294e-006 265319 -2.18139e-007 -4693.52 -1.07367e-009 17335.9 5.33343e-008 -1.61824e+006 2.11027e-007 4693.52 1.07367e-009 -17335.9 1.52775e-007 702282 -2.11027e-007
6317.3 -1414.44 -8.44515e-010 -14625.7 5.05557e-007 -538346 -6.2811e-008 1414.44 8.44515e-010 14625.7 -3.45612e-007 277507 6.2811e-008 -4902.86 7.82045e-010 18044.1 -7.11189e-007 -1.69228e+006 -6.12136e-008 4902.86 -7.82045e-010 -18044.1 5.59449e-007 734820 6.12136e-008
6592.13 -1480.27 -3.77482e-009 -15333.9 2.7628e-006 -562150 -1.32871e-007 1480.27 3.77482e-009 15333.9 -2.05093e-006 289688 1.32871e-007 -5111.86 -2.30801e-011 18752.3 1.21474e-006 -1.76632e+006 -1.28211e-007 5111.86 2.30801e-011 -18752.3 -1.20728e-006 767368 1.28211e-007
6866.97 -1546.46 -1.04899e-008 -16042.1 8.87769e-006 -585970 -3.87439e-007 1546.46 1.04899e-008 16042.1 -6.90753e-006 301862 3.87439e-007 -5320.51 1.70385e-009 19460.5 2.95657e-006 -1.84037e+006 -3.717e-007 5320.51 -1.70385e-009 -19460.5 -3.27577e-006 799926 3.717e-007
7141.83 -1613.01 -4.07513e-010 -16750.3 4.32299e-007 -609806 6.79576e-008 1613.01 4.07513e-010 16750.3 -3.56326e-007 314030 -6.79576e-008 -5528.82 -6.79759e-010 20168.7 1.13137e-006 -1.91441e+006 6.78599e-008 5528.82 6.79759e-010 -20168.7 -9.9794e-007 832493 -6.78599e-008
7416.7 -1679.92 -4.27324e-008 -17458.5 3.00066e-005 -633659 -1.72513e-006 1679.92 4.27324e-008 17458.5 -2.19608e-005 326191 1.72513e-006 -5736.79 5.06436e-009 20876.9 6.19802e-006 -1.98845e+006 -1.67002e-006 5736.79 -5.06436e-009 -20876.9 -7.15226e-006 865071 1.67002e-006
7691.59 -1747.18 2.48969e-008 -18166.7 -8.82698e-006 -657527 2.52142e-006 1747.18 -2.48969e-008 18166.7 4.09062e-006 338346 -2.52142e-006 -5944.41 -6.16368e-008 21585.1 3.46769e-005 -2.06248e+006 2.48243e-006 5944.41 6.16368e-008 -21585.1 -2.27544e-005 897658 -2.48243e-006
7966.5 -1814.81 1.78685e-010 -18874.8 -9.34849e-008 -681413 6.71693e-008 1814.81 -1.78685e-010 18874.8 5.9694e-008 350494 -6.71693e-008 -6151.69 -4.74594e-011 22293.2 1.63931e-008 -2.13652e+006 6.70012e-008 6151.69 4.74594e-011 -22293.2 -7.2413e-009 930255 -6.70012e-008
8241.42 -1882.79 -4.43333e-009 -19583 2.44417e-006 -705314 -9.00109e-008 1882.79 4.43333e-009 19583 -1.60708e-006 362636 9.00109e-008 -6358.62 8.7802e-010 23001.4 2.54586e-008 -2.21056e+006 -8.51796e-008 6358.62 -8.7802e-010 -23001.4 -1.93789e-007 962862 8.51796e-008
8516.35 -1951.14 -7.79556e-009 -20291.2 7.36864e-006 -729232 -1.79612e-007 1951.14 7.79556e-009 20291.2 -5.9184e-006 374771 1.79612e-007 -6565.22 1.6378e-009 23709.6 2.14947e-006 -2.2846e+006 -1.66063e-007 6565.22 -1.6378e-009 -23709.6 -2.45681e-006 995479 1.66063e-007
8791.31 -2019.84 -6.82981e-010 -20999.4 -2.2008e-007 -753166 -1.87785e-007 2019.84 6.82981e-010 20999.4 3.53061e-007 386900 1.87785e-007 -6771.46 7.33935e-009 24417.8 -8.57187e-006 -2.35864e+006 -1.80925e-007 6771.46 -7.33935e-009 -24417.8 7.1364e-006 1.02811e+006 1.80925e-007
9066.28 -2088.91 -3.36487e-008 -21707.5 2.9426e-005 -777116 -7.72547e-007 2088.91 3.36487e-008 21707.5 -2.3163e-005 399023 7.72547e-007 -6977.37 1.46192e-009 25125.9 1.27519e-005 -2.43267e+006 -7.21805e-007 6977.37 -1.46192e-009 -25125.9 -1.29897e-005 1.06074e+006 7.21805e-007
9341.27 -2158.33 1.33448e-008 -22415.7 -4.49417e-006 -801083 3.08117e-006 2158.33 -1.33448e-008 22415.7 1.95919e-006 411140 -3.08117e-006 -7182.93 -1.1415e-007 25834.1 8.23339e-005 -2.50671e+006 3.00513e-006 7182.93 1.1415e-007 -25834.1 -6.01594e-005 1.09339e+006 -3.00513e-006
9616.27 -2228.11 5.10679e-008 -23123.9 -3.02692e-005 -825066 1.5535e-006 2228.11 -5.10679e-008 23123.9 2.06726e-005 423250 -1.5535e-006 -7388.16 -5.04577e-008 26542.3 2.50296e-005 -2.58075e+006 1.46839e-006 7388.16 5.04577e-008 -26542.3 -1.52647e-005 1.12605e+006 -1.46839e-006
9891.29 -2298.26 -1.92846e-008 -23832.1 1.86487e-005 -849065 -9.55089e-007 2298.26 1.92846e-008 23832.1 -1.50846e-005 435354 9.55089e-007 -7593.03 -4.91911e-010 27250.5 1.06485e-005 -2.65479e+006 -9.2561e-007 7593.03 4.91911e-010 -27250.5 -1.05155e-005 1.15872e+006 9.2561e-007
10166.3 -2368.76 2.57355e-011 -24540.2 1.8445e-008 -873081 4.16339e-008 2368.76 -2.57355e-011 24540.2 -2.35508e-008 447451 -4.16339e-008 -7797.57 -1.68735e-010 27958.6 1.78499e-007 -2.72882e+006 4.17017e-008 7797.57 1.68735e-010 -27958.6 -1.45479e-007 1.19139e+006 -4.17017e-008
10441.4 -2439.63 -1.80259e-009 -25248.4 1.68852e-006 -897113 5.28131e-008 2439.63 1.80259e-009 25248.4 -1.35568e-006 459542 -5.28131e-008 -8001.76 2.69782e-011 28666.8 9.50891e-007 -2.80286e+006 5.55885e-008 8001.76 -2.69782e-011 -28666.8 -9.52439e-007 1.22408e+006 -5.55885e-008
10716.5 -2510.85 1.0426e-008 -25956.6 -1.86379e-005 -921162 -1.53011e-006 2510.85 -1.0426e-008 25956.6 1.67918e-005 471627 1.53011e-006 -8205.62 -1.15249e-008 29375 -7.27822e-006 -2.8769e+006 -1.56018e-006 8205.62 1.15249e-008 -29375 9.45969e-006 1.25678e+006 1.56018e-006
10991.6 -2582.43 -1.05816e-007 -26664.7 8.40956e-005 -945227 -6.25611e-006 2582.43 1.05816e-007 26664.7 -6.44673e-005 483706 6.25611e-006 -8409.12 4.86762e-008 30083.1 -1.16334e-006 -2.95093e+006 -6.08764e-006 8409.12 -4.86762e-008 -30083.1 -8.17469e-006 1.28949e+006 6.08764e-006
11266.7 -2654.38 -1.1123e-008 -27372.9 -1.58071e-007 -969308 -2.70549e-006 2654.38 1.1123e-008 27372.9 2.30165e-006 495778 2.70549e-006 -8612.29 8.16006e-009 30791.3 -2.19388e-005 -3.02497e+006 -2.68452e-006 8612.29 -8.16006e-009 -30791.3 2.02844e-005 1.32221e+006 2.68452e-006
11541.8 -2726.68 -5.09469e-009 -28081 -5.04886e-006 -993406 -2.55299e-006 2726.68 5.09469e-009 28081 6.07745e-006 507845 2.55299e-006 -8815.12 -1.22956e-008 31499.4 1.2203e-005 -3.09901e+006 -2.57462e-006 8815.12 1.22956e-008 -31499.4 -9.79445e-006 1.35494e+006 2.57462e-006
11817 -2799.35 -1.09464e-008 -28789.2 8.2906e-006 -1.01752e+006 -2.79211e-007 2799.35 1.09464e-008 28789.2 -6.26188e-006 519905 2.79211e-007 -9017.6 2.00862e-009 32207.6 1.56689e-006 -3.17305e+006 -2.63788e-007 9017.6 -2.00862e-009 -32207.6 -1.94529e-006 1.38768e+006 2.63788e-007
12092.1 -2872.38 9.27821e-010 -29497.4 -5.82158e-007 -1.04165e+006 4.10761e-007 2872.38 -9.27821e-010 29497.4 4.09167e-007 531959 -4.10761e-007 -9219.74 -3.74863e-010 32915.8 1.53503e-007 -3.24709e+006 4.09391e-007 9219.74 3.74863e-010 -32915.8 -8.0963e-008 1.42043e+006 -4.09391e-007
12367.3 -2945.77 2.13008e-008 -30205.5 -4.84227e-006 -1.0658e+006 1.83346e-006 2945.77 -2.13008e-008 30205.5 7.87623e-007 544007 -1.83346e-006 -9421.54 -8.035e-008 33623.9 9.59272e-005 -3.32113e+006 1.74204e-006 9421.54 8.035e-008 -33623.9 -8.00941e-005 1.45319e+006 -1.74204e-006
12642.5 -3019.51 -9.9093e-010 -30913.7 1.73012e-007 -1.08996e+006 2.09383e-007 3019.51 9.9093e-010 30913.7 1.61145e-008 556049 -2.09383e-007 -9623 2.66392e-009 34332.1 -2.69248e-006 -3.39516e+006 2.11941e-007 9623 -2.66392e-009 -34332.1 2.1695e-006 1.48596e+006 -2.11941e-007
12917.7 -3093.63 -5.29745e-009 -31621.8 4.40184e-006 -1.11414e+006 2.69191e-007 3093.63 5.29745e-009 31621.8 -3.42765e-006 568084 -2.69191e-007 -9824.12 1.42625e-009 35040.2 1.03355e-006 -3.4692e+006 2.77284e-007 9824.12 -1.42625e-009 -35040.2 -1.30215e-006 1.51874e+006 -2.77284e-007
13193 -3168.1 -2.42399e-009 -32330 2.35544e-006 -1.13834e+006 4.03604e-007 3168.1 2.42399e-009 32330 -1.91381e-006 580114 -4.03604e-007 -10024.9 1.09442e-010 35748.4 1.40278e-006 -3.54325e+006 4.0676e-007 10024.9 -1.09442e-010 -35748.4 -1.41709e-006 1.55153e+006 -4.0676e-007
13468.3 -3242.93 -1.02136e-009 -33038.1 7.57149e-007 -1.16255e+006 1.08792e-007 3242.93 1.02136e-009 33038.1 -5.68685e-007 592137 -1.08792e-007 -10225.3 4.38576e-010 36456.5 1.08567e-007 -3.61729e+006 1.10317e-007 10225.3 -4.38576e-010 -36456.5 -1.92111e-007 1.58433e+006 -1.10317e-007
13743.5 -3318.12 -1.08828e-010 -33746.3 2.17613e-007 -1.18678e+006 3.33395e-007 3318.12 1.08828e-010 33746.3 -1.99093e-007 604155 -3.33395e-007 -10425.4 3.60717e-010 37164.7 -2.2248e-007 -3.69133e+006 3.3387e-007 10425.4 -3.60717e-010 -37164.7 1.52238e-007 1.61715e+006 -3.3387e-007
14018.9 -3393.68 -9.27492e-009 -34454.4 5.07908e-006 -1.21103e+006 -4.6036e-007 3393.68 9.27492e-009 34454.4 -3.34995e-006 616167 4.6036e-007 -10625.2 1.11295e-008 37872.8 -1.28584e-005 -3.76537e+006 -4.39423e-007 10625.2 -1.11295e-008 -37872.8 1.06604e-005 1.64997e+006 4.39423e-007
