274.535 0.442325
549.08 1.12843
823.636 1.81457
1098.2 2.50073
1372.78 3.18691
1647.37 3.87313
1921.97 4.55937
2196.58 5.24564
2471.21 5.93193
2745.84 6.61826
3020.49 7.30461
3295.15 7.99098
3569.83 8.67739
3844.51 9.36382
4119.21 10.0503
4393.92 10.7368
4668.65 11.4233
4943.39 12.1098
5218.15 12.7964
5492.91 13.483
5767.7 14.1696
6042.49 14.8563
6317.3 15.543
6592.13 16.2297
6866.97 16.9165
7141.83 17.6032
7416.7 18.29
7691.59 18.9769
7966.5 19.6637
8241.42 20.3506
8516.35 21.0376
8791.31 21.7245
9066.28 22.4115
9341.27 23.0985
9616.27 23.7856
9891.29 24.4726
10166.3 25.1597
10441.4 25.8469
10716.5 26.5341
10991.6 27.2213
11266.7 27.9085
11541.8 28.5957
11817 29.283
12092.1 29.9704
12367.3 30.6577
12642.5 31.3451
12917.7 32.0325
13193 32.72
13468.3 33.4075
13743.5 34.095
14018.9 34.7825
