274.535 0.240101
549.08 0.570334
823.636 0.900593
1098.2 1.23088
1372.78 1.56119
1647.37 1.89153
1921.97 2.2219
2196.58 2.55229
2471.21 2.88271
2745.84 3.21316
3020.49 3.54364
3295.15 3.87414
3569.83 4.20467
3844.51 4.53523
4119.21 4.86582
4393.92 5.19644
4668.65 5.52709
4943.39 5.85777
5218.15 6.18847
5492.91 6.51921
5767.7 6.84998
6042.49 7.18077
6317.3 7.5116
6592.13 7.84246
6866.97 8.17334
7141.83 8.50426
7416.7 8.83521
7691.59 9.16619
7966.5 9.4972
8241.42 9.82824
8516.35 10.1593
8791.31 10.4904
9066.28 10.8216
9341.27 11.1527
9616.27 11.4839
9891.29 11.8152
10166.3 12.1464
10441.4 12.4777
10716.5 12.8091
10991.6 13.1404
11266.7 13.4718
11541.8 13.8033
11817 14.1348
12092.1 14.4663
12367.3 14.7978
12642.5 15.1294
12917.7 15.461
13193 15.7926
13468.3 16.1243
13743.5 16.456
14018.9 16.7878
