274.535 0.0915454
549.08 0.2082
823.636 0.324865
1098.2 0.441538
1372.78 0.558222
1647.37 0.674915
1921.97 0.791618
2196.58 0.908331
2471.21 1.02505
2745.84 1.14179
3020.49 1.25853
3295.15 1.37528
3569.83 1.49205
3844.51 1.60882
4119.21 1.72561
4393.92 1.8424
4668.65 1.95921
4943.39 2.07603
5218.15 2.19286
5492.91 2.3097
5767.7 2.42655
6042.49 2.54341
6317.3 2.66028
6592.13 2.77717
6866.97 2.89407
7141.83 3.01097
7416.7 3.12789
7691.59 3.24483
7966.5 3.36177
8241.42 3.47873
8516.35 3.59569
8791.31 3.71268
9066.28 3.82967
9341.27 3.94667
9616.27 4.06369
9891.29 4.18072
10166.3 4.29777
10441.4 4.41482
10716.5 4.53189
10991.6 4.64897
11266.7 4.76607
11541.8 4.88318
11817 5.0003
12092.1 5.11744
12367.3 5.23459
12642.5 5.35175
12917.7 5.46893
13193 5.58612
13468.3 5.70332
13743.5 5.82054
14018.9 5.93777
