274.535 0.314345
549.08 0.763756
823.636 1.2132
1098.2 1.66267
1372.78 2.11217
1647.37 2.5617
1921.97 3.01126
2196.58 3.46086
2471.21 3.91048
2745.84 4.36013
3020.49 4.80982
3295.15 5.25954
3569.83 5.70928
3844.51 6.15906
4119.21 6.60888
4393.92 7.05872
4668.65 7.5086
4943.39 7.95851
5218.15 8.40845
5492.91 8.85842
5767.7 9.30843
6042.49 9.75847
6317.3 10.2085
6592.13 10.6587
6866.97 11.1088
7141.83 11.559
7416.7 12.0092
7691.59 12.4594
7966.5 12.9097
8241.42 13.36
8516.35 13.8104
8791.31 14.2608
9066.28 14.7112
9341.27 15.1616
9616.27 15.6121
9891.29 16.0627
10166.3 16.5132
10441.4 16.9638
10716.5 17.4145
10991.6 17.8651
11266.7 18.3158
11541.8 18.7666
11817 19.2174
12092.1 19.6682
12367.3 20.119
12642.5 20.5699
12917.7 21.0209
13193 21.4719
13468.3 21.9229
13743.5 22.3739
14018.9 22.825
