274.535 0.163907
549.08 0.380911
823.636 0.597933
1098.2 0.814976
1372.78 1.03204
1647.37 1.24912
1921.97 1.46622
2196.58 1.68334
2471.21 1.90049
2745.84 2.11765
3020.49 2.33483
3295.15 2.55204
3569.83 2.76926
3844.51 2.98651
4119.21 3.20378
4393.92 3.42106
4668.65 3.63838
4943.39 3.85571
5218.15 4.07306
5492.91 4.29044
5767.7 4.50784
6042.49 4.72526
6317.3 4.9427
6592.13 5.16017
6866.97 5.37766
7141.83 5.59517
7416.7 5.81271
7691.59 6.03026
7966.5 6.24785
8241.42 6.46545
8516.35 6.68308
8791.31 6.90074
9066.28 7.11841
9341.27 7.33612
9616.27 7.55384
9891.29 7.77159
10166.3 7.98937
10441.4 8.20717
10716.5 8.425
10991.6 8.64285
11266.7 8.86073
11541.8 9.07863
11817 9.29656
12092.1 9.51451
12367.3 9.73249
12642.5 9.9505
12917.7 10.1685
13193 10.3866
13468.3 10.6047
13743.5 10.8228
14018.9 11.0409
