274.535 0.491994
549.08 1.28906
823.636 2.08615
1098.2 2.88326
1372.78 3.6804
1647.37 4.47755
1921.97 5.27472
2196.58 6.07191
2471.21 6.86912
2745.84 7.66636
3020.49 8.46361
3295.15 9.26089
3569.83 10.0582
3844.51 10.8555
4119.21 11.6528
4393.92 12.4502
4668.65 13.2476
4943.39 14.045
5218.15 14.8424
5492.91 15.6399
5767.7 16.4373
6042.49 17.2348
6317.3 18.0323
6592.13 18.8299
6866.97 19.6274
7141.83 20.425
7416.7 21.2226
7691.59 22.0202
7966.5 22.8179
8241.42 23.6156
8516.35 24.4133
8791.31 25.211
9066.28 26.0087
9341.27 26.8065
9616.27 27.6043
9891.29 28.4021
10166.3 29.1999
10441.4 29.9977
10716.5 30.7956
10991.6 31.5935
11266.7 32.3914
11541.8 33.1894
11817 33.9874
12092.1 34.7854
12367.3 35.5834
12642.5 36.3814
12917.7 37.1795
13193 37.9776
13468.3 38.7757
13743.5 39.5738
14018.9 40.372
