1 0 0
5.44895e+006 2.8111e-005 2.81654e-007
1.08892e+007 5.61541e-005 5.63307e-007
1.63208e+007 8.41285e-005 8.44961e-007
2.17435e+007 0.000112034 1.12661e-006
2.71573e+007 0.000139868 1.40827e-006
3.25622e+007 0.000167633 1.68992e-006
3.79579e+007 0.000195325 1.97158e-006
4.33445e+007 0.000222945 2.25323e-006
4.87218e+007 0.000250492 2.53488e-006
5.40897e+007 0.000277964 2.81654e-006
5.94482e+007 0.000305362 3.09819e-006
6.47972e+007 0.000332684 3.37984e-006
7.01365e+007 0.00035993 3.6615e-006
7.5466e+007 0.000387098 3.94315e-006
8.07857e+007 0.000414187 4.22481e-006
8.60955e+007 0.000441198 4.50646e-006
9.13951e+007 0.000468128 4.78811e-006
9.66846e+007 0.000494976 5.06977e-006
1.01964e+008 0.000521743 5.35142e-006
1.07233e+008 0.000548427 5.63307e-006
1.12491e+008 0.000575026 5.91473e-006
1.17739e+008 0.00060154 6.19638e-006
1.22976e+008 0.000627967 6.47804e-006
1.28202e+008 0.000654308 6.75969e-006
1.33417e+008 0.000680559 7.04134e-006
1.38621e+008 0.000706721 7.323e-006
1.43813e+008 0.000732792 7.60465e-006
1.48995e+008 0.000758771 7.8863e-006
1.54165e+008 0.000784657 8.16796e-006
1.56632e+008 0.00081767 8.44961e-006
1.57654e+008 0.000854485 8.73127e-006
1.58673e+008 0.000891271 9.01292e-006
1.59691e+008 0.000928027 9.29457e-006
1.60706e+008 0.000964752 9.57623e-006
1.6172e+008 0.00100145 9.85788e-006
1.62731e+008 0.00103811 1.01395e-005
1.6374e+008 0.00107475 1.04212e-005
1.64747e+008 0.00111135 1.07028e-005
1.65721e+008 0.00114889 1.09845e-005
1.66686e+008 0.00118658 1.12661e-005
1.6765e+008 0.00122424 1.15478e-005
1.68613e+008 0.00126187 1.18295e-005
1.69574e+008 0.00129946 1.21111e-005
1.70532e+008 0.00133703 1.23928e-005
1.65093e+008 0.00130911 1.21111e-005
1.59654e+008 0.00128119 1.18295e-005
1.54214e+008 0.00125327 1.15478e-005
1.48775e+008 0.00122535 1.12661e-005
1.43336e+008 0.00119743 1.09845e-005
1.37896e+008 0.00116952 1.07028e-005
1.32457e+008 0.0011416 1.04212e-005
1.27018e+008 0.00111368 1.01395e-005
1.21578e+008 0.00108576 9.85788e-006
1.16139e+008 0.00105784 9.57623e-006
1.107e+008 0.00102992 9.29457e-006
1.0526e+008 0.001002 9.01292e-006
9.98209e+007 0.000974086 8.73127e-006
9.43816e+007 0.000946167 8.44961e-006
8.89422e+007 0.000918249 8.16796e-006
8.35029e+007 0.00089033 7.8863e-006
7.80635e+007 0.000862412 7.60465e-006
7.26242e+007 0.000834493 7.323e-006
6.71848e+007 0.000806575 7.04134e-006
6.17455e+007 0.000778656 6.75969e-006
5.63061e+007 0.000750738 6.47804e-006
5.08668e+007 0.000722819 6.19638e-006
4.54275e+007 0.000694901 5.91473e-006
3.99881e+007 0.000666982 5.63307e-006
3.45603e+007 0.000639437 5.35142e-006
2.9145e+007 0.000612293 5.06977e-006
2.37297e+007 0.000585148 4.78811e-006
1.83143e+007 0.000558004 4.50646e-006
1.2899e+007 0.000530859 4.22481e-006
7.48362e+006 0.000503715 3.94315e-006
2.07364e+006 0.000476673 3.6615e-006
-3.13148e+006 0.000452106 3.37984e-006
-6.48855e+006 0.000446833 3.09819e-006
-9.41066e+006 0.000446833 2.81654e-006
-1.23328e+007 0.000446833 2.53488e-006
-1.52549e+007 0.000446833 2.25323e-006
-1.8177e+007 0.000446833 1.97158e-006
-2.10991e+007 0.000446833 1.68992e-006
-2.40212e+007 0.000446833 1.40827e-006
-2.69433e+007 0.000446833 1.12661e-006
-2.98654e+007 0.000446833 8.44961e-007
-3.27875e+007 0.000446833 5.63307e-007
-3.57096e+007 0.000446833 2.81654e-007
-3.86317e+007 0.000446833 3.17637e-022
-4.15538e+007 0.000446833 -2.81654e-007
-4.44759e+007 0.000446833 -5.63307e-007
-4.7398e+007 0.000446833 -8.44961e-007
-5.03202e+007 0.000446833 -1.12661e-006
-5.32423e+007 0.000446833 -1.40827e-006
-5.61644e+007 0.000446833 -1.68992e-006
-5.90865e+007 0.000446833 -1.97158e-006
-6.20086e+007 0.000446833 -2.25323e-006
-6.59344e+007 0.000456441 -2.53488e-006
-7.06783e+007 0.000474482 -2.81654e-006
-7.5686e+007 0.000495609 -3.09819e-006
-8.07705e+007 0.000517708 -3.37984e-006
-8.60228e+007 0.000542244 -3.6615e-006
-9.13058e+007 0.000567267 -3.94315e-006
-9.65764e+007 0.000592167 -4.22481e-006
-1.01834e+008 0.000616942 -4.50646e-006
-1.07149e+008 0.00064289 -4.78811e-006
-1.12483e+008 0.000669285 -5.06977e-006
-1.17805e+008 0.000695578 -5.35142e-006
-1.23117e+008 0.000721766 -5.63307e-006
-1.28417e+008 0.000747849 -5.91473e-006
-1.33707e+008 0.000773824 -6.19638e-006
-1.38984e+008 0.00079969 -6.47804e-006
-1.4425e+008 0.000825447 -6.75969e-006
-1.49505e+008 0.000851091 -7.04134e-006
-1.54757e+008 0.000876886 -7.323e-006
-1.59798e+008 0.00090399 -7.60465e-006
-1.60806e+008 0.000942481 -7.8863e-006
-1.6181e+008 0.000981083 -8.16796e-006
-1.628e+008 0.00102032 -8.44961e-006
-1.63789e+008 0.00105952 -8.73127e-006
-1.64776e+008 0.0010987 -9.01292e-006
-1.65762e+008 0.00113786 -9.29457e-006
-1.66747e+008 0.00117699 -9.57623e-006
-1.67731e+008 0.00121609 -9.85788e-006
-1.68713e+008 0.00125516 -1.01395e-005
-1.69694e+008 0.00129421 -1.04212e-005
-1.70674e+008 0.00133323 -1.07028e-005
-1.71653e+008 0.00137223 -1.09845e-005
-1.72631e+008 0.0014112 -1.12661e-005
-1.73607e+008 0.00145013 -1.15478e-005
-1.74582e+008 0.00148905 -1.18295e-005
-1.75555e+008 0.00152793 -1.21111e-005
-1.76528e+008 0.00156678 -1.23928e-005
-1.71099e+008 0.00153953 -1.21111e-005
-1.6567e+008 0.00151228 -1.18295e-005
-1.6024e+008 0.00148502 -1.15478e-005
-1.54811e+008 0.00145777 -1.12661e-005
-1.49382e+008 0.00143052 -1.09845e-005
-1.43953e+008 0.00140327 -1.07028e-005
-1.38524e+008 0.00137601 -1.04212e-005
-1.33095e+008 0.00134876 -1.01395e-005
-1.27666e+008 0.00132151 -9.85788e-006
-1.22237e+008 0.00129425 -9.57623e-006
-1.16851e+008 0.00126784 -9.29457e-006
-1.11508e+008 0.00124225 -9.01292e-006
-1.06165e+008 0.00121667 -8.73127e-006
-1.00822e+008 0.00119108 -8.44961e-006
-9.54794e+007 0.0011655 -8.16796e-006
-9.01365e+007 0.00113991 -7.8863e-006
-8.47936e+007 0.00111433 -7.60465e-006
-7.94508e+007 0.00108874 -7.323e-006
-7.4212e+007 0.00106464 -7.04134e-006
-6.90836e+007 0.00104212 -6.75969e-006
-6.39728e+007 0.00101981 -6.47804e-006
-5.90336e+007 0.000999602 -6.19638e-006
-5.44722e+007 0.000983567 -5.91473e-006
-5.10676e+007 0.000978963 -5.63307e-006
-4.81455e+007 0.000978963 -5.35142e-006
-4.52234e+007 0.000978963 -5.06977e-006
-4.23013e+007 0.000978963 -4.78811e-006
-3.93792e+007 0.000978963 -4.50646e-006
-3.64571e+007 0.000978963 -4.22481e-006
-3.3535e+007 0.000978963 -3.94315e-006
-3.06128e+007 0.000978963 -3.6615e-006
-2.76907e+007 0.000978963 -3.37984e-006
-2.47686e+007 0.000978963 -3.09819e-006
-2.18465e+007 0.000978963 -2.81654e-006
-1.89244e+007 0.000978963 -2.53488e-006
-1.60023e+007 0.000978963 -2.25323e-006
-1.30802e+007 0.000978963 -1.97158e-006
-1.01581e+007 0.000978963 -1.68992e-006
-7.23599e+006 0.000978963 -1.40827e-006
-4.31388e+006 0.000978963 -1.12661e-006
-1.39178e+006 0.000978963 -8.44961e-007
1.53033e+006 0.000978963 -5.63307e-007
4.45244e+006 0.000978963 -2.81654e-007
7.37454e+006 0.000978963 -3.17637e-022
1.02967e+007 0.000978963 2.81654e-007
1.32188e+007 0.000978963 5.63307e-007
1.61409e+007 0.000978963 8.44961e-007
1.9063e+007 0.000978963 1.12661e-006
2.19851e+007 0.000978963 1.40827e-006
2.49072e+007 0.000978963 1.68992e-006
2.78293e+007 0.000978963 1.97158e-006
3.07514e+007 0.000978963 2.25323e-006
3.36735e+007 0.000978963 2.53488e-006
3.65956e+007 0.000978963 2.81654e-006
3.95177e+007 0.000978963 3.09819e-006
4.24398e+007 0.000978963 3.37984e-006
4.53619e+007 0.000978963 3.6615e-006
4.8284e+007 0.000978963 3.94315e-006
5.12061e+007 0.000978963 4.22481e-006
5.41283e+007 0.000978963 4.50646e-006
5.70504e+007 0.000978963 4.78811e-006
5.99725e+007 0.000978963 5.06977e-006
6.28946e+007 0.000978963 5.35142e-006
6.58167e+007 0.000978963 5.63307e-006
6.87388e+007 0.000978963 5.91473e-006
7.19679e+007 0.000981862 6.19638e-006
7.62344e+007 0.000994866 6.47804e-006
8.10498e+007 0.00101372 6.75969e-006
8.61185e+007 0.00103558 7.04134e-006
9.13427e+007 0.00105956 7.323e-006
9.66518e+007 0.00108476 7.60465e-006
1.01979e+008 0.00111021 7.8863e-006
1.07307e+008 0.00113566 8.16796e-006
1.12634e+008 0.00116111 8.44961e-006
1.17961e+008 0.00118657 8.73127e-006
1.23289e+008 0.00121202 9.01292e-006
1.2867e+008 0.00123851 9.29457e-006
1.34085e+008 0.00126565 9.57623e-006
1.395e+008 0.0012928 9.85788e-006
1.44916e+008 0.00131994 1.01395e-005
1.50331e+008 0.00134708 1.04212e-005
1.55746e+008 0.00137423 1.07028e-005
1.61162e+008 0.00140137 1.09845e-005
1.66577e+008 0.00142852 1.12661e-005
1.71992e+008 0.00145566 1.15478e-005
1.74029e+008 0.00149285 1.18295e-005
1.75061e+008 0.00153302 1.21111e-005
1.76093e+008 0.00157319 1.23928e-005
1.77124e+008 0.00161336 1.26744e-005
1.78156e+008 0.00165353 1.29561e-005
1.79188e+008 0.0016937 1.32377e-005
1.80219e+008 0.00173387 1.35194e-005
1.81251e+008 0.00177404 1.3801e-005
1.82283e+008 0.00181421 1.40827e-005
1.83314e+008 0.00185438 1.43643e-005
1.84346e+008 0.00189455 1.4646e-005
1.85378e+008 0.00193472 1.49276e-005
1.86409e+008 0.00197489 1.52093e-005
1.87441e+008 0.00201506 1.5491e-005
1.88473e+008 0.00205523 1.57726e-005
1.89504e+008 0.0020954 1.60543e-005
1.90118e+008 0.00213821 1.63359e-005
1.90278e+008 0.00218387 1.66176e-005
1.90439e+008 0.00222953 1.68992e-005
1.90599e+008 0.00227518 1.71809e-005
1.90748e+008 0.00232047 1.74625e-005
1.90897e+008 0.00236577 1.77442e-005
1.91045e+008 0.00241106 1.80258e-005
1.91193e+008 0.00245634 1.83075e-005
1.91341e+008 0.00250161 1.85891e-005
1.91477e+008 0.00254681 1.88708e-005
1.91594e+008 0.0025929 1.91525e-005
1.917e+008 0.00263945 1.94341e-005
1.91807e+008 0.002686 1.97158e-005
1.91913e+008 0.00273254 1.99974e-005
1.92019e+008 0.00277907 2.02791e-005
1.92125e+008 0.0028256 2.05607e-005
1.92231e+008 0.00287212 2.08424e-005
1.92337e+008 0.00291864 2.1124e-005
1.92442e+008 0.00296515 2.14057e-005
1.92548e+008 0.00301166 2.16873e-005
1.92652e+008 0.00305804 2.1969e-005
1.92755e+008 0.00310434 2.22506e-005
1.92858e+008 0.00315063 2.25323e-005
1.92961e+008 0.00319692 2.2814e-005
1.93064e+008 0.0032432 2.30956e-005
1.93167e+008 0.00328947 2.33773e-005
1.93269e+008 0.00333573 2.36589e-005
1.93372e+008 0.00338199 2.39406e-005
1.93474e+008 0.00342823 2.42222e-005
1.93576e+008 0.00347447 2.45039e-005
1.93678e+008 0.00352071 2.47855e-005
1.88371e+008 0.00349543 2.45039e-005
1.83065e+008 0.00347016 2.42222e-005
1.77758e+008 0.00344489 2.39406e-005
1.72452e+008 0.00341961 2.36589e-005
1.67145e+008 0.00339434 2.33773e-005
1.61838e+008 0.00336906 2.30956e-005
1.56532e+008 0.00334379 2.2814e-005
1.51225e+008 0.00331852 2.25323e-005
1.45918e+008 0.00329324 2.22506e-005
1.40612e+008 0.00326797 2.1969e-005
1.35324e+008 0.00324296 2.16873e-005
1.30124e+008 0.0032192 2.14057e-005
1.2504e+008 0.00319708 2.1124e-005
1.19956e+008 0.00317496 2.08424e-005
1.14872e+008 0.00315285 2.05607e-005
1.09788e+008 0.00313073 2.02791e-005
1.04704e+008 0.00310861 1.99974e-005
9.96201e+007 0.0030865 1.97158e-005
9.45361e+007 0.00306438 1.94341e-005
8.94659e+007 0.00304243 1.91525e-005
8.45774e+007 0.00302269 1.88708e-005
7.96888e+007 0.00300296 1.85891e-005
7.48002e+007 0.00298322 1.83075e-005
6.99116e+007 0.00296349 1.80258e-005
6.52465e+007 0.00294626 1.77442e-005
6.06385e+007 0.00292968 1.74625e-005
5.60305e+007 0.00291309 1.71809e-005
5.17736e+007 0.00290019 1.68992e-005
4.75618e+007 0.00288776 1.66176e-005
4.37574e+007 0.00287937 1.63359e-005
4.02013e+007 0.00287338 1.60543e-005
3.72792e+007 0.00287338 1.57726e-005
3.43571e+007 0.00287338 1.5491e-005
3.1435e+007 0.00287338 1.52093e-005
2.85129e+007 0.00287338 1.49276e-005
2.55908e+007 0.00287338 1.4646e-005
2.26687e+007 0.00287338 1.43643e-005
1.97466e+007 0.00287338 1.40827e-005
1.68245e+007 0.00287338 1.3801e-005
1.39024e+007 0.00287338 1.35194e-005
1.09803e+007 0.00287338 1.32377e-005
8.05816e+006 0.00287338 1.29561e-005
5.13605e+006 0.00287338 1.26744e-005
2.21395e+006 0.00287338 1.23928e-005
-708162 0.00287338 1.21111e-005
-3.63027e+006 0.00287338 1.18295e-005
-6.55238e+006 0.00287338 1.15478e-005
-9.47448e+006 0.00287338 1.12661e-005
-1.23966e+007 0.00287338 1.09845e-005
-1.53187e+007 0.00287338 1.07028e-005
-1.82408e+007 0.00287338 1.04212e-005
-2.11629e+007 0.00287338 1.01395e-005
-2.4085e+007 0.00287338 9.85788e-006
-2.70071e+007 0.00287338 9.57623e-006
-2.99292e+007 0.00287338 9.29457e-006
-3.28513e+007 0.00287338 9.01292e-006
-3.57734e+007 0.00287338 8.73127e-006
-3.86956e+007 0.00287338 8.44961e-006
-4.16177e+007 0.00287338 8.16796e-006
-4.45398e+007 0.00287338 7.8863e-006
-4.74619e+007 0.00287338 7.60465e-006
-5.0384e+007 0.00287338 7.323e-006
-5.33061e+007 0.00287338 7.04134e-006
-5.62282e+007 0.00287338 6.75969e-006
-5.91503e+007 0.00287338 6.47804e-006
-6.20724e+007 0.00287338 6.19638e-006
-6.49945e+007 0.00287338 5.91473e-006
-6.79166e+007 0.00287338 5.63307e-006
-7.08387e+007 0.00287338 5.35142e-006
-7.37608e+007 0.00287338 5.06977e-006
-7.66829e+007 0.00287338 4.78811e-006
-7.9605e+007 0.00287338 4.50646e-006
-8.25272e+007 0.00287338 4.22481e-006
-8.54493e+007 0.00287338 3.94315e-006
-8.83714e+007 0.00287338 3.6615e-006
-9.12935e+007 0.00287338 3.37984e-006
-9.42156e+007 0.00287338 3.09819e-006
-9.71377e+007 0.00287338 2.81654e-006
-1.0006e+008 0.00287338 2.53488e-006
-1.01964e+008 0.00286161 2.25323e-006
-1.02586e+008 0.002835 1.97158e-006
-1.03207e+008 0.00280839 1.68992e-006
-1.03829e+008 0.00278178 1.40827e-006
-1.04451e+008 0.00275517 1.12661e-006
-1.05072e+008 0.00272856 8.44961e-007
-1.05694e+008 0.00270196 5.63307e-007
-1.06315e+008 0.00267535 2.81654e-007
-1.06937e+008 0.00264874 2.0117e-021
-1.07559e+008 0.00262213 -2.81654e-007
-1.0818e+008 0.00259552 -5.63307e-007
-1.08802e+008 0.00256891 -8.44961e-007
-1.09423e+008 0.0025423 -1.12661e-006
-1.10045e+008 0.0025157 -1.40827e-006
-1.10667e+008 0.00248909 -1.68992e-006
-1.11288e+008 0.00246248 -1.97158e-006
-1.1191e+008 0.00243587 -2.25323e-006
-1.12531e+008 0.00240926 -2.53488e-006
-1.13153e+008 0.00238265 -2.81654e-006
-1.13775e+008 0.00235604 -3.09819e-006
-1.14396e+008 0.00232943 -3.37984e-006
-1.15018e+008 0.00230283 -3.6615e-006
-1.15639e+008 0.00227622 -3.94315e-006
-1.16261e+008 0.00224961 -4.22481e-006
-1.16883e+008 0.002223 -4.50646e-006
-1.17504e+008 0.00219639 -4.78811e-006
-1.18126e+008 0.00216978 -5.06977e-006
-1.18747e+008 0.00214317 -5.35142e-006
-1.19369e+008 0.00211656 -5.63307e-006
-1.19991e+008 0.00208996 -5.91473e-006
-1.20612e+008 0.00206335 -6.19638e-006
-1.21234e+008 0.00203674 -6.47804e-006
-1.21855e+008 0.00201013 -6.75969e-006
-1.22477e+008 0.00198352 -7.04134e-006
-1.23099e+008 0.00195691 -7.323e-006
-1.2372e+008 0.0019303 -7.60465e-006
-1.24342e+008 0.00190369 -7.8863e-006
-1.24963e+008 0.00187709 -8.16796e-006
-1.25585e+008 0.00185048 -8.44961e-006
-1.26207e+008 0.00182387 -8.73127e-006
-1.26828e+008 0.00179726 -9.01292e-006
-1.2745e+008 0.00177065 -9.29457e-006
-1.28071e+008 0.00174404 -9.57623e-006
-1.29943e+008 0.00173012 -9.85788e-006
-1.33251e+008 0.00173112 -1.01395e-005
-1.3718e+008 0.00173894 -1.04212e-005
-1.41412e+008 0.00175028 -1.07028e-005
-1.45784e+008 0.00176322 -1.09845e-005
-1.48488e+008 0.0017904 -1.12661e-005
-1.49494e+008 0.00182874 -1.15478e-005
-1.50499e+008 0.00186709 -1.18295e-005
-1.51504e+008 0.00190544 -1.21111e-005
-1.52509e+008 0.00194378 -1.23928e-005
-1.53514e+008 0.00198213 -1.26744e-005
-1.5452e+008 0.00202048 -1.29561e-005
-1.55525e+008 0.00205882 -1.32377e-005
-1.5653e+008 0.00209717 -1.35194e-005
-1.57535e+008 0.00213552 -1.3801e-005
-1.5854e+008 0.00217386 -1.40827e-005
-1.59546e+008 0.00221221 -1.43643e-005
-1.60551e+008 0.00225056 -1.4646e-005
-1.61556e+008 0.0022889 -1.49276e-005
-1.62561e+008 0.00232725 -1.52093e-005
-1.63567e+008 0.0023656 -1.5491e-005
-1.64572e+008 0.00240394 -1.57726e-005
-1.65577e+008 0.00244229 -1.60543e-005
-1.66582e+008 0.00248064 -1.63359e-005
-1.67587e+008 0.00251898 -1.66176e-005
-1.68593e+008 0.00255733 -1.68992e-005
-1.69601e+008 0.002596 -1.71809e-005
-1.70614e+008 0.00263522 -1.74625e-005
-1.71628e+008 0.00267452 -1.77442e-005
-1.72642e+008 0.0027139 -1.80258e-005
-1.73657e+008 0.00275329 -1.83075e-005
-1.74671e+008 0.00279267 -1.85891e-005
-1.75678e+008 0.00283186 -1.88708e-005
-1.76663e+008 0.00287055 -1.91525e-005
-1.77648e+008 0.00290922 -1.94341e-005
-1.78633e+008 0.00294788 -1.97158e-005
-1.79602e+008 0.00298612 -1.99974e-005
-1.80564e+008 0.00302417 -2.02791e-005
-1.81525e+008 0.00306218 -2.05607e-005
-1.82484e+008 0.00310017 -2.08424e-005
-1.83443e+008 0.00313812 -2.1124e-005
-1.84386e+008 0.00317558 -2.14057e-005
-1.85327e+008 0.003213 -2.16873e-005
-1.86267e+008 0.00325038 -2.1969e-005
-1.87206e+008 0.00328772 -2.22506e-005
-1.88143e+008 0.00332502 -2.25323e-005
-1.89079e+008 0.00336228 -2.2814e-005
-1.90006e+008 0.00339922 -2.30956e-005
-1.90929e+008 0.00343602 -2.33773e-005
-1.91849e+008 0.00347276 -2.36589e-005
-1.92768e+008 0.00350945 -2.39406e-005
-1.93121e+008 0.00355315 -2.42222e-005
-1.93225e+008 0.00359945 -2.45039e-005
-1.93329e+008 0.00364574 -2.47855e-005
-1.88009e+008 0.00362034 -2.45039e-005
-1.82688e+008 0.00359495 -2.42222e-005
-1.77367e+008 0.00356955 -2.39406e-005
-1.72046e+008 0.00354415 -2.36589e-005
-1.66726e+008 0.00351875 -2.33773e-005
-1.61413e+008 0.00349347 -2.30956e-005
-1.56282e+008 0.00347078 -2.2814e-005
-1.51181e+008 0.0034485 -2.25323e-005
-1.4608e+008 0.00342622 -2.22506e-005
-1.40978e+008 0.00340394 -2.1969e-005
-1.35877e+008 0.00338166 -2.16873e-005
-1.30776e+008 0.00335938 -2.14057e-005
-1.25674e+008 0.0033371 -2.1124e-005
-1.20573e+008 0.00331482 -2.08424e-005
-1.15472e+008 0.00329254 -2.05607e-005
-1.1037e+008 0.00327026 -2.02791e-005
-1.05377e+008 0.0032493 -1.99974e-005
-1.00468e+008 0.00322938 -1.97158e-005
-9.55597e+007 0.00320945 -1.94341e-005
-9.0651e+007 0.00318952 -1.91525e-005
-8.57711e+007 0.00316992 -1.88708e-005
-8.11391e+007 0.0031531 -1.85891e-005
-7.6507e+007 0.00313628 -1.83075e-005
-7.20265e+007 0.00312105 -1.80258e-005
-6.77896e+007 0.00310838 -1.77442e-005
-6.36417e+007 0.00309659 -1.74625e-005
-5.99565e+007 0.00308939 -1.71809e-005
-5.65261e+007 0.00308459 -1.68992e-005
-5.3604e+007 0.00308459 -1.66176e-005
-5.06819e+007 0.00308459 -1.63359e-005
-4.77598e+007 0.00308459 -1.60543e-005
-4.48377e+007 0.00308459 -1.57726e-005
-4.19156e+007 0.00308459 -1.5491e-005
-3.89935e+007 0.00308459 -1.52093e-005
-3.60714e+007 0.00308459 -1.49276e-005
-3.31493e+007 0.00308459 -1.4646e-005
-3.02272e+007 0.00308459 -1.43643e-005
-2.73051e+007 0.00308459 -1.40827e-005
-2.4383e+007 0.00308459 -1.3801e-005
-2.14608e+007 0.00308459 -1.35194e-005
-1.85387e+007 0.00308459 -1.32377e-005
-1.56166e+007 0.00308459 -1.29561e-005
-1.26945e+007 0.00308459 -1.26744e-005
-9.77242e+006 0.00308459 -1.23928e-005
-6.85031e+006 0.00308459 -1.21111e-005
-3.9282e+006 0.00308459 -1.18295e-005
-1.0061e+006 0.00308459 -1.15478e-005
1.91601e+006 0.00308459 -1.12661e-005
4.83812e+006 0.00308459 -1.09845e-005
7.76023e+006 0.00308459 -1.07028e-005
1.06823e+007 0.00308459 -1.04212e-005
1.36044e+007 0.00308459 -1.01395e-005
1.65265e+007 0.00308459 -9.85788e-006
1.94487e+007 0.00308459 -9.57623e-006
2.23708e+007 0.00308459 -9.29457e-006
2.52929e+007 0.00308459 -9.01292e-006
2.8215e+007 0.00308459 -8.73127e-006
3.11371e+007 0.00308459 -8.44961e-006
3.40592e+007 0.00308459 -8.16796e-006
3.69813e+007 0.00308459 -7.8863e-006
3.99034e+007 0.00308459 -7.60465e-006
4.28255e+007 0.00308459 -7.323e-006
4.57476e+007 0.00308459 -7.04134e-006
4.86697e+007 0.00308459 -6.75969e-006
5.15918e+007 0.00308459 -6.47804e-006
5.45139e+007 0.00308459 -6.19638e-006
5.7436e+007 0.00308459 -5.91473e-006
6.03581e+007 0.00308459 -5.63307e-006
6.32803e+007 0.00308459 -5.35142e-006
6.62024e+007 0.00308459 -5.06977e-006
6.91245e+007 0.00308459 -4.78811e-006
7.20466e+007 0.00308459 -4.50646e-006
7.49687e+007 0.00308459 -4.22481e-006
7.78908e+007 0.00308459 -3.94315e-006
8.08129e+007 0.00308459 -3.6615e-006
8.3735e+007 0.00308459 -3.37984e-006
8.66571e+007 0.00308459 -3.09819e-006
8.95792e+007 0.00308459 -2.81654e-006
9.25013e+007 0.00308459 -2.53488e-006
9.54234e+007 0.00308459 -2.25323e-006
9.83455e+007 0.00308459 -1.97158e-006
1.00048e+008 0.00307048 -1.68992e-006
1.0067e+008 0.00304387 -1.40827e-006
1.01291e+008 0.00301727 -1.12661e-006
1.01913e+008 0.00299066 -8.44961e-007
1.02534e+008 0.00296405 -5.63307e-007
1.03156e+008 0.00293744 -2.81654e-007
1.03778e+008 0.00291083 1.37643e-021
1.04399e+008 0.00288422 2.81654e-007
1.05021e+008 0.00285761 5.63307e-007
1.05642e+008 0.002831 8.44961e-007
1.06264e+008 0.0028044 1.12661e-006
1.06886e+008 0.00277779 1.40827e-006
1.07507e+008 0.00275118 1.68992e-006
1.08129e+008 0.00272457 1.97158e-006
1.0875e+008 0.00269796 2.25323e-006
1.09372e+008 0.00267135 2.53488e-006
1.09994e+008 0.00264474 2.81654e-006
1.10615e+008 0.00261813 3.09819e-006
1.11237e+008 0.00259153 3.37984e-006
1.11858e+008 0.00256492 3.6615e-006
1.1248e+008 0.00253831 3.94315e-006
1.13102e+008 0.0025117 4.22481e-006
1.13723e+008 0.00248509 4.50646e-006
1.14345e+008 0.00245848 4.78811e-006
1.14966e+008 0.00243187 5.06977e-006
1.15588e+008 0.00240526 5.35142e-006
1.1621e+008 0.00237866 5.63307e-006
1.16831e+008 0.00235205 5.91473e-006
1.17453e+008 0.00232544 6.19638e-006
1.18074e+008 0.00229883 6.47804e-006
1.18696e+008 0.00227222 6.75969e-006
1.19318e+008 0.00224561 7.04134e-006
1.19939e+008 0.002219 7.323e-006
1.20561e+008 0.00219239 7.60465e-006
1.21182e+008 0.00216579 7.8863e-006
1.21804e+008 0.00213918 8.16796e-006
1.22426e+008 0.00211257 8.44961e-006
1.23047e+008 0.00208596 8.73127e-006
1.23669e+008 0.00205935 9.01292e-006
1.2429e+008 0.00203274 9.29457e-006
1.24912e+008 0.00200613 9.57623e-006
1.25534e+008 0.00197953 9.85788e-006
1.26155e+008 0.00195292 1.01395e-005
1.26777e+008 0.00192631 1.04212e-005
1.27398e+008 0.0018997 1.07028e-005
1.2802e+008 0.00187309 1.09845e-005
1.30608e+008 0.00186657 1.12661e-005
1.34251e+008 0.00187134 1.15478e-005
1.38366e+008 0.00188144 1.18295e-005
1.42661e+008 0.00189363 1.21111e-005
1.47198e+008 0.00190879 1.23928e-005
1.49288e+008 0.00194014 1.26744e-005
1.50282e+008 0.00197814 1.29561e-005
1.51276e+008 0.00201614 1.32377e-005
1.5227e+008 0.00205413 1.35194e-005
1.53264e+008 0.00209213 1.3801e-005
1.54258e+008 0.00213013 1.40827e-005
1.55251e+008 0.00216812 1.43643e-005
1.56245e+008 0.00220612 1.4646e-005
1.57239e+008 0.00224412 1.49276e-005
1.58233e+008 0.00228212 1.52093e-005
1.59227e+008 0.00232011 1.5491e-005
1.60221e+008 0.00235811 1.57726e-005
1.61219e+008 0.00239651 1.60543e-005
1.62222e+008 0.00243546 1.63359e-005
1.63225e+008 0.00247442 1.66176e-005
1.64228e+008 0.00251337 1.68992e-005
1.65231e+008 0.00255232 1.71809e-005
1.66235e+008 0.00259132 1.74625e-005
1.6724e+008 0.00263045 1.77442e-005
1.68244e+008 0.00266959 1.80258e-005
1.69249e+008 0.00270872 1.83075e-005
1.70254e+008 0.00274786 1.85891e-005
1.71259e+008 0.00278699 1.88708e-005
1.72264e+008 0.00282612 1.91525e-005
1.73268e+008 0.00286526 1.94341e-005
1.74273e+008 0.00290439 1.97158e-005
1.75278e+008 0.00294353 1.99974e-005
1.76283e+008 0.00298266 2.02791e-005
1.77288e+008 0.0030218 2.05607e-005
1.78292e+008 0.00306093 2.08424e-005
1.79297e+008 0.00310007 2.1124e-005
1.80302e+008 0.0031392 2.14057e-005
1.81307e+008 0.00317834 2.16873e-005
1.82312e+008 0.00321747 2.1969e-005
1.83316e+008 0.0032566 2.22506e-005
1.84321e+008 0.00329574 2.25323e-005
1.85326e+008 0.00333487 2.2814e-005
1.86331e+008 0.00337401 2.30956e-005
1.87336e+008 0.00341314 2.33773e-005
1.8834e+008 0.00345228 2.36589e-005
1.89345e+008 0.00349141 2.39406e-005
1.9035e+008 0.00353055 2.42222e-005
1.91355e+008 0.00356968 2.45039e-005
1.9236e+008 0.00360881 2.47855e-005
1.93314e+008 0.00364844 2.50672e-005
1.93433e+008 0.00369562 2.53488e-005
1.93553e+008 0.0037428 2.56305e-005
1.93672e+008 0.00378998 2.59121e-005
1.93791e+008 0.00383716 2.61938e-005
1.9391e+008 0.00388434 2.64755e-005
1.94029e+008 0.00393152 2.67571e-005
1.94148e+008 0.0039787 2.70388e-005
1.94268e+008 0.00402588 2.73204e-005
1.94387e+008 0.00407306 2.76021e-005
1.94496e+008 0.00411982 2.78837e-005
1.94606e+008 0.00416657 2.81654e-005
1.94715e+008 0.00421331 2.8447e-005
1.94822e+008 0.00425994 2.87287e-005
1.94926e+008 0.00430636 2.90103e-005
1.9503e+008 0.00435277 2.9292e-005
1.95133e+008 0.00439917 2.95736e-005
1.95236e+008 0.00444556 2.98553e-005
1.9534e+008 0.00449195 3.0137e-005
1.95443e+008 0.00453834 3.04186e-005
1.95545e+008 0.00458469 3.07003e-005
1.95646e+008 0.00463085 3.09819e-005
1.95746e+008 0.00467701 3.12636e-005
1.95847e+008 0.00472315 3.15452e-005
1.95947e+008 0.00476929 3.18269e-005
1.96047e+008 0.00481542 3.21085e-005
1.96146e+008 0.00486156 3.23902e-005
1.96244e+008 0.00490786 3.26718e-005
1.96343e+008 0.00495414 3.29535e-005
1.96441e+008 0.00500042 3.32351e-005
1.96538e+008 0.00504669 3.35168e-005
1.96636e+008 0.00509295 3.37984e-005
1.96731e+008 0.00513952 3.40801e-005
1.96821e+008 0.00518671 3.43618e-005
1.96911e+008 0.0052339 3.46434e-005
1.97001e+008 0.00528108 3.49251e-005
1.97091e+008 0.00532825 3.52067e-005
1.9718e+008 0.00537541 3.54884e-005
1.9727e+008 0.00542256 3.577e-005
1.97359e+008 0.00546971 3.60517e-005
1.97449e+008 0.00551685 3.63333e-005
1.97538e+008 0.00556398 3.6615e-005
1.97627e+008 0.0056111 3.68966e-005
1.97716e+008 0.00565821 3.71783e-005
1.97805e+008 0.00570532 3.74599e-005
1.97894e+008 0.00575241 3.77416e-005
1.97983e+008 0.0057995 3.80233e-005
1.98072e+008 0.00584658 3.83049e-005
1.9816e+008 0.00589365 3.85866e-005
1.98249e+008 0.00594072 3.88682e-005
1.98337e+008 0.00598777 3.91499e-005
1.98425e+008 0.00603482 3.94315e-005
1.98513e+008 0.00608186 3.97132e-005
1.98601e+008 0.00612889 3.99948e-005
1.98689e+008 0.00617591 4.02765e-005
1.98777e+008 0.00622293 4.05581e-005
1.98865e+008 0.00626993 4.08398e-005
1.98953e+008 0.00631693 4.11214e-005
1.9904e+008 0.00636391 4.14031e-005
1.99128e+008 0.00641089 4.16848e-005
1.99215e+008 0.00645786 4.19664e-005
1.99302e+008 0.00650482 4.22481e-005
1.99389e+008 0.00655178 4.25297e-005
1.99476e+008 0.00659872 4.28114e-005
1.99563e+008 0.00664566 4.3093e-005
1.9965e+008 0.00669258 4.33747e-005
1.99737e+008 0.0067395 4.36563e-005
1.99823e+008 0.00678641 4.3938e-005
1.9991e+008 0.00683331 4.42196e-005
1.99996e+008 0.0068802 4.45013e-005
2.00082e+008 0.00692708 4.47829e-005
2.00169e+008 0.00697395 4.50646e-005
2.00255e+008 0.00702081 4.53463e-005
2.00341e+008 0.00706767 4.56279e-005
2.00426e+008 0.00711451 4.59096e-005
2.00512e+008 0.00716135 4.61912e-005
2.00598e+008 0.00720818 4.64729e-005
2.00683e+008 0.00725499 4.67545e-005
2.00769e+008 0.0073018 4.70362e-005
2.00854e+008 0.0073486 4.73178e-005
2.00939e+008 0.00739539 4.75995e-005
2.01024e+008 0.00744217 4.78811e-005
2.01109e+008 0.0074889 4.81628e-005
2.01193e+008 0.00753555 4.84444e-005
2.01278e+008 0.00758219 4.87261e-005
2.01362e+008 0.00762882 4.90078e-005
2.01446e+008 0.00767544 4.92894e-005
2.0153e+008 0.00772205 4.95711e-005
2.01614e+008 0.00776864 4.98527e-005
1.96616e+008 0.00774733 4.95711e-005
1.91619e+008 0.00772601 4.92894e-005
1.86621e+008 0.00770469 4.90078e-005
1.81623e+008 0.00768338 4.87261e-005
1.76626e+008 0.00766206 4.84444e-005
1.71628e+008 0.00764074 4.81628e-005
1.6663e+008 0.00761943 4.78811e-005
1.61632e+008 0.00759811 4.75995e-005
1.56635e+008 0.00757679 4.73178e-005
1.51637e+008 0.00755547 4.70362e-005
1.46639e+008 0.00753416 4.67545e-005
1.41642e+008 0.00751284 4.64729e-005
1.36783e+008 0.00749321 4.61912e-005
1.31995e+008 0.00747442 4.59096e-005
1.27206e+008 0.00745564 4.56279e-005
1.22418e+008 0.00743685 4.53463e-005
1.17629e+008 0.00741806 4.50646e-005
1.1284e+008 0.00739927 4.47829e-005
1.08052e+008 0.00738048 4.45013e-005
1.03263e+008 0.0073617 4.42196e-005
9.84746e+007 0.00734291 4.3938e-005
9.3686e+007 0.00732412 4.36563e-005
8.88974e+007 0.00730533 4.33747e-005
8.42048e+007 0.00728762 4.3093e-005
7.97165e+007 0.00727218 4.28114e-005
7.52283e+007 0.00725675 4.25297e-005
7.074e+007 0.00724132 4.22481e-005
6.62517e+007 0.00722589 4.19664e-005
6.17634e+007 0.00721046 4.16848e-005
5.72752e+007 0.00719503 4.14031e-005
5.3035e+007 0.00718219 4.11214e-005
4.89482e+007 0.00717096 4.08398e-005
4.48613e+007 0.00715973 4.05581e-005
4.07745e+007 0.00714849 4.02765e-005
3.66876e+007 0.00713726 3.99948e-005
3.28897e+007 0.00712889 3.97132e-005
2.93197e+007 0.00712277 3.94315e-005
2.57497e+007 0.00711665 3.91499e-005
2.21797e+007 0.00711054 3.88682e-005
1.91812e+007 0.00710981 3.85866e-005
1.62591e+007 0.00710981 3.83049e-005
1.3337e+007 0.00710981 3.80233e-005
1.04149e+007 0.00710981 3.77416e-005
7.49276e+006 0.00710981 3.74599e-005
4.57065e+006 0.00710981 3.71783e-005
1.64854e+006 0.00710981 3.68966e-005
-1.27357e+006 0.00710981 3.6615e-005
-4.19567e+006 0.00710981 3.63333e-005
-7.11778e+006 0.00710981 3.60517e-005
-1.00399e+007 0.00710981 3.577e-005
-1.2962e+007 0.00710981 3.54884e-005
-1.58841e+007 0.00710981 3.52067e-005
-1.88062e+007 0.00710981 3.49251e-005
-2.17283e+007 0.00710981 3.46434e-005
-2.46504e+007 0.00710981 3.43618e-005
-2.75725e+007 0.00710981 3.40801e-005
-3.04946e+007 0.00710981 3.37984e-005
-3.34167e+007 0.00710981 3.35168e-005
-3.63388e+007 0.00710981 3.32351e-005
-3.9261e+007 0.00710981 3.29535e-005
-4.21831e+007 0.00710981 3.26718e-005
-4.51052e+007 0.00710981 3.23902e-005
-4.80273e+007 0.00710981 3.21085e-005
-5.09494e+007 0.00710981 3.18269e-005
-5.38715e+007 0.00710981 3.15452e-005
-5.67936e+007 0.00710981 3.12636e-005
-5.97157e+007 0.00710981 3.09819e-005
-6.26378e+007 0.00710981 3.07003e-005
-6.55599e+007 0.00710981 3.04186e-005
-6.8482e+007 0.00710981 3.0137e-005
-7.14041e+007 0.00710981 2.98553e-005
-7.43262e+007 0.00710981 2.95736e-005
-7.72483e+007 0.00710981 2.9292e-005
-8.01705e+007 0.00710981 2.90103e-005
-8.30926e+007 0.00710981 2.87287e-005
-8.60147e+007 0.00710981 2.8447e-005
-8.89368e+007 0.00710981 2.81654e-005
-9.18589e+007 0.00710981 2.78837e-005
-9.4781e+007 0.00710981 2.76021e-005
-9.60981e+007 0.00709125 2.73204e-005
-9.67197e+007 0.00706464 2.70388e-005
-9.73413e+007 0.00703803 2.67571e-005
-9.79629e+007 0.00701142 2.64755e-005
-9.85846e+007 0.00698482 2.61938e-005
-9.92062e+007 0.00695821 2.59121e-005
-9.98278e+007 0.0069316 2.56305e-005
-1.00449e+008 0.00690499 2.53488e-005
-1.01071e+008 0.00687838 2.50672e-005
-1.01693e+008 0.00685177 2.47855e-005
-1.02314e+008 0.00682516 2.45039e-005
-1.02936e+008 0.00679855 2.42222e-005
-1.03557e+008 0.00677195 2.39406e-005
-1.04179e+008 0.00674534 2.36589e-005
-1.04801e+008 0.00671873 2.33773e-005
-1.05422e+008 0.00669212 2.30956e-005
-1.06044e+008 0.00666551 2.2814e-005
-1.06665e+008 0.0066389 2.25323e-005
-1.07287e+008 0.00661229 2.22506e-005
-1.07909e+008 0.00658568 2.1969e-005
-1.0853e+008 0.00655908 2.16873e-005
-1.09152e+008 0.00653247 2.14057e-005
-1.09773e+008 0.00650586 2.1124e-005
-1.10395e+008 0.00647925 2.08424e-005
-1.11017e+008 0.00645264 2.05607e-005
-1.11638e+008 0.00642603 2.02791e-005
-1.1226e+008 0.00639942 1.99974e-005
-1.12881e+008 0.00637282 1.97158e-005
-1.13503e+008 0.00634621 1.94341e-005
-1.14125e+008 0.0063196 1.91525e-005
-1.14746e+008 0.00629299 1.88708e-005
-1.15368e+008 0.00626638 1.85891e-005
-1.15989e+008 0.00623977 1.83075e-005
-1.16611e+008 0.00621316 1.80258e-005
-1.17233e+008 0.00618655 1.77442e-005
-1.17854e+008 0.00615995 1.74625e-005
-1.18476e+008 0.00613334 1.71809e-005
-1.19097e+008 0.00610673 1.68992e-005
-1.19719e+008 0.00608012 1.66176e-005
-1.20341e+008 0.00605351 1.63359e-005
-1.20962e+008 0.0060269 1.60543e-005
-1.21584e+008 0.00600029 1.57726e-005
-1.22205e+008 0.00597368 1.5491e-005
-1.22827e+008 0.00594708 1.52093e-005
-1.23449e+008 0.00592047 1.49276e-005
-1.2407e+008 0.00589386 1.4646e-005
-1.24692e+008 0.00586725 1.43643e-005
-1.25313e+008 0.00584064 1.40827e-005
-1.25935e+008 0.00581403 1.3801e-005
-1.26557e+008 0.00578742 1.35194e-005
-1.27178e+008 0.00576081 1.32377e-005
-1.278e+008 0.00573421 1.29561e-005
-1.28421e+008 0.0057076 1.26744e-005
-1.29043e+008 0.00568099 1.23928e-005
-1.29665e+008 0.00565438 1.21111e-005
-1.30286e+008 0.00562777 1.18295e-005
-1.30908e+008 0.00560116 1.15478e-005
-1.31529e+008 0.00557455 1.12661e-005
-1.32151e+008 0.00554794 1.09845e-005
-1.32773e+008 0.00552134 1.07028e-005
-1.33394e+008 0.00549473 1.04212e-005
-1.34016e+008 0.00546812 1.01395e-005
-1.34637e+008 0.00544151 9.85788e-006
-1.34859e+008 0.00543286 9.57623e-006
-1.34889e+008 0.00543286 9.29457e-006
-1.34918e+008 0.00543286 9.01292e-006
-1.34947e+008 0.00543286 8.73127e-006
-1.34976e+008 0.00543286 8.44961e-006
-1.35005e+008 0.00543286 8.16796e-006
-1.35035e+008 0.00543286 7.8863e-006
-1.35064e+008 0.00543286 7.60465e-006
-1.35093e+008 0.00543286 7.323e-006
-1.35122e+008 0.00543286 7.04134e-006
-1.35152e+008 0.00543286 6.75969e-006
-1.35181e+008 0.00543286 6.47804e-006
-1.3521e+008 0.00543286 6.19638e-006
-1.35239e+008 0.00543286 5.91473e-006
-1.35268e+008 0.00543286 5.63307e-006
-1.35298e+008 0.00543286 5.35142e-006
-1.35327e+008 0.00543286 5.06977e-006
-1.35356e+008 0.00543286 4.78811e-006
-1.35385e+008 0.00543286 4.50646e-006
-1.35415e+008 0.00543286 4.22481e-006
-1.35444e+008 0.00543286 3.94315e-006
-1.35473e+008 0.00543286 3.6615e-006
-1.35502e+008 0.00543286 3.37984e-006
-1.35531e+008 0.00543286 3.09819e-006
-1.35561e+008 0.00543286 2.81654e-006
-1.3559e+008 0.00543286 2.53488e-006
-1.35619e+008 0.00543286 2.25323e-006
-1.35648e+008 0.00543286 1.97158e-006
-1.35678e+008 0.00543286 1.68992e-006
-1.35707e+008 0.00543286 1.40827e-006
-1.35736e+008 0.00543286 1.12661e-006
-1.35765e+008 0.00543286 8.44961e-007
-1.35794e+008 0.00543286 5.63307e-007
-1.35824e+008 0.00543286 2.81654e-007
-1.35853e+008 0.00543286 2.0117e-021
-1.35882e+008 0.00543286 -2.81654e-007
-1.35911e+008 0.00543286 -5.63307e-007
-1.35941e+008 0.00543286 -8.44961e-007
-1.3597e+008 0.00543286 -1.12661e-006
-1.35999e+008 0.00543286 -1.40827e-006
-1.36028e+008 0.00543286 -1.68992e-006
-1.36057e+008 0.00543286 -1.97158e-006
-1.36087e+008 0.00543286 -2.25323e-006
-1.36116e+008 0.00543286 -2.53488e-006
-1.36145e+008 0.00543286 -2.81654e-006
-1.36174e+008 0.00543286 -3.09819e-006
-1.36203e+008 0.00543286 -3.37984e-006
-1.36233e+008 0.00543286 -3.6615e-006
-1.36262e+008 0.00543286 -3.94315e-006
-1.36291e+008 0.00543286 -4.22481e-006
-1.3632e+008 0.00543286 -4.50646e-006
-1.3635e+008 0.00543286 -4.78811e-006
-1.36379e+008 0.00543286 -5.06977e-006
-1.36408e+008 0.00543286 -5.35142e-006
-1.36437e+008 0.00543286 -5.63307e-006
-1.36466e+008 0.00543286 -5.91473e-006
-1.36496e+008 0.00543286 -6.19638e-006
-1.36525e+008 0.00543286 -6.47804e-006
-1.36554e+008 0.00543286 -6.75969e-006
-1.36583e+008 0.00543286 -7.04134e-006
-1.36613e+008 0.00543286 -7.323e-006
-1.36642e+008 0.00543286 -7.60465e-006
-1.36671e+008 0.00543286 -7.8863e-006
-1.367e+008 0.00543286 -8.16796e-006
-1.36729e+008 0.00543286 -8.44961e-006
-1.36759e+008 0.00543286 -8.73127e-006
-1.36788e+008 0.00543286 -9.01292e-006
-1.36817e+008 0.00543286 -9.29457e-006
-1.36846e+008 0.00543286 -9.57623e-006
-1.36876e+008 0.00543286 -9.85788e-006
-1.36905e+008 0.00543286 -1.01395e-005
-1.36934e+008 0.00543286 -1.04212e-005
-1.36963e+008 0.00543286 -1.07028e-005
-1.36992e+008 0.00543286 -1.09845e-005
-1.37022e+008 0.00543286 -1.12661e-005
-1.37051e+008 0.00543286 -1.15478e-005
-1.3708e+008 0.00543286 -1.18295e-005
-1.37109e+008 0.00543286 -1.21111e-005
-1.37139e+008 0.00543286 -1.23928e-005
-1.37168e+008 0.00543286 -1.26744e-005
-1.37197e+008 0.00543286 -1.29561e-005
-1.37226e+008 0.00543286 -1.32377e-005
-1.37255e+008 0.00543286 -1.35194e-005
-1.37285e+008 0.00543286 -1.3801e-005
-1.37314e+008 0.00543286 -1.40827e-005
-1.37343e+008 0.00543286 -1.43643e-005
-1.37372e+008 0.00543286 -1.4646e-005
-1.37402e+008 0.00543286 -1.49276e-005
-1.37431e+008 0.00543286 -1.52093e-005
-1.3746e+008 0.00543286 -1.5491e-005
-1.37489e+008 0.00543286 -1.57726e-005
-1.37518e+008 0.00543286 -1.60543e-005
-1.37548e+008 0.00543286 -1.63359e-005
-1.37577e+008 0.00543286 -1.66176e-005
-1.37606e+008 0.00543286 -1.68992e-005
-1.37635e+008 0.00543286 -1.71809e-005
-1.37665e+008 0.00543286 -1.74625e-005
-1.37694e+008 0.00543286 -1.77442e-005
-1.37723e+008 0.00543286 -1.80258e-005
-1.37752e+008 0.00543286 -1.83075e-005
-1.37781e+008 0.00543286 -1.85891e-005
-1.37811e+008 0.00543286 -1.88708e-005
-1.3784e+008 0.00543286 -1.91525e-005
-1.37869e+008 0.00543286 -1.94341e-005
-1.37898e+008 0.00543286 -1.97158e-005
-1.37928e+008 0.00543286 -1.99974e-005
-1.37957e+008 0.00543286 -2.02791e-005
-1.37986e+008 0.00543286 -2.05607e-005
-1.38015e+008 0.00543286 -2.08424e-005
-1.38044e+008 0.00543286 -2.1124e-005
-1.38074e+008 0.00543286 -2.14057e-005
-1.38103e+008 0.00543286 -2.16873e-005
-1.38132e+008 0.00543286 -2.1969e-005
-1.38161e+008 0.00543286 -2.22506e-005
-1.38191e+008 0.00543286 -2.25323e-005
-1.3822e+008 0.00543286 -2.2814e-005
-1.38249e+008 0.00543286 -2.30956e-005
-1.38278e+008 0.00543286 -2.33773e-005
-1.38307e+008 0.00543286 -2.36589e-005
-1.38337e+008 0.00543286 -2.39406e-005
-1.38366e+008 0.00543286 -2.42222e-005
-1.38395e+008 0.00543286 -2.45039e-005
-1.38424e+008 0.00543286 -2.47855e-005
-1.38454e+008 0.00543286 -2.50672e-005
-1.38483e+008 0.00543286 -2.53488e-005
-1.38512e+008 0.00543286 -2.56305e-005
-1.38541e+008 0.00543286 -2.59121e-005
-1.3857e+008 0.00543286 -2.61938e-005
-1.386e+008 0.00543286 -2.64755e-005
-1.38629e+008 0.00543286 -2.67571e-005
-1.38658e+008 0.00543286 -2.70388e-005
-1.38687e+008 0.00543286 -2.73204e-005
-1.38717e+008 0.00543286 -2.76021e-005
-1.38746e+008 0.00543286 -2.78837e-005
-1.38775e+008 0.00543286 -2.81654e-005
-1.38804e+008 0.00543286 -2.8447e-005
-1.38833e+008 0.00543286 -2.87287e-005
-1.38934e+008 0.00543546 -2.90103e-005
-1.39517e+008 0.00545579 -2.9292e-005
-1.40101e+008 0.00547612 -2.95736e-005
-1.40685e+008 0.00549645 -2.98553e-005
-1.41268e+008 0.00551678 -3.0137e-005
-1.41852e+008 0.00553711 -3.04186e-005
-1.4258e+008 0.00556311 -3.07003e-005
-1.43394e+008 0.00559247 -3.09819e-005
-1.44208e+008 0.00562183 -3.12636e-005
-1.45022e+008 0.00565119 -3.15452e-005
-1.45836e+008 0.00568055 -3.18269e-005
-1.4665e+008 0.00570991 -3.21085e-005
-1.47464e+008 0.00573927 -3.23902e-005
-1.48278e+008 0.00576863 -3.26718e-005
-1.49092e+008 0.005798 -3.29535e-005
-1.49992e+008 0.00583107 -3.32351e-005
-1.50915e+008 0.00586514 -3.35168e-005
-1.51838e+008 0.00589922 -3.37984e-005
-1.52761e+008 0.00593329 -3.40801e-005
-1.53683e+008 0.00596737 -3.43618e-005
-1.54606e+008 0.00600145 -3.46434e-005
-1.55529e+008 0.00603552 -3.49251e-005
-1.56452e+008 0.0060696 -3.52067e-005
-1.57375e+008 0.00610367 -3.54884e-005
-1.58297e+008 0.00613775 -3.577e-005
-1.5922e+008 0.00617183 -3.60517e-005
-1.60143e+008 0.0062059 -3.63333e-005
-1.61066e+008 0.00623998 -3.6615e-005
-1.61989e+008 0.00627405 -3.68966e-005
-1.62938e+008 0.00630946 -3.71783e-005
-1.63913e+008 0.00634614 -3.74599e-005
-1.64888e+008 0.00638282 -3.77416e-005
-1.65862e+008 0.00641949 -3.80233e-005
-1.66837e+008 0.00645617 -3.83049e-005
-1.67812e+008 0.00649285 -3.85866e-005
-1.68786e+008 0.00652952 -3.88682e-005
-1.69761e+008 0.0065662 -3.91499e-005
-1.70736e+008 0.00660288 -3.94315e-005
-1.7171e+008 0.00663955 -3.97132e-005
-1.72685e+008 0.00667623 -3.99948e-005
-1.7366e+008 0.00671291 -4.02765e-005
-1.74634e+008 0.00674958 -4.05581e-005
-1.75592e+008 0.00678573 -4.08398e-005
-1.76516e+008 0.00682076 -4.11214e-005
-1.77438e+008 0.00685576 -4.14031e-005
-1.78359e+008 0.00689073 -4.16848e-005
-1.79279e+008 0.00692567 -4.19664e-005
-1.80198e+008 0.00696057 -4.22481e-005
-1.81116e+008 0.00699544 -4.25297e-005
-1.82022e+008 0.0070299 -4.28114e-005
-1.82893e+008 0.00706311 -4.3093e-005
-1.83762e+008 0.00709624 -4.33747e-005
-1.84629e+008 0.0071293 -4.36563e-005
-1.85493e+008 0.00716227 -4.3938e-005
-1.86395e+008 0.00719729 -4.42196e-005
-1.873e+008 0.00723253 -4.45013e-005
-1.88202e+008 0.00726772 -4.47829e-005
-1.89104e+008 0.00730285 -4.50646e-005
-1.89988e+008 0.00733734 -4.53463e-005
-1.90858e+008 0.0073713 -4.56279e-005
-1.91724e+008 0.00740517 -4.59096e-005
-1.92589e+008 0.00743894 -4.61912e-005
-1.9345e+008 0.00747263 -4.64729e-005
-1.94309e+008 0.00750622 -4.67545e-005
-1.95164e+008 0.00753972 -4.70362e-005
-1.96017e+008 0.00757312 -4.73178e-005
-1.96867e+008 0.00760642 -4.75995e-005
-1.97714e+008 0.00763963 -4.78811e-005
-1.98558e+008 0.00767273 -4.81628e-005
-1.99386e+008 0.00770521 -4.84444e-005
-2.00203e+008 0.00773721 -4.87261e-005
-2.01006e+008 0.00776929 -4.90078e-005
-2.01093e+008 0.00781613 -4.92894e-005
-2.01179e+008 0.00786297 -4.95711e-005
-2.01265e+008 0.0079098 -4.98527e-005
-1.96241e+008 0.00788824 -4.95711e-005
-1.91218e+008 0.00786667 -4.92894e-005
-1.86194e+008 0.00784511 -4.90078e-005
-1.8117e+008 0.00782355 -4.87261e-005
-1.76147e+008 0.00780199 -4.84444e-005
-1.71123e+008 0.00778043 -4.81628e-005
-1.66099e+008 0.00775886 -4.78811e-005
-1.61076e+008 0.0077373 -4.75995e-005
-1.56057e+008 0.0077158 -4.73178e-005
-1.51238e+008 0.00769672 -4.70362e-005
-1.4642e+008 0.00767764 -4.67545e-005
-1.41601e+008 0.00765856 -4.64729e-005
-1.36782e+008 0.00763948 -4.61912e-005
-1.31963e+008 0.0076204 -4.59096e-005
-1.27144e+008 0.00760132 -4.56279e-005
-1.22325e+008 0.00758224 -4.53463e-005
-1.17506e+008 0.00756316 -4.50646e-005
-1.12688e+008 0.00754408 -4.47829e-005
-1.07869e+008 0.007525 -4.45013e-005
-1.0305e+008 0.00750593 -4.42196e-005
-9.84446e+007 0.00748924 -4.3938e-005
-9.392e+007 0.00747345 -4.36563e-005
-8.93953e+007 0.00745766 -4.33747e-005
-8.48706e+007 0.00744187 -4.3093e-005
-8.03459e+007 0.00742608 -4.28114e-005
-7.58212e+007 0.0074103 -4.25297e-005
-7.12965e+007 0.00739451 -4.22481e-005
-6.7134e+007 0.00738251 -4.19664e-005
-6.30146e+007 0.00737096 -4.16848e-005
-5.88952e+007 0.00735942 -4.14031e-005
-5.47758e+007 0.00734787 -4.11214e-005
-5.06565e+007 0.00733633 -4.08398e-005
-4.67766e+007 0.00732715 -4.05581e-005
-4.31846e+007 0.00732083 -4.02765e-005
-3.95925e+007 0.0073145 -3.99948e-005
-3.60005e+007 0.00730818 -3.97132e-005
-3.27363e+007 0.00730495 -3.94315e-005
-2.98142e+007 0.00730495 -3.91499e-005
-2.68921e+007 0.00730495 -3.88682e-005
-2.397e+007 0.00730495 -3.85866e-005
-2.10479e+007 0.00730495 -3.83049e-005
-1.81257e+007 0.00730495 -3.80233e-005
-1.52036e+007 0.00730495 -3.77416e-005
-1.22815e+007 0.00730495 -3.74599e-005
-9.35943e+006 0.00730495 -3.71783e-005
-6.43732e+006 0.00730495 -3.68966e-005
-3.51521e+006 0.00730495 -3.6615e-005
-593105 0.00730495 -3.63333e-005
2.329e+006 0.00730495 -3.60517e-005
5.25111e+006 0.00730495 -3.577e-005
8.17322e+006 0.00730495 -3.54884e-005
1.10953e+007 0.00730495 -3.52067e-005
1.40174e+007 0.00730495 -3.49251e-005
1.69395e+007 0.00730495 -3.46434e-005
1.98616e+007 0.00730495 -3.43618e-005
2.27838e+007 0.00730495 -3.40801e-005
2.57059e+007 0.00730495 -3.37984e-005
2.8628e+007 0.00730495 -3.35168e-005
3.15501e+007 0.00730495 -3.32351e-005
3.44722e+007 0.00730495 -3.29535e-005
3.73943e+007 0.00730495 -3.26718e-005
4.03164e+007 0.00730495 -3.23902e-005
4.32385e+007 0.00730495 -3.21085e-005
4.61606e+007 0.00730495 -3.18269e-005
4.90827e+007 0.00730495 -3.15452e-005
5.20048e+007 0.00730495 -3.12636e-005
5.49269e+007 0.00730495 -3.09819e-005
5.7849e+007 0.00730495 -3.07003e-005
6.07711e+007 0.00730495 -3.04186e-005
6.36932e+007 0.00730495 -3.0137e-005
6.66154e+007 0.00730495 -2.98553e-005
6.95375e+007 0.00730495 -2.95736e-005
7.24596e+007 0.00730495 -2.9292e-005
7.53817e+007 0.00730495 -2.90103e-005
7.83038e+007 0.00730495 -2.87287e-005
8.12259e+007 0.00730495 -2.8447e-005
8.4148e+007 0.00730495 -2.81654e-005
8.70701e+007 0.00730495 -2.78837e-005
8.99922e+007 0.00730495 -2.76021e-005
9.29143e+007 0.00730495 -2.73204e-005
9.46865e+007 0.00729165 -2.70388e-005
9.53081e+007 0.00726504 -2.67571e-005
9.59297e+007 0.00723843 -2.64755e-005
9.65513e+007 0.00721182 -2.61938e-005
9.71729e+007 0.00718521 -2.59121e-005
9.77945e+007 0.0071586 -2.56305e-005
9.84161e+007 0.00713199 -2.53488e-005
9.90377e+007 0.00710539 -2.50672e-005
9.96593e+007 0.00707878 -2.47855e-005
1.00281e+008 0.00705217 -2.45039e-005
1.00902e+008 0.00702556 -2.42222e-005
1.01524e+008 0.00699895 -2.39406e-005
1.02146e+008 0.00697234 -2.36589e-005
1.02767e+008 0.00694573 -2.33773e-005
1.03389e+008 0.00691913 -2.30956e-005
1.0401e+008 0.00689252 -2.2814e-005
1.04632e+008 0.00686591 -2.25323e-005
1.05254e+008 0.0068393 -2.22506e-005
1.05875e+008 0.00681269 -2.1969e-005
1.06497e+008 0.00678608 -2.16873e-005
1.07119e+008 0.00675947 -2.14057e-005
1.0774e+008 0.00673286 -2.1124e-005
1.08362e+008 0.00670626 -2.08424e-005
1.08983e+008 0.00667965 -2.05607e-005
1.09605e+008 0.00665304 -2.02791e-005
1.10227e+008 0.00662643 -1.99974e-005
1.10848e+008 0.00659982 -1.97158e-005
1.1147e+008 0.00657321 -1.94341e-005
1.12091e+008 0.0065466 -1.91525e-005
1.12713e+008 0.00651999 -1.88708e-005
1.13335e+008 0.00649339 -1.85891e-005
1.13956e+008 0.00646678 -1.83075e-005
1.14578e+008 0.00644017 -1.80258e-005
1.15199e+008 0.00641356 -1.77442e-005
1.15821e+008 0.00638695 -1.74625e-005
1.16443e+008 0.00636034 -1.71809e-005
1.17064e+008 0.00633373 -1.68992e-005
1.17686e+008 0.00630712 -1.66176e-005
1.18307e+008 0.00628052 -1.63359e-005
1.18929e+008 0.00625391 -1.60543e-005
1.19551e+008 0.0062273 -1.57726e-005
1.20172e+008 0.00620069 -1.5491e-005
1.20794e+008 0.00617408 -1.52093e-005
1.21415e+008 0.00614747 -1.49276e-005
1.22037e+008 0.00612086 -1.4646e-005
1.22659e+008 0.00609425 -1.43643e-005
1.2328e+008 0.00606765 -1.40827e-005
1.23902e+008 0.00604104 -1.3801e-005
1.24523e+008 0.00601443 -1.35194e-005
1.25145e+008 0.00598782 -1.32377e-005
1.25767e+008 0.00596121 -1.29561e-005
1.26388e+008 0.0059346 -1.26744e-005
1.2701e+008 0.00590799 -1.23928e-005
1.27631e+008 0.00588139 -1.21111e-005
1.28253e+008 0.00585478 -1.18295e-005
1.28875e+008 0.00582817 -1.15478e-005
1.29496e+008 0.00580156 -1.12661e-005
1.30118e+008 0.00577495 -1.09845e-005
1.30739e+008 0.00574834 -1.07028e-005
1.31361e+008 0.00572173 -1.04212e-005
1.31983e+008 0.00569512 -1.01395e-005
1.32604e+008 0.00566852 -9.85788e-006
1.33226e+008 0.00564191 -9.57623e-006
1.33847e+008 0.0056153 -9.29457e-006
1.34469e+008 0.00558869 -9.01292e-006
1.34947e+008 0.00556853 -8.73127e-006
1.34976e+008 0.00556853 -8.44961e-006
1.35005e+008 0.00556853 -8.16796e-006
1.35035e+008 0.00556853 -7.8863e-006
1.35064e+008 0.00556853 -7.60465e-006
1.35093e+008 0.00556853 -7.323e-006
1.35122e+008 0.00556853 -7.04134e-006
1.35152e+008 0.00556853 -6.75969e-006
1.35181e+008 0.00556853 -6.47804e-006
1.3521e+008 0.00556853 -6.19638e-006
1.35239e+008 0.00556853 -5.91473e-006
1.35268e+008 0.00556853 -5.63307e-006
1.35298e+008 0.00556853 -5.35142e-006
1.35327e+008 0.00556853 -5.06977e-006
1.35356e+008 0.00556853 -4.78811e-006
1.35385e+008 0.00556853 -4.50646e-006
1.35415e+008 0.00556853 -4.22481e-006
1.35444e+008 0.00556853 -3.94315e-006
1.35473e+008 0.00556853 -3.6615e-006
1.35502e+008 0.00556853 -3.37984e-006
1.35531e+008 0.00556853 -3.09819e-006
1.35561e+008 0.00556853 -2.81654e-006
1.3559e+008 0.00556853 -2.53488e-006
1.35619e+008 0.00556853 -2.25323e-006
1.35648e+008 0.00556853 -1.97158e-006
1.35678e+008 0.00556853 -1.68992e-006
1.35707e+008 0.00556853 -1.40827e-006
1.35736e+008 0.00556853 -1.12661e-006
1.35765e+008 0.00556853 -8.44961e-007
1.35794e+008 0.00556853 -5.63307e-007
1.35824e+008 0.00556853 -2.81654e-007
1.35853e+008 0.00556853 -2.0117e-021
1.35882e+008 0.00556853 2.81654e-007
1.35911e+008 0.00556853 5.63307e-007
1.35941e+008 0.00556853 8.44961e-007
1.3597e+008 0.00556853 1.12661e-006
1.35999e+008 0.00556853 1.40827e-006
1.36028e+008 0.00556853 1.68992e-006
1.36057e+008 0.00556853 1.97158e-006
1.36087e+008 0.00556853 2.25323e-006
1.36116e+008 0.00556853 2.53488e-006
1.36145e+008 0.00556853 2.81654e-006
1.36174e+008 0.00556853 3.09819e-006
1.36203e+008 0.00556853 3.37984e-006
1.36233e+008 0.00556853 3.6615e-006
1.36262e+008 0.00556853 3.94315e-006
1.36291e+008 0.00556853 4.22481e-006
1.3632e+008 0.00556853 4.50646e-006
1.3635e+008 0.00556853 4.78811e-006
1.36379e+008 0.00556853 5.06977e-006
1.36408e+008 0.00556853 5.35142e-006
1.36437e+008 0.00556853 5.63307e-006
1.36466e+008 0.00556853 5.91473e-006
1.36496e+008 0.00556853 6.19638e-006
1.36525e+008 0.00556853 6.47804e-006
1.36554e+008 0.00556853 6.75969e-006
1.36583e+008 0.00556853 7.04134e-006
1.36613e+008 0.00556853 7.323e-006
1.36642e+008 0.00556853 7.60465e-006
1.36671e+008 0.00556853 7.8863e-006
1.367e+008 0.00556853 8.16796e-006
1.36729e+008 0.00556853 8.44961e-006
1.36759e+008 0.00556853 8.73127e-006
1.36788e+008 0.00556853 9.01292e-006
1.36817e+008 0.00556853 9.29457e-006
1.36846e+008 0.00556853 9.57623e-006
1.36876e+008 0.00556853 9.85788e-006
1.36905e+008 0.00556853 1.01395e-005
1.36934e+008 0.00556853 1.04212e-005
1.36963e+008 0.00556853 1.07028e-005
1.36992e+008 0.00556853 1.09845e-005
1.37022e+008 0.00556853 1.12661e-005
1.37051e+008 0.00556853 1.15478e-005
1.3708e+008 0.00556853 1.18295e-005
1.37109e+008 0.00556853 1.21111e-005
1.37139e+008 0.00556853 1.23928e-005
1.37168e+008 0.00556853 1.26744e-005
1.37197e+008 0.00556853 1.29561e-005
1.37226e+008 0.00556853 1.32377e-005
1.37255e+008 0.00556853 1.35194e-005
1.37285e+008 0.00556853 1.3801e-005
1.37314e+008 0.00556853 1.40827e-005
1.37343e+008 0.00556853 1.43643e-005
1.37372e+008 0.00556853 1.4646e-005
1.37402e+008 0.00556853 1.49276e-005
1.37431e+008 0.00556853 1.52093e-005
1.3746e+008 0.00556853 1.5491e-005
1.37489e+008 0.00556853 1.57726e-005
1.37518e+008 0.00556853 1.60543e-005
1.37548e+008 0.00556853 1.63359e-005
1.37577e+008 0.00556853 1.66176e-005
1.37606e+008 0.00556853 1.68992e-005
1.37635e+008 0.00556853 1.71809e-005
1.37665e+008 0.00556853 1.74625e-005
1.37694e+008 0.00556853 1.77442e-005
1.37723e+008 0.00556853 1.80258e-005
1.37752e+008 0.00556853 1.83075e-005
1.37781e+008 0.00556853 1.85891e-005
1.37811e+008 0.00556853 1.88708e-005
1.3784e+008 0.00556853 1.91525e-005
1.37869e+008 0.00556853 1.94341e-005
1.37898e+008 0.00556853 1.97158e-005
1.37928e+008 0.00556853 1.99974e-005
1.37957e+008 0.00556853 2.02791e-005
1.37986e+008 0.00556853 2.05607e-005
1.38015e+008 0.00556853 2.08424e-005
1.38044e+008 0.00556853 2.1124e-005
1.38074e+008 0.00556853 2.14057e-005
1.38103e+008 0.00556853 2.16873e-005
1.38132e+008 0.00556853 2.1969e-005
1.38161e+008 0.00556853 2.22506e-005
1.38191e+008 0.00556853 2.25323e-005
1.3822e+008 0.00556853 2.2814e-005
1.38249e+008 0.00556853 2.30956e-005
1.38278e+008 0.00556853 2.33773e-005
1.38307e+008 0.00556853 2.36589e-005
1.38337e+008 0.00556853 2.39406e-005
1.38366e+008 0.00556853 2.42222e-005
1.38395e+008 0.00556853 2.45039e-005
1.38424e+008 0.00556853 2.47855e-005
1.38454e+008 0.00556853 2.50672e-005
1.38483e+008 0.00556853 2.53488e-005
1.38512e+008 0.00556853 2.56305e-005
1.38541e+008 0.00556853 2.59121e-005
1.3857e+008 0.00556853 2.61938e-005
1.386e+008 0.00556853 2.64755e-005
1.38629e+008 0.00556853 2.67571e-005
1.38658e+008 0.00556853 2.70388e-005
1.38687e+008 0.00556853 2.73204e-005
1.38717e+008 0.00556853 2.76021e-005
1.38746e+008 0.00556853 2.78837e-005
1.38775e+008 0.00556853 2.81654e-005
1.38804e+008 0.00556853 2.8447e-005
1.38833e+008 0.00556853 2.87287e-005
1.38863e+008 0.00556853 2.90103e-005
1.38892e+008 0.00556853 2.9292e-005
1.38921e+008 0.00556853 2.95736e-005
1.3895e+008 0.00556853 2.98553e-005
1.38979e+008 0.00556853 3.0137e-005
1.39009e+008 0.00556853 3.04186e-005
1.39038e+008 0.00556853 3.07003e-005
1.39086e+008 0.00556921 3.09819e-005
1.39606e+008 0.00558721 3.12636e-005
1.40126e+008 0.00560522 3.15452e-005
1.40646e+008 0.00562322 3.18269e-005
1.41383e+008 0.00564966 3.21085e-005
1.4214e+008 0.00567693 3.23902e-005
1.42898e+008 0.0057042 3.26718e-005
1.43655e+008 0.00573147 3.29535e-005
1.44413e+008 0.00575874 3.32351e-005
1.45186e+008 0.00578667 3.35168e-005
1.46067e+008 0.0058192 3.37984e-005
1.46947e+008 0.00585172 3.40801e-005
1.47827e+008 0.00588424 3.43618e-005
1.48708e+008 0.00591677 3.46434e-005
1.49588e+008 0.00594929 3.49251e-005
1.50469e+008 0.00598182 3.52067e-005
1.51349e+008 0.00601434 3.54884e-005
1.5223e+008 0.00604687 3.577e-005
1.5311e+008 0.00607939 3.60517e-005
1.54e+008 0.00611239 3.63333e-005
1.54943e+008 0.00614799 3.6615e-005
1.55887e+008 0.00618358 3.68966e-005
1.5683e+008 0.00621917 3.71783e-005
1.57773e+008 0.00625476 3.74599e-005
1.58716e+008 0.00629035 3.77416e-005
1.59659e+008 0.00632594 3.80233e-005
1.60603e+008 0.00636153 3.83049e-005
1.61546e+008 0.00639712 3.85866e-005
1.62489e+008 0.00643271 3.88682e-005
1.63432e+008 0.0064683 3.91499e-005
1.64375e+008 0.00650389 3.94315e-005
1.65319e+008 0.00653948 3.97132e-005
1.66262e+008 0.00657507 3.99948e-005
1.67205e+008 0.00661066 4.02765e-005
1.68148e+008 0.00664625 4.05581e-005
1.69091e+008 0.00668184 4.08398e-005
1.70035e+008 0.00671743 4.11214e-005
1.70978e+008 0.00675302 4.14031e-005
1.71921e+008 0.00678861 4.16848e-005
1.72864e+008 0.0068242 4.19664e-005
1.73807e+008 0.00685979 4.22481e-005
1.74751e+008 0.00689538 4.25297e-005
1.75694e+008 0.00693097 4.28114e-005
1.76638e+008 0.00696661 4.3093e-005
1.7761e+008 0.00700391 4.33747e-005
1.78582e+008 0.00704121 4.36563e-005
1.79554e+008 0.00707851 4.3938e-005
1.80526e+008 0.00711582 4.42196e-005
1.81498e+008 0.00715312 4.45013e-005
1.8247e+008 0.00719042 4.47829e-005
1.83442e+008 0.00722772 4.50646e-005
1.84414e+008 0.00726503 4.53463e-005
1.85387e+008 0.00730233 4.56279e-005
1.86359e+008 0.00733963 4.59096e-005
1.87331e+008 0.00737693 4.61912e-005
1.88303e+008 0.00741424 4.64729e-005
1.89275e+008 0.00745154 4.67545e-005
1.90247e+008 0.00748884 4.70362e-005
1.91219e+008 0.00752614 4.73178e-005
1.92191e+008 0.00756344 4.75995e-005
1.93163e+008 0.00760075 4.78811e-005
1.94136e+008 0.00763805 4.81628e-005
1.95108e+008 0.00767535 4.84444e-005
1.9608e+008 0.00771265 4.87261e-005
1.97052e+008 0.00774996 4.90078e-005
1.98024e+008 0.00778726 4.92894e-005
1.98996e+008 0.00782456 4.95711e-005
1.99968e+008 0.00786186 4.98527e-005
2.0094e+008 0.00789917 5.01344e-005
2.01285e+008 0.00794498 5.0416e-005
2.01387e+008 0.00799316 5.06977e-005
2.01488e+008 0.00804134 5.09793e-005
2.0159e+008 0.00808951 5.1261e-005
2.01691e+008 0.00813769 5.15426e-005
2.01793e+008 0.00818587 5.18243e-005
2.01894e+008 0.00823405 5.21059e-005
2.01996e+008 0.00828223 5.23876e-005
2.02097e+008 0.0083304 5.26693e-005
2.02199e+008 0.00837858 5.29509e-005
2.02294e+008 0.00842634 5.32326e-005
2.02386e+008 0.00847384 5.35142e-005
2.02477e+008 0.00852133 5.37959e-005
2.02568e+008 0.00856882 5.40775e-005
2.02659e+008 0.00861631 5.43592e-005
2.02745e+008 0.00866333 5.46408e-005
2.02831e+008 0.00871031 5.49225e-005
2.02917e+008 0.00875728 5.52041e-005
2.03002e+008 0.00880424 5.54858e-005
2.03088e+008 0.00885119 5.57674e-005
2.03173e+008 0.00889814 5.60491e-005
2.03258e+008 0.00894508 5.63307e-005
2.03343e+008 0.00899201 5.66124e-005
2.03428e+008 0.00903893 5.68941e-005
2.03513e+008 0.00908577 5.71757e-005
2.03595e+008 0.00913237 5.74574e-005
2.03678e+008 0.00917895 5.7739e-005
2.0376e+008 0.00922552 5.80207e-005
2.03843e+008 0.00927208 5.83023e-005
2.03925e+008 0.00931863 5.8584e-005
2.04007e+008 0.00936517 5.88656e-005
2.04089e+008 0.00941171 5.91473e-005
2.04171e+008 0.00945822 5.94289e-005
2.04253e+008 0.00950473 5.97106e-005
2.04334e+008 0.00955123 5.99922e-005
2.04416e+008 0.00959772 6.02739e-005
2.04497e+008 0.0096442 6.05556e-005
2.04578e+008 0.00969066 6.08372e-005
2.04659e+008 0.00973712 6.11189e-005
2.0474e+008 0.00978356 6.14005e-005
2.04821e+008 0.00983 6.16822e-005
2.04901e+008 0.00987642 6.19638e-005
2.04982e+008 0.00992283 6.22455e-005
2.05062e+008 0.00996923 6.25271e-005
2.05143e+008 0.0100156 6.28088e-005
2.05223e+008 0.010062 6.30904e-005
2.05303e+008 0.0101084 6.33721e-005
2.05383e+008 0.0101547 6.36537e-005
2.05462e+008 0.0102011 6.39354e-005
2.05542e+008 0.0102474 6.42171e-005
2.05621e+008 0.0102937 6.44987e-005
2.05701e+008 0.01034 6.47804e-005
2.0578e+008 0.0103863 6.5062e-005
2.05859e+008 0.0104326 6.53437e-005
2.05937e+008 0.0104787 6.56253e-005
2.06015e+008 0.0105248 6.5907e-005
2.06093e+008 0.0105709 6.61886e-005
2.06164e+008 0.0106164 6.64703e-005
2.06224e+008 0.0106611 6.67519e-005
2.06284e+008 0.0107058 6.70336e-005
2.06344e+008 0.0107505 6.73152e-005
2.06404e+008 0.0107952 6.75969e-005
2.06463e+008 0.0108399 6.78786e-005
2.06523e+008 0.0108846 6.81602e-005
2.06582e+008 0.0109292 6.84419e-005
2.06642e+008 0.0109738 6.87235e-005
2.06701e+008 0.0110185 6.90052e-005
2.0676e+008 0.0110631 6.92868e-005
2.06819e+008 0.0111077 6.95685e-005
2.06878e+008 0.0111523 6.98501e-005
2.06937e+008 0.0111968 7.01318e-005
2.06995e+008 0.0112414 7.04134e-005
2.07054e+008 0.0112859 7.06951e-005
2.07112e+008 0.0113305 7.09767e-005
2.07171e+008 0.011375 7.12584e-005
2.07229e+008 0.0114195 7.15401e-005
2.07287e+008 0.011464 7.18217e-005
2.07345e+008 0.0115085 7.21034e-005
2.07403e+008 0.011553 7.2385e-005
2.07461e+008 0.0115974 7.26667e-005
2.07518e+008 0.0116419 7.29483e-005
2.07576e+008 0.0116863 7.323e-005
2.07633e+008 0.0117307 7.35116e-005
2.07691e+008 0.0117751 7.37933e-005
2.07748e+008 0.0118195 7.40749e-005
2.07805e+008 0.0118639 7.43566e-005
2.07862e+008 0.0119082 7.46382e-005
2.07918e+008 0.0119526 7.49199e-005
2.0307e+008 0.0119326 7.46382e-005
1.98222e+008 0.0119127 7.43566e-005
1.93374e+008 0.0118928 7.40749e-005
1.88526e+008 0.0118728 7.37933e-005
1.83678e+008 0.0118529 7.35116e-005
1.7883e+008 0.0118329 7.323e-005
1.73981e+008 0.011813 7.29483e-005
1.69133e+008 0.0117931 7.26667e-005
1.64307e+008 0.0117734 7.2385e-005
1.59692e+008 0.0117562 7.21034e-005
1.55078e+008 0.0117391 7.18217e-005
1.50464e+008 0.011722 7.15401e-005
1.4585e+008 0.0117048 7.12584e-005
1.41236e+008 0.0116877 7.09767e-005
1.36621e+008 0.0116705 7.06951e-005
1.32007e+008 0.0116534 7.04134e-005
1.27393e+008 0.0116362 7.01318e-005
1.22779e+008 0.0116191 6.98501e-005
1.18165e+008 0.011602 6.95685e-005
1.1355e+008 0.0115848 6.92868e-005
1.08936e+008 0.0115677 6.90052e-005
1.04322e+008 0.0115505 6.87235e-005
9.97077e+007 0.0115334 6.84419e-005
9.50935e+007 0.0115162 6.81602e-005
9.04793e+007 0.0114991 6.78786e-005
8.61751e+007 0.0114854 6.75969e-005
8.18937e+007 0.0114719 6.73152e-005
7.76123e+007 0.0114585 6.70336e-005
7.33309e+007 0.011445 6.67519e-005
6.90495e+007 0.0114316 6.64703e-005
6.47681e+007 0.0114181 6.61886e-005
6.04867e+007 0.0114047 6.5907e-005
5.62053e+007 0.0113912 6.56253e-005
5.19239e+007 0.0113778 6.53437e-005
4.76424e+007 0.0113643 6.5062e-005
4.37101e+007 0.0113545 6.47804e-005
3.9845e+007 0.0113454 6.44987e-005
3.59799e+007 0.0113362 6.42171e-005
3.21149e+007 0.0113271 6.39354e-005
2.82498e+007 0.011318 6.36537e-005
2.43848e+007 0.0113089 6.33721e-005
2.05197e+007 0.0112998 6.30904e-005
1.70326e+007 0.0112944 6.28088e-005
1.36594e+007 0.0112901 6.25271e-005
1.02862e+007 0.0112859 6.22455e-005
6.91305e+006 0.0112816 6.19638e-005
3.53987e+006 0.0112773 6.16822e-005
548975 0.0112767 6.14005e-005
-2.37313e+006 0.0112767 6.11189e-005
-5.29524e+006 0.0112767 6.08372e-005
-8.21735e+006 0.0112767 6.05556e-005
-1.11395e+007 0.0112767 6.02739e-005
-1.40616e+007 0.0112767 5.99922e-005
-1.69837e+007 0.0112767 5.97106e-005
-1.99058e+007 0.0112767 5.94289e-005
-2.28279e+007 0.0112767 5.91473e-005
-2.575e+007 0.0112767 5.88656e-005
-2.86721e+007 0.0112767 5.8584e-005
-3.15942e+007 0.0112767 5.83023e-005
-3.45163e+007 0.0112767 5.80207e-005
-3.74384e+007 0.0112767 5.7739e-005
-4.03605e+007 0.0112767 5.74574e-005
-4.32826e+007 0.0112767 5.71757e-005
-4.62047e+007 0.0112767 5.68941e-005
-4.91268e+007 0.0112767 5.66124e-005
-5.20489e+007 0.0112767 5.63307e-005
-5.49711e+007 0.0112767 5.60491e-005
-5.78932e+007 0.0112767 5.57674e-005
-6.08153e+007 0.0112767 5.54858e-005
-6.37374e+007 0.0112767 5.52041e-005
-6.66595e+007 0.0112767 5.49225e-005
-6.95816e+007 0.0112767 5.46408e-005
-7.25037e+007 0.0112767 5.43592e-005
-7.54258e+007 0.0112767 5.40775e-005
-7.83479e+007 0.0112767 5.37959e-005
-8.127e+007 0.0112767 5.35142e-005
-8.41921e+007 0.0112767 5.32326e-005
-8.71142e+007 0.0112767 5.29509e-005
-8.9862e+007 0.0112747 5.26693e-005
-9.04836e+007 0.0112481 5.23876e-005
-9.11052e+007 0.0112215 5.21059e-005
-9.17268e+007 0.0111949 5.18243e-005
-9.23484e+007 0.0111682 5.15426e-005
-9.297e+007 0.0111416 5.1261e-005
-9.35916e+007 0.011115 5.09793e-005
-9.42132e+007 0.0110884 5.06977e-005
-9.48348e+007 0.0110618 5.0416e-005
-9.54564e+007 0.0110352 5.01344e-005
-9.6078e+007 0.0110086 4.98527e-005
-9.66996e+007 0.010982 4.95711e-005
-9.73212e+007 0.0109554 4.92894e-005
-9.79428e+007 0.0109288 4.90078e-005
-9.85644e+007 0.0109022 4.87261e-005
-9.9186e+007 0.0108756 4.84444e-005
-9.98076e+007 0.0108489 4.81628e-005
-1.00429e+008 0.0108223 4.78811e-005
-1.01051e+008 0.0107957 4.75995e-005
-1.01672e+008 0.0107691 4.73178e-005
-1.02294e+008 0.0107425 4.70362e-005
-1.02916e+008 0.0107159 4.67545e-005
-1.03537e+008 0.0106893 4.64729e-005
-1.04159e+008 0.0106627 4.61912e-005
-1.0478e+008 0.0106361 4.59096e-005
-1.05402e+008 0.0106095 4.56279e-005
-1.06024e+008 0.0105829 4.53463e-005
-1.06645e+008 0.0105562 4.50646e-005
-1.07267e+008 0.0105296 4.47829e-005
-1.07888e+008 0.010503 4.45013e-005
-1.0851e+008 0.0104764 4.42196e-005
-1.09132e+008 0.0104498 4.3938e-005
-1.09753e+008 0.0104232 4.36563e-005
-1.10375e+008 0.0103966 4.33747e-005
-1.10996e+008 0.01037 4.3093e-005
-1.11618e+008 0.0103434 4.28114e-005
-1.1224e+008 0.0103168 4.25297e-005
-1.12861e+008 0.0102902 4.22481e-005
-1.13483e+008 0.0102636 4.19664e-005
-1.14104e+008 0.0102369 4.16848e-005
-1.14726e+008 0.0102103 4.14031e-005
-1.15348e+008 0.0101837 4.11214e-005
-1.15969e+008 0.0101571 4.08398e-005
-1.16591e+008 0.0101305 4.05581e-005
-1.17212e+008 0.0101039 4.02765e-005
-1.17834e+008 0.0100773 3.99948e-005
-1.18456e+008 0.0100507 3.97132e-005
-1.19077e+008 0.0100241 3.94315e-005
-1.19699e+008 0.00999746 3.91499e-005
-1.2032e+008 0.00997086 3.88682e-005
-1.20942e+008 0.00994425 3.85866e-005
-1.21564e+008 0.00991764 3.83049e-005
-1.22185e+008 0.00989103 3.80233e-005
-1.22807e+008 0.00986442 3.77416e-005
-1.23428e+008 0.00983781 3.74599e-005
-1.2405e+008 0.0098112 3.71783e-005
-1.24672e+008 0.00978459 3.68966e-005
-1.25293e+008 0.00975799 3.6615e-005
-1.25915e+008 0.00973138 3.63333e-005
-1.26536e+008 0.00970477 3.60517e-005
-1.27158e+008 0.00967816 3.577e-005
-1.2778e+008 0.00965155 3.54884e-005
-1.28401e+008 0.00962494 3.52067e-005
-1.29023e+008 0.00959833 3.49251e-005
-1.29644e+008 0.00957172 3.46434e-005
-1.30266e+008 0.00954512 3.43618e-005
-1.30888e+008 0.00951851 3.40801e-005
-1.31509e+008 0.0094919 3.37984e-005
-1.32131e+008 0.00946529 3.35168e-005
-1.32405e+008 0.0094543 3.32351e-005
-1.32434e+008 0.0094543 3.29535e-005
-1.32463e+008 0.0094543 3.26718e-005
-1.32492e+008 0.0094543 3.23902e-005
-1.32522e+008 0.0094543 3.21085e-005
-1.32551e+008 0.0094543 3.18269e-005
-1.3258e+008 0.0094543 3.15452e-005
-1.32609e+008 0.0094543 3.12636e-005
-1.32639e+008 0.0094543 3.09819e-005
-1.32668e+008 0.0094543 3.07003e-005
-1.32697e+008 0.0094543 3.04186e-005
-1.32726e+008 0.0094543 3.0137e-005
-1.32755e+008 0.0094543 2.98553e-005
-1.32785e+008 0.0094543 2.95736e-005
-1.32814e+008 0.0094543 2.9292e-005
-1.32843e+008 0.0094543 2.90103e-005
-1.32872e+008 0.0094543 2.87287e-005
-1.32902e+008 0.0094543 2.8447e-005
-1.32931e+008 0.0094543 2.81654e-005
-1.3296e+008 0.0094543 2.78837e-005
-1.32989e+008 0.0094543 2.76021e-005
-1.33018e+008 0.0094543 2.73204e-005
-1.33048e+008 0.0094543 2.70388e-005
-1.33077e+008 0.0094543 2.67571e-005
-1.33106e+008 0.0094543 2.64755e-005
-1.33135e+008 0.0094543 2.61938e-005
-1.33164e+008 0.0094543 2.59121e-005
-1.33194e+008 0.0094543 2.56305e-005
-1.33223e+008 0.0094543 2.53488e-005
-1.33252e+008 0.0094543 2.50672e-005
-1.33281e+008 0.0094543 2.47855e-005
-1.33311e+008 0.0094543 2.45039e-005
-1.3334e+008 0.0094543 2.42222e-005
-1.33369e+008 0.0094543 2.39406e-005
-1.33398e+008 0.0094543 2.36589e-005
-1.33427e+008 0.0094543 2.33773e-005
-1.33457e+008 0.0094543 2.30956e-005
-1.33486e+008 0.0094543 2.2814e-005
-1.33515e+008 0.0094543 2.25323e-005
-1.33544e+008 0.0094543 2.22506e-005
-1.33574e+008 0.0094543 2.1969e-005
-1.33603e+008 0.0094543 2.16873e-005
-1.33632e+008 0.0094543 2.14057e-005
-1.33661e+008 0.0094543 2.1124e-005
-1.3369e+008 0.0094543 2.08424e-005
-1.3372e+008 0.0094543 2.05607e-005
-1.33749e+008 0.0094543 2.02791e-005
-1.33778e+008 0.0094543 1.99974e-005
-1.33807e+008 0.0094543 1.97158e-005
-1.33837e+008 0.0094543 1.94341e-005
-1.33866e+008 0.0094543 1.91525e-005
-1.33895e+008 0.0094543 1.88708e-005
-1.33924e+008 0.0094543 1.85891e-005
-1.33953e+008 0.0094543 1.83075e-005
-1.33983e+008 0.0094543 1.80258e-005
-1.34012e+008 0.0094543 1.77442e-005
-1.34041e+008 0.0094543 1.74625e-005
-1.3407e+008 0.0094543 1.71809e-005
-1.341e+008 0.0094543 1.68992e-005
-1.34129e+008 0.0094543 1.66176e-005
-1.34158e+008 0.0094543 1.63359e-005
-1.34187e+008 0.0094543 1.60543e-005
-1.34216e+008 0.0094543 1.57726e-005
-1.34246e+008 0.0094543 1.5491e-005
-1.34275e+008 0.0094543 1.52093e-005
-1.34304e+008 0.0094543 1.49276e-005
-1.34333e+008 0.0094543 1.4646e-005
-1.34363e+008 0.0094543 1.43643e-005
-1.34392e+008 0.0094543 1.40827e-005
-1.34421e+008 0.0094543 1.3801e-005
-1.3445e+008 0.0094543 1.35194e-005
-1.34479e+008 0.0094543 1.32377e-005
-1.34509e+008 0.0094543 1.29561e-005
-1.34538e+008 0.0094543 1.26744e-005
-1.34567e+008 0.0094543 1.23928e-005
-1.34596e+008 0.0094543 1.21111e-005
-1.34626e+008 0.0094543 1.18295e-005
-1.34655e+008 0.0094543 1.15478e-005
-1.34684e+008 0.0094543 1.12661e-005
-1.34713e+008 0.0094543 1.09845e-005
-1.34742e+008 0.0094543 1.07028e-005
-1.34772e+008 0.0094543 1.04212e-005
-1.34801e+008 0.0094543 1.01395e-005
-1.3483e+008 0.0094543 9.85788e-006
-1.34859e+008 0.0094543 9.57623e-006
-1.34889e+008 0.0094543 9.29457e-006
-1.34918e+008 0.0094543 9.01292e-006
-1.34947e+008 0.0094543 8.73127e-006
-1.34976e+008 0.0094543 8.44961e-006
-1.35005e+008 0.0094543 8.16796e-006
-1.35035e+008 0.0094543 7.8863e-006
-1.35064e+008 0.0094543 7.60465e-006
-1.35093e+008 0.0094543 7.323e-006
-1.35122e+008 0.0094543 7.04134e-006
-1.35152e+008 0.0094543 6.75969e-006
-1.35181e+008 0.0094543 6.47804e-006
-1.3521e+008 0.0094543 6.19638e-006
-1.35239e+008 0.0094543 5.91473e-006
-1.35268e+008 0.0094543 5.63307e-006
-1.35298e+008 0.0094543 5.35142e-006
-1.35327e+008 0.0094543 5.06977e-006
-1.35356e+008 0.0094543 4.78811e-006
-1.35385e+008 0.0094543 4.50646e-006
-1.35415e+008 0.0094543 4.22481e-006
-1.35444e+008 0.0094543 3.94315e-006
-1.35473e+008 0.0094543 3.6615e-006
-1.35502e+008 0.0094543 3.37984e-006
-1.35531e+008 0.0094543 3.09819e-006
-1.35561e+008 0.0094543 2.81654e-006
-1.3559e+008 0.0094543 2.53488e-006
-1.35619e+008 0.0094543 2.25323e-006
-1.35648e+008 0.0094543 1.97158e-006
-1.35678e+008 0.0094543 1.68992e-006
-1.35707e+008 0.0094543 1.40827e-006
-1.35736e+008 0.0094543 1.12661e-006
-1.35765e+008 0.0094543 8.44961e-007
-1.35794e+008 0.0094543 5.63307e-007
-1.35824e+008 0.0094543 2.81654e-007
-1.35853e+008 0.0094543 -4.76456e-021
-1.35882e+008 0.0094543 -2.81654e-007
-1.35911e+008 0.0094543 -5.63307e-007
-1.35941e+008 0.0094543 -8.44961e-007
-1.3597e+008 0.0094543 -1.12661e-006
-1.35999e+008 0.0094543 -1.40827e-006
-1.36028e+008 0.0094543 -1.68992e-006
-1.36057e+008 0.0094543 -1.97158e-006
-1.36087e+008 0.0094543 -2.25323e-006
-1.36116e+008 0.0094543 -2.53488e-006
-1.36145e+008 0.0094543 -2.81654e-006
-1.36174e+008 0.0094543 -3.09819e-006
-1.36203e+008 0.0094543 -3.37984e-006
-1.36233e+008 0.0094543 -3.6615e-006
-1.36262e+008 0.0094543 -3.94315e-006
-1.36291e+008 0.0094543 -4.22481e-006
-1.3632e+008 0.0094543 -4.50646e-006
-1.3635e+008 0.0094543 -4.78811e-006
-1.36379e+008 0.0094543 -5.06977e-006
-1.36408e+008 0.0094543 -5.35142e-006
-1.36437e+008 0.0094543 -5.63307e-006
-1.36466e+008 0.0094543 -5.91473e-006
-1.36496e+008 0.0094543 -6.19638e-006
-1.36525e+008 0.0094543 -6.47804e-006
-1.36554e+008 0.0094543 -6.75969e-006
-1.36583e+008 0.0094543 -7.04134e-006
-1.36613e+008 0.0094543 -7.323e-006
-1.36642e+008 0.0094543 -7.60465e-006
-1.36671e+008 0.0094543 -7.8863e-006
-1.367e+008 0.0094543 -8.16796e-006
-1.36729e+008 0.0094543 -8.44961e-006
-1.36759e+008 0.0094543 -8.73127e-006
-1.36788e+008 0.0094543 -9.01292e-006
-1.36817e+008 0.0094543 -9.29457e-006
-1.36846e+008 0.0094543 -9.57623e-006
-1.36876e+008 0.0094543 -9.85788e-006
-1.36905e+008 0.0094543 -1.01395e-005
-1.36934e+008 0.0094543 -1.04212e-005
-1.36963e+008 0.0094543 -1.07028e-005
-1.36992e+008 0.0094543 -1.09845e-005
-1.37022e+008 0.0094543 -1.12661e-005
-1.37051e+008 0.0094543 -1.15478e-005
-1.3708e+008 0.0094543 -1.18295e-005
-1.37109e+008 0.0094543 -1.21111e-005
-1.37139e+008 0.0094543 -1.23928e-005
-1.37168e+008 0.0094543 -1.26744e-005
-1.37197e+008 0.0094543 -1.29561e-005
-1.37226e+008 0.0094543 -1.32377e-005
-1.37255e+008 0.0094543 -1.35194e-005
-1.37285e+008 0.0094543 -1.3801e-005
-1.37314e+008 0.0094543 -1.40827e-005
-1.37343e+008 0.0094543 -1.43643e-005
-1.37372e+008 0.0094543 -1.4646e-005
-1.37402e+008 0.0094543 -1.49276e-005
-1.37431e+008 0.0094543 -1.52093e-005
-1.3746e+008 0.0094543 -1.5491e-005
-1.37489e+008 0.0094543 -1.57726e-005
-1.37518e+008 0.0094543 -1.60543e-005
-1.37548e+008 0.0094543 -1.63359e-005
-1.37577e+008 0.0094543 -1.66176e-005
-1.37606e+008 0.0094543 -1.68992e-005
-1.37635e+008 0.0094543 -1.71809e-005
-1.37665e+008 0.0094543 -1.74625e-005
-1.37694e+008 0.0094543 -1.77442e-005
-1.37723e+008 0.0094543 -1.80258e-005
-1.37752e+008 0.0094543 -1.83075e-005
-1.37781e+008 0.0094543 -1.85891e-005
-1.37811e+008 0.0094543 -1.88708e-005
-1.3784e+008 0.0094543 -1.91525e-005
-1.37869e+008 0.0094543 -1.94341e-005
-1.37898e+008 0.0094543 -1.97158e-005
-1.37928e+008 0.0094543 -1.99974e-005
-1.37957e+008 0.0094543 -2.02791e-005
-1.37986e+008 0.0094543 -2.05607e-005
-1.38015e+008 0.0094543 -2.08424e-005
-1.38044e+008 0.0094543 -2.1124e-005
-1.38074e+008 0.0094543 -2.14057e-005
-1.38103e+008 0.0094543 -2.16873e-005
-1.38132e+008 0.0094543 -2.1969e-005
-1.38161e+008 0.0094543 -2.22506e-005
-1.38191e+008 0.0094543 -2.25323e-005
-1.3822e+008 0.0094543 -2.2814e-005
-1.38249e+008 0.0094543 -2.30956e-005
-1.38278e+008 0.0094543 -2.33773e-005
-1.38307e+008 0.0094543 -2.36589e-005
-1.38337e+008 0.0094543 -2.39406e-005
-1.38366e+008 0.0094543 -2.42222e-005
-1.38395e+008 0.0094543 -2.45039e-005
-1.38424e+008 0.0094543 -2.47855e-005
-1.38454e+008 0.0094543 -2.50672e-005
-1.38483e+008 0.0094543 -2.53488e-005
-1.38512e+008 0.0094543 -2.56305e-005
-1.38541e+008 0.0094543 -2.59121e-005
-1.3857e+008 0.0094543 -2.61938e-005
-1.386e+008 0.0094543 -2.64755e-005
-1.38629e+008 0.0094543 -2.67571e-005
-1.38658e+008 0.0094543 -2.70388e-005
-1.38687e+008 0.0094543 -2.73204e-005
-1.38717e+008 0.0094543 -2.76021e-005
-1.38746e+008 0.0094543 -2.78837e-005
-1.38775e+008 0.0094543 -2.81654e-005
-1.38804e+008 0.0094543 -2.8447e-005
-1.38833e+008 0.0094543 -2.87287e-005
-1.38863e+008 0.0094543 -2.90103e-005
-1.38892e+008 0.0094543 -2.9292e-005
-1.38921e+008 0.0094543 -2.95736e-005
-1.3895e+008 0.0094543 -2.98553e-005
-1.38979e+008 0.0094543 -3.0137e-005
-1.39009e+008 0.0094543 -3.04186e-005
-1.39038e+008 0.0094543 -3.07003e-005
-1.39067e+008 0.0094543 -3.09819e-005
-1.39096e+008 0.0094543 -3.12636e-005
-1.39126e+008 0.0094543 -3.15452e-005
-1.39155e+008 0.0094543 -3.18269e-005
-1.39184e+008 0.0094543 -3.21085e-005
-1.39213e+008 0.0094543 -3.23902e-005
-1.39242e+008 0.0094543 -3.26718e-005
-1.39272e+008 0.0094543 -3.29535e-005
-1.39301e+008 0.0094543 -3.32351e-005
-1.3933e+008 0.0094543 -3.35168e-005
-1.39359e+008 0.0094543 -3.37984e-005
-1.39389e+008 0.0094543 -3.40801e-005
-1.39418e+008 0.0094543 -3.43618e-005
-1.39447e+008 0.0094543 -3.46434e-005
-1.39476e+008 0.0094543 -3.49251e-005
-1.39505e+008 0.0094543 -3.52067e-005
-1.39535e+008 0.0094543 -3.54884e-005
-1.39564e+008 0.0094543 -3.577e-005
-1.39593e+008 0.0094543 -3.60517e-005
-1.39622e+008 0.0094543 -3.63333e-005
-1.39652e+008 0.0094543 -3.6615e-005
-1.39681e+008 0.0094543 -3.68966e-005
-1.3971e+008 0.0094543 -3.71783e-005
-1.39739e+008 0.0094543 -3.74599e-005
-1.39768e+008 0.0094543 -3.77416e-005
-1.39798e+008 0.0094543 -3.80233e-005
-1.39827e+008 0.0094543 -3.83049e-005
-1.39856e+008 0.0094543 -3.85866e-005
-1.39885e+008 0.0094543 -3.88682e-005
-1.39915e+008 0.0094543 -3.91499e-005
-1.39944e+008 0.0094543 -3.94315e-005
-1.39973e+008 0.0094543 -3.97132e-005
-1.40002e+008 0.0094543 -3.99948e-005
-1.40031e+008 0.0094543 -4.02765e-005
-1.40061e+008 0.0094543 -4.05581e-005
-1.4009e+008 0.0094543 -4.08398e-005
-1.40119e+008 0.0094543 -4.11214e-005
-1.40148e+008 0.0094543 -4.14031e-005
-1.40178e+008 0.0094543 -4.16848e-005
-1.40207e+008 0.0094543 -4.19664e-005
-1.40236e+008 0.0094543 -4.22481e-005
-1.40265e+008 0.0094543 -4.25297e-005
-1.40294e+008 0.0094543 -4.28114e-005
-1.40324e+008 0.0094543 -4.3093e-005
-1.40353e+008 0.0094543 -4.33747e-005
-1.40382e+008 0.0094543 -4.36563e-005
-1.40411e+008 0.0094543 -4.3938e-005
-1.40441e+008 0.0094543 -4.42196e-005
-1.4047e+008 0.0094543 -4.45013e-005
-1.40499e+008 0.0094543 -4.47829e-005
-1.40528e+008 0.0094543 -4.50646e-005
-1.40557e+008 0.0094543 -4.53463e-005
-1.40587e+008 0.0094543 -4.56279e-005
-1.40616e+008 0.0094543 -4.59096e-005
-1.40645e+008 0.0094543 -4.61912e-005
-1.40674e+008 0.0094543 -4.64729e-005
-1.40704e+008 0.0094543 -4.67545e-005
-1.40733e+008 0.0094543 -4.70362e-005
-1.40762e+008 0.0094543 -4.73178e-005
-1.40791e+008 0.0094543 -4.75995e-005
-1.4082e+008 0.0094543 -4.78811e-005
-1.4085e+008 0.0094543 -4.81628e-005
-1.40879e+008 0.0094543 -4.84444e-005
-1.40908e+008 0.0094543 -4.87261e-005
-1.40937e+008 0.0094543 -4.90078e-005
-1.40967e+008 0.0094543 -4.92894e-005
-1.40996e+008 0.0094543 -4.95711e-005
-1.41025e+008 0.0094543 -4.98527e-005
-1.41054e+008 0.0094543 -5.01344e-005
-1.41083e+008 0.0094543 -5.0416e-005
-1.41403e+008 0.00946494 -5.06977e-005
-1.41935e+008 0.0094834 -5.09793e-005
-1.42468e+008 0.00950186 -5.1261e-005
-1.43001e+008 0.00952033 -5.15426e-005
-1.43534e+008 0.00953879 -5.18243e-005
-1.44067e+008 0.00955726 -5.21059e-005
-1.44599e+008 0.00957572 -5.23876e-005
-1.45132e+008 0.00959419 -5.26693e-005
-1.45824e+008 0.00961888 -5.29509e-005
-1.46595e+008 0.00964662 -5.32326e-005
-1.47365e+008 0.00967436 -5.35142e-005
-1.48135e+008 0.00970211 -5.37959e-005
-1.48905e+008 0.00972985 -5.40775e-005
-1.49676e+008 0.00975759 -5.43592e-005
-1.50446e+008 0.00978533 -5.46408e-005
-1.51216e+008 0.00981307 -5.49225e-005
-1.51987e+008 0.00984081 -5.52041e-005
-1.52757e+008 0.00986855 -5.54858e-005
-1.53527e+008 0.00989629 -5.57674e-005
-1.54297e+008 0.00992404 -5.60491e-005
-1.55068e+008 0.00995178 -5.63307e-005
-1.5586e+008 0.00998049 -5.66124e-005
-1.56752e+008 0.0100134 -5.68941e-005
-1.57643e+008 0.0100463 -5.71757e-005
-1.58534e+008 0.0100793 -5.74574e-005
-1.59425e+008 0.0101122 -5.7739e-005
-1.60316e+008 0.0101451 -5.80207e-005
-1.61208e+008 0.0101781 -5.83023e-005
-1.62099e+008 0.010211 -5.8584e-005
-1.6299e+008 0.0102439 -5.88656e-005
-1.63881e+008 0.0102769 -5.91473e-005
-1.64772e+008 0.0103098 -5.94289e-005
-1.65664e+008 0.0103427 -5.97106e-005
-1.66555e+008 0.0103756 -5.99922e-005
-1.67446e+008 0.0104086 -6.02739e-005
-1.68337e+008 0.0104415 -6.05556e-005
-1.69229e+008 0.0104744 -6.08372e-005
-1.7012e+008 0.0105074 -6.11189e-005
-1.71011e+008 0.0105403 -6.14005e-005
-1.71902e+008 0.0105732 -6.16822e-005
-1.72793e+008 0.0106062 -6.19638e-005
-1.73685e+008 0.0106391 -6.22455e-005
-1.74576e+008 0.010672 -6.25271e-005
-1.75492e+008 0.0107062 -6.28088e-005
-1.76443e+008 0.010742 -6.30904e-005
-1.77394e+008 0.0107779 -6.33721e-005
-1.78345e+008 0.0108138 -6.36537e-005
-1.79296e+008 0.0108496 -6.39354e-005
-1.80247e+008 0.0108855 -6.42171e-005
-1.81198e+008 0.0109214 -6.44987e-005
-1.82149e+008 0.0109572 -6.47804e-005
-1.831e+008 0.0109931 -6.5062e-005
-1.84051e+008 0.011029 -6.53437e-005
-1.85002e+008 0.0110648 -6.56253e-005
-1.85953e+008 0.0111007 -6.5907e-005
-1.86904e+008 0.0111366 -6.61886e-005
-1.87855e+008 0.0111725 -6.64703e-005
-1.88753e+008 0.0112066 -6.67519e-005
-1.89627e+008 0.01124 -6.70336e-005
-1.905e+008 0.0112734 -6.73152e-005
-1.91372e+008 0.0113068 -6.75969e-005
-1.92242e+008 0.01134 -6.78786e-005
-1.93111e+008 0.0113733 -6.81602e-005
-1.93979e+008 0.0114065 -6.84419e-005
-1.94784e+008 0.0114375 -6.87235e-005
-1.9558e+008 0.0114681 -6.90052e-005
-1.96372e+008 0.0114987 -6.92868e-005
-1.9716e+008 0.0115291 -6.95685e-005
-1.97946e+008 0.0115594 -6.98501e-005
-1.98727e+008 0.0115896 -7.01318e-005
-1.99506e+008 0.0116196 -7.04134e-005
-2.00246e+008 0.0116482 -7.06951e-005
-2.00954e+008 0.0116756 -7.09767e-005
-2.01655e+008 0.0117027 -7.12584e-005
-2.0235e+008 0.0117296 -7.15401e-005
-2.03037e+008 0.0117562 -7.18217e-005
-2.03718e+008 0.0117825 -7.21034e-005
-2.04475e+008 0.0118126 -7.2385e-005
-2.05239e+008 0.0118432 -7.26667e-005
-2.05886e+008 0.01187 -7.29483e-005
-2.06463e+008 0.0118943 -7.323e-005
-2.07032e+008 0.0119184 -7.35116e-005
-2.07594e+008 0.0119423 -7.37933e-005
-2.07869e+008 0.0119776 -7.40749e-005
-2.07928e+008 0.0120218 -7.43566e-005
-2.07987e+008 0.0120659 -7.46382e-005
-2.08047e+008 0.01211 -7.49199e-005
-2.03147e+008 0.0120896 -7.46382e-005
-1.98248e+008 0.0120692 -7.43566e-005
-1.93349e+008 0.0120488 -7.40749e-005
-1.88449e+008 0.0120283 -7.37933e-005
-1.8355e+008 0.0120079 -7.35116e-005
-1.7885e+008 0.0119899 -7.323e-005
-1.74176e+008 0.0119722 -7.29483e-005
-1.69502e+008 0.0119545 -7.26667e-005
-1.64828e+008 0.0119368 -7.2385e-005
-1.60154e+008 0.011919 -7.21034e-005
-1.5548e+008 0.0119013 -7.18217e-005
-1.50806e+008 0.0118836 -7.15401e-005
-1.46132e+008 0.0118659 -7.12584e-005
-1.41457e+008 0.0118482 -7.09767e-005
-1.36783e+008 0.0118305 -7.06951e-005
-1.32109e+008 0.0118127 -7.04134e-005
-1.27435e+008 0.011795 -7.01318e-005
-1.22761e+008 0.0117773 -6.98501e-005
-1.18087e+008 0.0117596 -6.95685e-005
-1.13413e+008 0.0117419 -6.92868e-005
-1.08739e+008 0.0117242 -6.90052e-005
-1.04182e+008 0.0117078 -6.87235e-005
-9.98314e+007 0.0116936 -6.84419e-005
-9.54809e+007 0.0116795 -6.81602e-005
-9.11303e+007 0.0116654 -6.78786e-005
-8.67798e+007 0.0116513 -6.75969e-005
-8.24292e+007 0.0116372 -6.73152e-005
-7.80787e+007 0.011623 -6.70336e-005
-7.37282e+007 0.0116089 -6.67519e-005
-6.93776e+007 0.0115948 -6.64703e-005
-6.50271e+007 0.0115807 -6.61886e-005
-6.06765e+007 0.0115666 -6.5907e-005
-5.66983e+007 0.0115563 -6.56253e-005
-5.27644e+007 0.0115466 -6.53437e-005
-4.88306e+007 0.0115368 -6.5062e-005
-4.48967e+007 0.011527 -6.47804e-005
-4.09629e+007 0.0115172 -6.44987e-005
-3.7029e+007 0.0115075 -6.42171e-005
-3.30952e+007 0.0114977 -6.39354e-005
-2.93082e+007 0.0114894 -6.36537e-005
-2.58749e+007 0.0114845 -6.33721e-005
-2.24416e+007 0.0114797 -6.30904e-005
-1.90083e+007 0.0114749 -6.28088e-005
-1.55751e+007 0.0114701 -6.25271e-005
-1.21418e+007 0.0114652 -6.22455e-005
-9.20872e+006 0.0114651 -6.19638e-005
-6.28662e+006 0.0114651 -6.16822e-005
-3.36451e+006 0.0114651 -6.14005e-005
-442404 0.0114651 -6.11189e-005
2.4797e+006 0.0114651 -6.08372e-005
5.40181e+006 0.0114651 -6.05556e-005
8.32392e+006 0.0114651 -6.02739e-005
1.1246e+007 0.0114651 -5.99922e-005
1.41681e+007 0.0114651 -5.97106e-005
1.70902e+007 0.0114651 -5.94289e-005
2.00123e+007 0.0114651 -5.91473e-005
2.29345e+007 0.0114651 -5.88656e-005
2.58566e+007 0.0114651 -5.8584e-005
2.87787e+007 0.0114651 -5.83023e-005
3.17008e+007 0.0114651 -5.80207e-005
3.46229e+007 0.0114651 -5.7739e-005
3.7545e+007 0.0114651 -5.74574e-005
4.04671e+007 0.0114651 -5.71757e-005
4.33892e+007 0.0114651 -5.68941e-005
4.63113e+007 0.0114651 -5.66124e-005
4.92334e+007 0.0114651 -5.63307e-005
5.21555e+007 0.0114651 -5.60491e-005
5.50776e+007 0.0114651 -5.57674e-005
5.79997e+007 0.0114651 -5.54858e-005
6.09218e+007 0.0114651 -5.52041e-005
6.38439e+007 0.0114651 -5.49225e-005
6.67661e+007 0.0114651 -5.46408e-005
6.96882e+007 0.0114651 -5.43592e-005
7.26103e+007 0.0114651 -5.40775e-005
7.55324e+007 0.0114651 -5.37959e-005
7.84545e+007 0.0114651 -5.35142e-005
8.13766e+007 0.0114651 -5.32326e-005
8.42987e+007 0.0114651 -5.29509e-005
8.72208e+007 0.0114651 -5.26693e-005
8.92501e+007 0.0114548 -5.23876e-005
8.98717e+007 0.0114282 -5.21059e-005
9.04933e+007 0.0114016 -5.18243e-005
9.11149e+007 0.011375 -5.15426e-005
9.17365e+007 0.0113484 -5.1261e-005
9.23581e+007 0.0113218 -5.09793e-005
9.29797e+007 0.0112951 -5.06977e-005
9.36013e+007 0.0112685 -5.0416e-005
9.42229e+007 0.0112419 -5.01344e-005
9.48445e+007 0.0112153 -4.98527e-005
9.54661e+007 0.0111887 -4.95711e-005
9.60877e+007 0.0111621 -4.92894e-005
9.67093e+007 0.0111355 -4.90078e-005
9.73309e+007 0.0111089 -4.87261e-005
9.79525e+007 0.0110823 -4.84444e-005
9.85741e+007 0.0110557 -4.81628e-005
9.91957e+007 0.0110291 -4.78811e-005
9.98173e+007 0.0110024 -4.75995e-005
1.00439e+008 0.0109758 -4.73178e-005
1.01061e+008 0.0109492 -4.70362e-005
1.01682e+008 0.0109226 -4.67545e-005
1.02304e+008 0.010896 -4.64729e-005
1.02925e+008 0.0108694 -4.61912e-005
1.03547e+008 0.0108428 -4.59096e-005
1.04169e+008 0.0108162 -4.56279e-005
1.0479e+008 0.0107896 -4.53463e-005
1.05412e+008 0.010763 -4.50646e-005
1.06033e+008 0.0107364 -4.47829e-005
1.06655e+008 0.0107098 -4.45013e-005
1.07277e+008 0.0106831 -4.42196e-005
1.07898e+008 0.0106565 -4.3938e-005
1.0852e+008 0.0106299 -4.36563e-005
1.09141e+008 0.0106033 -4.33747e-005
1.09763e+008 0.0105767 -4.3093e-005
1.10385e+008 0.0105501 -4.28114e-005
1.11006e+008 0.0105235 -4.25297e-005
1.11628e+008 0.0104969 -4.22481e-005
1.12249e+008 0.0104703 -4.19664e-005
1.12871e+008 0.0104437 -4.16848e-005
1.13493e+008 0.0104171 -4.14031e-005
1.14114e+008 0.0103904 -4.11214e-005
1.14736e+008 0.0103638 -4.08398e-005
1.15357e+008 0.0103372 -4.05581e-005
1.15979e+008 0.0103106 -4.02765e-005
1.16601e+008 0.010284 -3.99948e-005
1.17222e+008 0.0102574 -3.97132e-005
1.17844e+008 0.0102308 -3.94315e-005
1.18465e+008 0.0102042 -3.91499e-005
1.19087e+008 0.0101776 -3.88682e-005
1.19709e+008 0.010151 -3.85866e-005
1.2033e+008 0.0101244 -3.83049e-005
1.20952e+008 0.0100978 -3.80233e-005
1.21573e+008 0.0100711 -3.77416e-005
1.22195e+008 0.0100445 -3.74599e-005
1.22817e+008 0.0100179 -3.71783e-005
1.23438e+008 0.00999132 -3.68966e-005
1.2406e+008 0.00996471 -3.6615e-005
1.24681e+008 0.0099381 -3.63333e-005
1.25303e+008 0.00991149 -3.60517e-005
1.25925e+008 0.00988488 -3.577e-005
1.26546e+008 0.00985827 -3.54884e-005
1.27168e+008 0.00983166 -3.52067e-005
1.27789e+008 0.00980506 -3.49251e-005
1.28411e+008 0.00977845 -3.46434e-005
1.29033e+008 0.00975184 -3.43618e-005
1.29654e+008 0.00972523 -3.40801e-005
1.30276e+008 0.00969862 -3.37984e-005
1.30897e+008 0.00967201 -3.35168e-005
1.31519e+008 0.0096454 -3.32351e-005
1.32141e+008 0.00961879 -3.29535e-005
1.32463e+008 0.00960562 -3.26718e-005
1.32492e+008 0.00960562 -3.23902e-005
1.32522e+008 0.00960562 -3.21085e-005
1.32551e+008 0.00960562 -3.18269e-005
1.3258e+008 0.00960562 -3.15452e-005
1.32609e+008 0.00960562 -3.12636e-005
1.32639e+008 0.00960562 -3.09819e-005
1.32668e+008 0.00960562 -3.07003e-005
1.32697e+008 0.00960562 -3.04186e-005
1.32726e+008 0.00960562 -3.0137e-005
1.32755e+008 0.00960562 -2.98553e-005
1.32785e+008 0.00960562 -2.95736e-005
1.32814e+008 0.00960562 -2.9292e-005
1.32843e+008 0.00960562 -2.90103e-005
1.32872e+008 0.00960562 -2.87287e-005
1.32902e+008 0.00960562 -2.8447e-005
1.32931e+008 0.00960562 -2.81654e-005
1.3296e+008 0.00960562 -2.78837e-005
1.32989e+008 0.00960562 -2.76021e-005
1.33018e+008 0.00960562 -2.73204e-005
1.33048e+008 0.00960562 -2.70388e-005
1.33077e+008 0.00960562 -2.67571e-005
1.33106e+008 0.00960562 -2.64755e-005
1.33135e+008 0.00960562 -2.61938e-005
1.33164e+008 0.00960562 -2.59121e-005
1.33194e+008 0.00960562 -2.56305e-005
1.33223e+008 0.00960562 -2.53488e-005
1.33252e+008 0.00960562 -2.50672e-005
1.33281e+008 0.00960562 -2.47855e-005
1.33311e+008 0.00960562 -2.45039e-005
1.3334e+008 0.00960562 -2.42222e-005
1.33369e+008 0.00960562 -2.39406e-005
1.33398e+008 0.00960562 -2.36589e-005
1.33427e+008 0.00960562 -2.33773e-005
1.33457e+008 0.00960562 -2.30956e-005
1.33486e+008 0.00960562 -2.2814e-005
1.33515e+008 0.00960562 -2.25323e-005
1.33544e+008 0.00960562 -2.22506e-005
1.33574e+008 0.00960562 -2.1969e-005
1.33603e+008 0.00960562 -2.16873e-005
1.33632e+008 0.00960562 -2.14057e-005
1.33661e+008 0.00960562 -2.1124e-005
1.3369e+008 0.00960562 -2.08424e-005
1.3372e+008 0.00960562 -2.05607e-005
1.33749e+008 0.00960562 -2.02791e-005
1.33778e+008 0.00960562 -1.99974e-005
1.33807e+008 0.00960562 -1.97158e-005
1.33837e+008 0.00960562 -1.94341e-005
1.33866e+008 0.00960562 -1.91525e-005
1.33895e+008 0.00960562 -1.88708e-005
1.33924e+008 0.00960562 -1.85891e-005
1.33953e+008 0.00960562 -1.83075e-005
1.33983e+008 0.00960562 -1.80258e-005
1.34012e+008 0.00960562 -1.77442e-005
1.34041e+008 0.00960562 -1.74625e-005
1.3407e+008 0.00960562 -1.71809e-005
1.341e+008 0.00960562 -1.68992e-005
1.34129e+008 0.00960562 -1.66176e-005
1.34158e+008 0.00960562 -1.63359e-005
1.34187e+008 0.00960562 -1.60543e-005
1.34216e+008 0.00960562 -1.57726e-005
1.34246e+008 0.00960562 -1.5491e-005
1.34275e+008 0.00960562 -1.52093e-005
1.34304e+008 0.00960562 -1.49276e-005
1.34333e+008 0.00960562 -1.4646e-005
1.34363e+008 0.00960562 -1.43643e-005
1.34392e+008 0.00960562 -1.40827e-005
1.34421e+008 0.00960562 -1.3801e-005
1.3445e+008 0.00960562 -1.35194e-005
1.34479e+008 0.00960562 -1.32377e-005
1.34509e+008 0.00960562 -1.29561e-005
1.34538e+008 0.00960562 -1.26744e-005
1.34567e+008 0.00960562 -1.23928e-005
1.34596e+008 0.00960562 -1.21111e-005
1.34626e+008 0.00960562 -1.18295e-005
1.34655e+008 0.00960562 -1.15478e-005
1.34684e+008 0.00960562 -1.12661e-005
1.34713e+008 0.00960562 -1.09845e-005
1.34742e+008 0.00960562 -1.07028e-005
1.34772e+008 0.00960562 -1.04212e-005
1.34801e+008 0.00960562 -1.01395e-005
1.3483e+008 0.00960562 -9.85788e-006
1.34859e+008 0.00960562 -9.57623e-006
1.34889e+008 0.00960562 -9.29457e-006
1.34918e+008 0.00960562 -9.01292e-006
1.34947e+008 0.00960562 -8.73127e-006
1.34976e+008 0.00960562 -8.44961e-006
1.35005e+008 0.00960562 -8.16796e-006
1.35035e+008 0.00960562 -7.8863e-006
1.35064e+008 0.00960562 -7.60465e-006
1.35093e+008 0.00960562 -7.323e-006
1.35122e+008 0.00960562 -7.04134e-006
1.35152e+008 0.00960562 -6.75969e-006
1.35181e+008 0.00960562 -6.47804e-006
1.3521e+008 0.00960562 -6.19638e-006
1.35239e+008 0.00960562 -5.91473e-006
1.35268e+008 0.00960562 -5.63307e-006
1.35298e+008 0.00960562 -5.35142e-006
1.35327e+008 0.00960562 -5.06977e-006
1.35356e+008 0.00960562 -4.78811e-006
1.35385e+008 0.00960562 -4.50646e-006
1.35415e+008 0.00960562 -4.22481e-006
1.35444e+008 0.00960562 -3.94315e-006
1.35473e+008 0.00960562 -3.6615e-006
1.35502e+008 0.00960562 -3.37984e-006
1.35531e+008 0.00960562 -3.09819e-006
1.35561e+008 0.00960562 -2.81654e-006
1.3559e+008 0.00960562 -2.53488e-006
1.35619e+008 0.00960562 -2.25323e-006
1.35648e+008 0.00960562 -1.97158e-006
1.35678e+008 0.00960562 -1.68992e-006
1.35707e+008 0.00960562 -1.40827e-006
1.35736e+008 0.00960562 -1.12661e-006
1.35765e+008 0.00960562 -8.44961e-007
1.35794e+008 0.00960562 -5.63307e-007
1.35824e+008 0.00960562 -2.81654e-007
1.35853e+008 0.00960562 -8.78797e-021
