1 0 0
1.90595e+007 -8.50412e-008 2.81654e-007
3.40711e+007 4.41272e-006 5.63307e-007
4.18944e+007 1.96978e-005 8.44961e-007
4.72474e+007 4.07256e-005 1.12661e-006
5.14417e+007 6.54366e-005 1.40827e-006
5.50234e+007 9.25926e-005 1.68992e-006
5.82549e+007 0.000121395 1.97158e-006
6.11864e+007 0.000151861 2.25323e-006
6.39611e+007 0.000183375 2.53488e-006
6.66087e+007 0.000215737 2.81654e-006
6.96674e+007 0.00024764 3.09819e-006
7.32232e+007 0.000279555 3.37984e-006
7.72158e+007 0.000310416 3.6615e-006
8.15055e+007 0.000340472 3.94315e-006
8.60106e+007 0.000369877 4.22481e-006
9.06365e+007 0.000399292 4.50646e-006
9.53358e+007 0.000428824 4.78811e-006
1.00177e+008 0.000457748 5.06977e-006
1.05044e+008 0.000486467 5.35142e-006
1.0999e+008 0.000514763 5.63307e-006
1.1494e+008 0.000542931 5.91473e-006
1.19958e+008 0.000570665 6.19638e-006
1.24958e+008 0.000598347 6.47804e-006
1.29958e+008 0.00062585 6.75969e-006
1.34944e+008 0.00065317 7.04134e-006
1.39824e+008 0.000680655 7.323e-006
1.445e+008 0.000708547 7.60465e-006
1.48868e+008 0.000736948 7.8863e-006
1.5269e+008 0.000766593 8.16796e-006
1.55794e+008 0.00079797 8.44961e-006
1.58155e+008 0.000831157 8.73127e-006
1.59936e+008 0.000865963 9.01292e-006
1.61282e+008 0.000902793 9.29457e-006
1.62392e+008 0.000940256 9.57623e-006
1.63376e+008 0.000978043 9.85788e-006
1.64296e+008 0.00101598 1.01395e-005
1.65238e+008 0.00105356 1.04212e-005
1.66166e+008 0.00109113 1.07028e-005
1.67083e+008 0.0011287 1.09845e-005
1.67993e+008 0.00116625 1.12661e-005
1.689e+008 0.00120378 1.15478e-005
1.69804e+008 0.00124128 1.18295e-005
1.70737e+008 0.00127847 1.21111e-005
1.71677e+008 0.00131554 1.23928e-005
1.66217e+008 0.00128757 1.21111e-005
1.60757e+008 0.0012596 1.18295e-005
1.55297e+008 0.00123164 1.15478e-005
1.49837e+008 0.00120367 1.12661e-005
1.44376e+008 0.0011757 1.09845e-005
1.38916e+008 0.00114774 1.07028e-005
1.33456e+008 0.00111977 1.04212e-005
1.27996e+008 0.0010918 1.01395e-005
1.22536e+008 0.00106383 9.85788e-006
1.17076e+008 0.00103587 9.57623e-006
1.11616e+008 0.0010079 9.29457e-006
1.06157e+008 0.000979929 9.01292e-006
1.00698e+008 0.00095196 8.73127e-006
9.52392e+007 0.000923989 8.44961e-006
8.97815e+007 0.000896016 8.16796e-006
8.43249e+007 0.000868041 7.8863e-006
7.88697e+007 0.000840062 7.60465e-006
7.34164e+007 0.00081208 7.323e-006
6.79655e+007 0.000784092 7.04134e-006
6.25176e+007 0.000756097 6.75969e-006
5.70736e+007 0.000728094 6.47804e-006
5.16343e+007 0.00070008 6.19638e-006
4.62008e+007 0.000672053 5.91473e-006
4.07744e+007 0.00064401 5.63307e-006
3.53564e+007 0.000615949 5.35142e-006
2.99485e+007 0.000587865 5.06977e-006
2.45525e+007 0.000559754 4.78811e-006
1.91715e+007 0.000531634 4.50646e-006
1.39282e+007 0.000504217 4.22481e-006
8.83633e+006 0.000477621 3.94315e-006
3.88599e+006 0.000452084 3.6615e-006
-920679 0.000427853 3.37984e-006
-5.64808e+006 0.000404208 3.09819e-006
-1.0362e+007 0.000380272 2.81654e-006
-1.50792e+007 0.000355932 2.53488e-006
-2.02414e+007 0.000327496 2.25323e-006
-2.53717e+007 0.000298865 1.97158e-006
-3.03296e+007 0.000271522 1.68992e-006
-3.3476e+007 0.000263439 1.40827e-006
-3.55839e+007 0.000268186 1.12661e-006
-3.76822e+007 0.000272788 8.44961e-007
-3.97512e+007 0.000277633 5.63307e-007
-4.16245e+007 0.000286237 2.81654e-007
-4.34897e+007 0.000294684 3.17637e-022
-4.53463e+007 0.000302966 -2.81654e-007
-4.71939e+007 0.000311075 -5.63307e-007
-4.90322e+007 0.000319003 -8.44961e-007
-5.08606e+007 0.000326741 -1.12661e-006
-5.26367e+007 0.000335381 -1.40827e-006
-5.4446e+007 0.000344019 -1.68992e-006
-5.70496e+007 0.000358751 -1.97158e-006
-6.05891e+007 0.000381898 -2.25323e-006
-6.46522e+007 0.000406928 -2.53488e-006
-6.90516e+007 0.000431645 -2.81654e-006
-7.37978e+007 0.000457742 -3.09819e-006
-7.8654e+007 0.000484018 -3.37984e-006
-8.36301e+007 0.000509428 -3.6615e-006
-8.87322e+007 0.000534272 -3.94315e-006
-9.39655e+007 0.000560282 -4.22481e-006
-9.9232e+007 0.000585898 -4.50646e-006
-1.04482e+008 0.000611387 -4.78811e-006
-1.09712e+008 0.000636757 -5.06977e-006
-1.14918e+008 0.00066202 -5.35142e-006
-1.20091e+008 0.000687204 -5.63307e-006
-1.25215e+008 0.000712359 -5.91473e-006
-1.30292e+008 0.000738348 -6.19638e-006
-1.35264e+008 0.000764865 -6.47804e-006
-1.40051e+008 0.00079178 -6.75969e-006
-1.44563e+008 0.00081938 -7.04134e-006
-1.48684e+008 0.000848026 -7.323e-006
-1.52304e+008 0.000878079 -7.60465e-006
-1.55353e+008 0.000909778 -7.8863e-006
-1.57838e+008 0.000943132 -8.16796e-006
-1.5984e+008 0.000977913 -8.44961e-006
-1.61477e+008 0.00101377 -8.73127e-006
-1.62865e+008 0.00105035 -9.01292e-006
-1.64093e+008 0.00108738 -9.29457e-006
-1.65222e+008 0.00112468 -9.57623e-006
-1.6629e+008 0.00116213 -9.85788e-006
-1.67322e+008 0.00119965 -1.01395e-005
-1.6833e+008 0.00123721 -1.04212e-005
-1.69324e+008 0.00127476 -1.07028e-005
-1.70309e+008 0.00131231 -1.09845e-005
-1.71287e+008 0.00134984 -1.12661e-005
-1.72255e+008 0.00138769 -1.15478e-005
-1.73215e+008 0.00142588 -1.18295e-005
-1.74172e+008 0.00146404 -1.21111e-005
-1.75127e+008 0.00150215 -1.23928e-005
-1.69698e+008 0.0014749 -1.21111e-005
-1.64269e+008 0.00144765 -1.18295e-005
-1.58839e+008 0.00142039 -1.15478e-005
-1.5341e+008 0.00139314 -1.12661e-005
-1.47981e+008 0.00136589 -1.09845e-005
-1.42552e+008 0.00133864 -1.07028e-005
-1.37123e+008 0.00131138 -1.04212e-005
-1.31694e+008 0.00128413 -1.01395e-005
-1.26265e+008 0.00125687 -9.85788e-006
-1.20837e+008 0.00122962 -9.57623e-006
-1.15409e+008 0.00120236 -9.29457e-006
-1.09981e+008 0.00117511 -9.01292e-006
-1.04554e+008 0.00114785 -8.73127e-006
-9.91276e+007 0.00112059 -8.44961e-006
-9.37028e+007 0.00109332 -8.16796e-006
-8.82807e+007 0.00106607 -7.8863e-006
-8.29344e+007 0.00104024 -7.60465e-006
-7.76018e+007 0.00101462 -7.323e-006
-7.22725e+007 0.000988987 -7.04134e-006
-6.69471e+007 0.00096334 -6.75969e-006
-6.16266e+007 0.000937677 -6.47804e-006
-5.63204e+007 0.000912117 -6.19638e-006
-5.1124e+007 0.000888015 -5.91473e-006
-4.61514e+007 0.00086666 -5.63307e-006
-4.19858e+007 0.000853455 -5.35142e-006
-3.80484e+007 0.000842737 -5.06977e-006
-3.45848e+007 0.000836871 -4.78811e-006
-3.16948e+007 0.0008365 -4.50646e-006
-2.88088e+007 0.000836083 -4.22481e-006
-2.59271e+007 0.000835615 -3.94315e-006
-2.30501e+007 0.000835093 -3.6615e-006
-2.01782e+007 0.000834512 -3.37984e-006
-1.7312e+007 0.000833866 -3.09819e-006
-1.44519e+007 0.000833149 -2.81654e-006
-1.15983e+007 0.000832356 -2.53488e-006
-8.75194e+006 0.00083148 -2.25323e-006
-5.91323e+006 0.000830516 -1.97158e-006
-3.08283e+006 0.000829455 -1.68992e-006
-261358 0.000828291 -1.40827e-006
2.55052e+006 0.000827016 -1.12661e-006
5.35211e+006 0.000825622 -8.44961e-007
8.14268e+006 0.000824101 -5.63307e-007
1.09215e+007 0.000822444 -2.81654e-007
1.36877e+007 0.000820641 -3.17637e-022
1.64406e+007 0.000818684 2.81654e-007
1.91792e+007 0.000816563 5.63307e-007
2.19027e+007 0.000814267 8.44961e-007
2.46101e+007 0.000811786 1.12661e-006
2.73005e+007 0.000809109 1.40827e-006
2.9973e+007 0.000806225 1.68992e-006
3.26265e+007 0.000803123 1.97158e-006
3.52599e+007 0.000799791 2.25323e-006
3.78723e+007 0.000796217 2.53488e-006
4.04626e+007 0.00079239 2.81654e-006
4.30296e+007 0.000788297 3.09819e-006
4.55722e+007 0.000783926 3.37984e-006
4.80893e+007 0.000779266 3.6615e-006
5.05798e+007 0.000774303 3.94315e-006
5.30425e+007 0.000769027 4.22481e-006
5.54763e+007 0.000763426 4.50646e-006
5.86856e+007 0.00076537 4.78811e-006
6.30589e+007 0.000779286 5.06977e-006
6.77973e+007 0.000797453 5.35142e-006
7.2638e+007 0.000816946 5.63307e-006
7.77016e+007 0.000839685 5.91473e-006
8.27954e+007 0.000863028 6.19638e-006
8.78736e+007 0.000886394 6.47804e-006
9.29319e+007 0.000909799 6.75969e-006
9.80064e+007 0.000934046 7.04134e-006
1.03119e+008 0.000959737 7.323e-006
1.08187e+008 0.000985552 7.60465e-006
1.13198e+008 0.00101153 7.8863e-006
1.18138e+008 0.00103772 8.16796e-006
1.22988e+008 0.00106419 8.44961e-006
1.27728e+008 0.00109101 8.73127e-006
1.32336e+008 0.00111824 9.01292e-006
1.36786e+008 0.00114599 9.29457e-006
1.41054e+008 0.00117433 9.57623e-006
1.45113e+008 0.00120335 9.85788e-006
1.48941e+008 0.00123315 1.01395e-005
1.52519e+008 0.00126377 1.04212e-005
1.55836e+008 0.00129526 1.07028e-005
1.58886e+008 0.00132765 1.09845e-005
1.61673e+008 0.00136092 1.12661e-005
1.6421e+008 0.00139503 1.15478e-005
1.66513e+008 0.00142993 1.18295e-005
1.68606e+008 0.00146554 1.21111e-005
1.70514e+008 0.00150177 1.23928e-005
1.72261e+008 0.00153855 1.26744e-005
1.73873e+008 0.00157578 1.29561e-005
1.75372e+008 0.0016134 1.32377e-005
1.76778e+008 0.00165133 1.35194e-005
1.78107e+008 0.00168952 1.3801e-005
1.79374e+008 0.00172792 1.40827e-005
1.8059e+008 0.00176649 1.43643e-005
1.81764e+008 0.00180521 1.4646e-005
1.82902e+008 0.00184406 1.49276e-005
1.84008e+008 0.00188305 1.52093e-005
1.8508e+008 0.00192217 1.5491e-005
1.86087e+008 0.00196103 1.57726e-005
1.87037e+008 0.0020001 1.60543e-005
1.87903e+008 0.00203935 1.63359e-005
1.88673e+008 0.00207932 1.66176e-005
1.89317e+008 0.00212 1.68992e-005
1.8983e+008 0.0021616 1.71809e-005
1.90226e+008 0.00220415 1.74625e-005
1.90529e+008 0.00224743 1.77442e-005
1.90768e+008 0.00229122 1.80258e-005
1.90967e+008 0.00233532 1.83075e-005
1.91141e+008 0.00237955 1.85891e-005
1.913e+008 0.00242381 1.88708e-005
1.91449e+008 0.00246812 1.91525e-005
1.91593e+008 0.00251247 1.94341e-005
1.91733e+008 0.00255682 1.97158e-005
1.91871e+008 0.00260118 1.99974e-005
1.92007e+008 0.00264554 2.02791e-005
1.92141e+008 0.00268989 2.05607e-005
1.92275e+008 0.00273423 2.08424e-005
1.92407e+008 0.00277857 2.1124e-005
1.92539e+008 0.00282289 2.14057e-005
1.9267e+008 0.0028672 2.16873e-005
1.928e+008 0.00291151 2.1969e-005
1.9293e+008 0.0029558 2.22506e-005
1.93059e+008 0.00300008 2.25323e-005
1.93188e+008 0.00304434 2.2814e-005
1.93317e+008 0.0030886 2.30956e-005
1.93445e+008 0.00313284 2.33773e-005
1.93573e+008 0.00317707 2.36589e-005
1.937e+008 0.00322129 2.39406e-005
1.93827e+008 0.00326549 2.42222e-005
1.93951e+008 0.00330981 2.45039e-005
1.94065e+008 0.00335484 2.47855e-005
1.88722e+008 0.00332926 2.45039e-005
1.8338e+008 0.00330367 2.42222e-005
1.78039e+008 0.00327808 2.39406e-005
1.72699e+008 0.00325248 2.36589e-005
1.67363e+008 0.00322688 2.33773e-005
1.62031e+008 0.00320125 2.30956e-005
1.56705e+008 0.00317561 2.2814e-005
1.51386e+008 0.00314994 2.25323e-005
1.46076e+008 0.00312424 2.22506e-005
1.40777e+008 0.0030985 2.1969e-005
1.3549e+008 0.00307272 2.16873e-005
1.30219e+008 0.00304689 2.14057e-005
1.24964e+008 0.003021 2.1124e-005
1.19727e+008 0.00299504 2.08424e-005
1.14512e+008 0.00296901 2.05607e-005
1.0932e+008 0.0029429 2.02791e-005
1.04153e+008 0.0029167 1.99974e-005
9.90147e+007 0.0028904 1.97158e-005
9.39059e+007 0.002864 1.94341e-005
8.88339e+007 0.00283756 1.91525e-005
8.38091e+007 0.00281119 1.88708e-005
7.88617e+007 0.00278533 1.85891e-005
7.40783e+007 0.00276132 1.83075e-005
6.93315e+007 0.00273716 1.80258e-005
6.46231e+007 0.00271284 1.77442e-005
5.99551e+007 0.00268834 1.74625e-005
5.53292e+007 0.00266366 1.71809e-005
5.07789e+007 0.00263925 1.68992e-005
4.63183e+007 0.00261527 1.66176e-005
4.21045e+007 0.00259335 1.63359e-005
3.84537e+007 0.00257737 1.60543e-005
3.49297e+007 0.00256247 1.57726e-005
3.1437e+007 0.00254735 1.5491e-005
2.80507e+007 0.00253298 1.52093e-005
2.47826e+007 0.00251954 1.49276e-005
2.15854e+007 0.00250639 1.4646e-005
1.85724e+007 0.00249498 1.43643e-005
1.56907e+007 0.00248461 1.40827e-005
1.29839e+007 0.00247583 1.3801e-005
1.05666e+007 0.00246999 1.35194e-005
8.16985e+006 0.00246391 1.32377e-005
5.79384e+006 0.0024576 1.29561e-005
3.43892e+006 0.00245104 1.26744e-005
1.10538e+006 0.00244423 1.23928e-005
-1.20652e+006 0.00243717 1.21111e-005
-3.4965e+006 0.00242986 1.18295e-005
-5.76432e+006 0.00242229 1.15478e-005
-8.00974e+006 0.00241447 1.12661e-005
-1.02326e+007 0.00240638 1.09845e-005
-1.24326e+007 0.00239803 1.07028e-005
-1.46096e+007 0.00238941 1.04212e-005
-1.67635e+007 0.00238053 1.01395e-005
-1.88941e+007 0.00237138 9.85788e-006
-2.10013e+007 0.00236196 9.57623e-006
-2.30849e+007 0.00235227 9.29457e-006
-2.5145e+007 0.00234231 9.01292e-006
-2.71813e+007 0.00233208 8.73127e-006
-2.91939e+007 0.00232157 8.44961e-006
-3.11826e+007 0.00231079 8.16796e-006
-3.31476e+007 0.00229974 7.8863e-006
-3.50888e+007 0.00228842 7.60465e-006
-3.70061e+007 0.00227683 7.323e-006
-3.88997e+007 0.00226497 7.04134e-006
-4.07695e+007 0.00225284 6.75969e-006
-4.26157e+007 0.00224045 6.47804e-006
-4.44383e+007 0.00222779 6.19638e-006
-4.62374e+007 0.00221487 5.91473e-006
-4.8013e+007 0.00220168 5.63307e-006
-4.97654e+007 0.00218824 5.35142e-006
-5.14947e+007 0.00217455 5.06977e-006
-5.32009e+007 0.00216061 4.78811e-006
-5.48843e+007 0.00214641 4.50646e-006
-5.6545e+007 0.00213198 4.22481e-006
-5.81833e+007 0.0021173 3.94315e-006
-5.97991e+007 0.00210239 3.6615e-006
-6.13929e+007 0.00208725 3.37984e-006
-6.29647e+007 0.00207188 3.09819e-006
-6.45149e+007 0.00205629 2.81654e-006
-6.60435e+007 0.00204048 2.53488e-006
-6.75509e+007 0.00202446 2.25323e-006
-6.90372e+007 0.00200824 1.97158e-006
-7.05026e+007 0.00199181 1.68992e-006
-7.19475e+007 0.0019752 1.40827e-006
-7.3372e+007 0.00195839 1.12661e-006
-7.47764e+007 0.00194141 8.44961e-007
-7.61609e+007 0.00192425 5.63307e-007
-7.75258e+007 0.00190693 2.81654e-007
-7.88712e+007 0.00188945 2.0117e-021
-8.01974e+007 0.00187181 -2.81654e-007
-8.15047e+007 0.00185404 -5.63307e-007
-8.27932e+007 0.00183612 -8.44961e-007
-8.40632e+007 0.00181808 -1.12661e-006
-8.53148e+007 0.00179992 -1.40827e-006
-8.65484e+007 0.00178165 -1.68992e-006
-8.77641e+007 0.00176328 -1.97158e-006
-8.89621e+007 0.00174481 -2.25323e-006
-9.01426e+007 0.00172626 -2.53488e-006
-9.13057e+007 0.00170764 -2.81654e-006
-9.24516e+007 0.00168895 -3.09819e-006
-9.35806e+007 0.00167021 -3.37984e-006
-9.46927e+007 0.00165142 -3.6615e-006
-9.57881e+007 0.0016326 -3.94315e-006
-9.68669e+007 0.00161376 -4.22481e-006
-9.79292e+007 0.00159491 -4.50646e-006
-9.89751e+007 0.00157606 -4.78811e-006
-1.00005e+008 0.00155723 -5.06977e-006
-1.01018e+008 0.00153841 -5.35142e-006
-1.02016e+008 0.00151964 -5.63307e-006
-1.02997e+008 0.00150092 -5.91473e-006
-1.03962e+008 0.00148226 -6.19638e-006
-1.04911e+008 0.00146368 -6.47804e-006
-1.05844e+008 0.00144519 -6.75969e-006
-1.06762e+008 0.0014268 -7.04134e-006
-1.07663e+008 0.00140854 -7.323e-006
-1.08548e+008 0.00139041 -7.60465e-006
-1.10692e+008 0.00138903 -7.8863e-006
-1.1346e+008 0.00139738 -8.16796e-006
-1.16537e+008 0.00141224 -8.44961e-006
-1.1968e+008 0.00143076 -8.73127e-006
-1.22795e+008 0.00145188 -9.01292e-006
-1.25836e+008 0.00147529 -9.29457e-006
-1.28802e+008 0.00150135 -9.57623e-006
-1.31605e+008 0.00152838 -9.85788e-006
-1.34244e+008 0.0015564 -1.01395e-005
-1.36723e+008 0.00158537 -1.04212e-005
-1.39047e+008 0.00161527 -1.07028e-005
-1.41242e+008 0.00164682 -1.09845e-005
-1.43337e+008 0.00168091 -1.12661e-005
-1.45292e+008 0.00171564 -1.15478e-005
-1.47122e+008 0.00175093 -1.18295e-005
-1.48839e+008 0.00178674 -1.21111e-005
-1.50458e+008 0.00182299 -1.23928e-005
-1.5199e+008 0.00185964 -1.26744e-005
-1.53446e+008 0.00189663 -1.29561e-005
-1.54837e+008 0.00193392 -1.32377e-005
-1.56172e+008 0.00197147 -1.35194e-005
-1.57458e+008 0.00200923 -1.3801e-005
-1.58704e+008 0.00204718 -1.40827e-005
-1.59914e+008 0.00208529 -1.43643e-005
-1.61094e+008 0.00212354 -1.4646e-005
-1.62249e+008 0.00216191 -1.49276e-005
-1.63381e+008 0.00220037 -1.52093e-005
-1.64496e+008 0.00223891 -1.5491e-005
-1.65594e+008 0.00227753 -1.57726e-005
-1.66679e+008 0.00231621 -1.60543e-005
-1.67753e+008 0.00235494 -1.63359e-005
-1.68816e+008 0.00239372 -1.66176e-005
-1.69872e+008 0.00243253 -1.68992e-005
-1.7092e+008 0.00247138 -1.71809e-005
-1.71961e+008 0.00251025 -1.74625e-005
-1.72995e+008 0.00254908 -1.77442e-005
-1.74002e+008 0.00258741 -1.80258e-005
-1.75004e+008 0.00262574 -1.83075e-005
-1.75999e+008 0.00266397 -1.85891e-005
-1.76975e+008 0.00270181 -1.88708e-005
-1.77948e+008 0.00273963 -1.91525e-005
-1.78917e+008 0.00277743 -1.94341e-005
-1.79877e+008 0.00281506 -1.97158e-005
-1.80826e+008 0.00285242 -1.99974e-005
-1.81772e+008 0.00288976 -2.02791e-005
-1.82712e+008 0.00292709 -2.05607e-005
-1.83647e+008 0.00296441 -2.08424e-005
-1.84574e+008 0.00300168 -2.1124e-005
-1.85485e+008 0.00303873 -2.14057e-005
-1.86383e+008 0.00307586 -2.16873e-005
-1.87265e+008 0.0031131 -2.1969e-005
-1.88124e+008 0.00315056 -2.22506e-005
-1.88952e+008 0.00318832 -2.25323e-005
-1.89739e+008 0.00322653 -2.2814e-005
-1.90472e+008 0.00326533 -2.30956e-005
-1.91139e+008 0.00330491 -2.33773e-005
-1.91728e+008 0.00334527 -2.36589e-005
-1.92233e+008 0.00338663 -2.39406e-005
-1.92655e+008 0.00342903 -2.42222e-005
-1.93e+008 0.00347242 -2.45039e-005
-1.9328e+008 0.00351664 -2.47855e-005
-1.87937e+008 0.00349105 -2.45039e-005
-1.82595e+008 0.00346546 -2.42222e-005
-1.77253e+008 0.00343987 -2.39406e-005
-1.71914e+008 0.00341427 -2.36589e-005
-1.66578e+008 0.00338866 -2.33773e-005
-1.61247e+008 0.00336304 -2.30956e-005
-1.55922e+008 0.00333739 -2.2814e-005
-1.50605e+008 0.00331172 -2.25323e-005
-1.45297e+008 0.00328601 -2.22506e-005
-1.40001e+008 0.00326026 -2.1969e-005
-1.34718e+008 0.00323447 -2.16873e-005
-1.2945e+008 0.00320863 -2.14057e-005
-1.24204e+008 0.00318278 -2.1124e-005
-1.19094e+008 0.00315859 -2.08424e-005
-1.14088e+008 0.00313555 -2.05607e-005
-1.09102e+008 0.00311242 -2.02791e-005
-1.04139e+008 0.0030892 -1.99974e-005
-9.92006e+007 0.00306586 -1.97158e-005
-9.42893e+007 0.00304242 -1.94341e-005
-8.94068e+007 0.00301885 -1.91525e-005
-8.45551e+007 0.00299515 -1.88708e-005
-7.97502e+007 0.0029715 -1.85891e-005
-7.50481e+007 0.00294862 -1.83075e-005
-7.04218e+007 0.00292613 -1.80258e-005
-6.59027e+007 0.00290442 -1.77442e-005
-6.15074e+007 0.00288364 -1.74625e-005
-5.72994e+007 0.00286441 -1.71809e-005
-5.36961e+007 0.00285128 -1.68992e-005
-5.02197e+007 0.00283922 -1.66176e-005
-4.67692e+007 0.00282698 -1.63359e-005
-4.35191e+007 0.00281663 -1.60543e-005
-4.03363e+007 0.0028066 -1.57726e-005
-3.73615e+007 0.0027985 -1.5491e-005
-3.44956e+007 0.00279121 -1.52093e-005
-3.1959e+007 0.00278719 -1.49276e-005
-2.94423e+007 0.00278299 -1.4646e-005
-2.69463e+007 0.00277863 -1.43643e-005
-2.44713e+007 0.00277409 -1.40827e-005
-2.20178e+007 0.00276938 -1.3801e-005
-1.95865e+007 0.0027645 -1.35194e-005
-1.71778e+007 0.00275945 -1.32377e-005
-1.4792e+007 0.00275422 -1.29561e-005
-1.24298e+007 0.00274881 -1.26744e-005
-1.00914e+007 0.00274323 -1.23928e-005
-7.7773e+006 0.00273748 -1.21111e-005
-5.48786e+006 0.00273155 -1.18295e-005
-3.22342e+006 0.00272545 -1.15478e-005
-984306 0.00271918 -1.12661e-005
1.22917e+006 0.00271273 -1.09845e-005
3.41674e+006 0.00270611 -1.07028e-005
5.57814e+006 0.00269933 -1.04212e-005
7.71316e+006 0.00269237 -1.01395e-005
9.82159e+006 0.00268525 -9.85788e-006
1.19033e+007 0.00267797 -9.57623e-006
1.3958e+007 0.00267052 -9.29457e-006
1.59857e+007 0.00266291 -9.01292e-006
1.79863e+007 0.00265514 -8.73127e-006
1.99597e+007 0.00264722 -8.44961e-006
2.19059e+007 0.00263914 -8.16796e-006
2.38247e+007 0.00263091 -7.8863e-006
2.57163e+007 0.00262253 -7.60465e-006
2.75807e+007 0.002614 -7.323e-006
2.94179e+007 0.00260533 -7.04134e-006
3.12279e+007 0.00259653 -6.75969e-006
3.30109e+007 0.00258758 -6.47804e-006
3.47669e+007 0.00257851 -6.19638e-006
3.64962e+007 0.0025693 -5.91473e-006
3.81988e+007 0.00255997 -5.63307e-006
3.98749e+007 0.00255051 -5.35142e-006
4.15247e+007 0.00254094 -5.06977e-006
4.31483e+007 0.00253125 -4.78811e-006
4.47461e+007 0.00252145 -4.50646e-006
4.63182e+007 0.00251154 -4.22481e-006
4.78649e+007 0.00250153 -3.94315e-006
4.93864e+007 0.00249142 -3.6615e-006
5.0883e+007 0.00248122 -3.37984e-006
5.23549e+007 0.00247092 -3.09819e-006
5.38025e+007 0.00246054 -2.81654e-006
5.52259e+007 0.00245008 -2.53488e-006
5.66256e+007 0.00243954 -2.25323e-006
5.80019e+007 0.00242892 -1.97158e-006
5.93549e+007 0.00241824 -1.68992e-006
6.06851e+007 0.00240749 -1.40827e-006
6.19927e+007 0.00239667 -1.12661e-006
6.32781e+007 0.00238581 -8.44961e-007
6.45417e+007 0.00237489 -5.63307e-007
6.57836e+007 0.00236392 -2.81654e-007
6.70044e+007 0.00235291 1.37643e-021
6.82042e+007 0.00234186 2.81654e-007
6.93834e+007 0.00233078 5.63307e-007
7.05424e+007 0.00231967 8.44961e-007
7.16815e+007 0.00230853 1.12661e-006
7.28009e+007 0.00229737 1.40827e-006
7.39011e+007 0.00228619 1.68992e-006
7.49824e+007 0.00227499 1.97158e-006
7.6045e+007 0.00226379 2.25323e-006
7.70893e+007 0.00225258 2.53488e-006
7.81156e+007 0.00224138 2.81654e-006
7.91242e+007 0.00223017 3.09819e-006
8.01155e+007 0.00221897 3.37984e-006
8.10897e+007 0.00220778 3.6615e-006
8.20471e+007 0.00219661 3.94315e-006
8.29881e+007 0.00218545 4.22481e-006
8.39129e+007 0.00217432 4.50646e-006
8.48218e+007 0.00216321 4.78811e-006
8.57151e+007 0.00215213 5.06977e-006
8.65931e+007 0.00214108 5.35142e-006
8.7456e+007 0.00213006 5.63307e-006
8.83042e+007 0.00211909 5.91473e-006
8.91379e+007 0.00210816 6.19638e-006
8.99573e+007 0.00209727 6.47804e-006
9.07627e+007 0.00208644 6.75969e-006
9.15544e+007 0.00207565 7.04134e-006
9.23326e+007 0.00206492 7.323e-006
9.30976e+007 0.00205424 7.60465e-006
9.38496e+007 0.00204363 7.8863e-006
9.45887e+007 0.00203308 8.16796e-006
9.53154e+007 0.00202259 8.44961e-006
9.60297e+007 0.00201218 8.73127e-006
9.67319e+007 0.00200183 9.01292e-006
9.74222e+007 0.00199155 9.29457e-006
9.81009e+007 0.00198135 9.57623e-006
9.87681e+007 0.00197123 9.85788e-006
9.9424e+007 0.00196119 1.01395e-005
1.00069e+008 0.00195123 1.04212e-005
1.00703e+008 0.00194135 1.07028e-005
1.01326e+008 0.00193155 1.09845e-005
1.0262e+008 0.0019348 1.12661e-005
1.04481e+008 0.00194991 1.15478e-005
1.06517e+008 0.00196976 1.18295e-005
1.08592e+008 0.00199154 1.21111e-005
1.10749e+008 0.00201649 1.23928e-005
1.12912e+008 0.00204288 1.26744e-005
1.15036e+008 0.00206957 1.29561e-005
1.17157e+008 0.00209763 1.32377e-005
1.19292e+008 0.0021275 1.35194e-005
1.21385e+008 0.00215763 1.3801e-005
1.23439e+008 0.002188 1.40827e-005
1.25454e+008 0.00221862 1.43643e-005
1.27431e+008 0.00224948 1.4646e-005
1.29372e+008 0.00228056 1.49276e-005
1.31278e+008 0.00231187 1.52093e-005
1.33149e+008 0.00234339 1.5491e-005
1.34988e+008 0.00237512 1.57726e-005
1.36795e+008 0.00240705 1.60543e-005
1.38577e+008 0.00243946 1.63359e-005
1.40373e+008 0.00247413 1.66176e-005
1.42138e+008 0.002509 1.68992e-005
1.43874e+008 0.00254402 1.71809e-005
1.45581e+008 0.00257917 1.74625e-005
1.47259e+008 0.00261445 1.77442e-005
1.48911e+008 0.00264987 1.80258e-005
1.50538e+008 0.0026854 1.83075e-005
1.52139e+008 0.00272105 1.85891e-005
1.53717e+008 0.00275681 1.88708e-005
1.55273e+008 0.00279268 1.91525e-005
1.56806e+008 0.00282865 1.94341e-005
1.58319e+008 0.00286472 1.97158e-005
1.59811e+008 0.00290088 1.99974e-005
1.61285e+008 0.00293714 2.02791e-005
1.62739e+008 0.00297348 2.05607e-005
1.64176e+008 0.00300991 2.08424e-005
1.65596e+008 0.00304642 2.1124e-005
1.67e+008 0.00308301 2.14057e-005
1.68386e+008 0.00311968 2.16873e-005
1.69757e+008 0.00315644 2.1969e-005
1.71111e+008 0.00319329 2.22506e-005
1.72447e+008 0.00323025 2.25323e-005
1.73763e+008 0.00326734 2.2814e-005
1.75056e+008 0.00330461 2.30956e-005
1.76318e+008 0.00334212 2.33773e-005
1.77542e+008 0.00337998 2.36589e-005
1.78713e+008 0.00341833 2.39406e-005
1.79814e+008 0.00345734 2.42222e-005
1.80828e+008 0.00349722 2.45039e-005
1.81737e+008 0.00353814 2.47855e-005
1.82535e+008 0.00358017 2.50672e-005
1.83225e+008 0.00362328 2.53488e-005
1.83821e+008 0.00366732 2.56305e-005
1.84343e+008 0.00371207 2.59121e-005
1.8481e+008 0.0037573 2.61938e-005
1.85238e+008 0.0038028 2.64755e-005
1.85636e+008 0.0038485 2.67571e-005
1.86014e+008 0.00389433 2.70388e-005
1.86376e+008 0.00394025 2.73204e-005
1.86724e+008 0.00398625 2.76021e-005
1.87061e+008 0.0040323 2.78837e-005
1.87389e+008 0.00407839 2.81654e-005
1.87709e+008 0.00412453 2.8447e-005
1.8802e+008 0.0041707 2.87287e-005
1.88324e+008 0.0042169 2.90103e-005
1.88622e+008 0.00426313 2.9292e-005
1.88913e+008 0.00430939 2.95736e-005
1.89197e+008 0.00435567 2.98553e-005
1.89474e+008 0.00440189 3.0137e-005
1.89736e+008 0.00444775 3.04186e-005
1.89993e+008 0.00449364 3.07003e-005
1.90245e+008 0.00453954 3.09819e-005
1.90492e+008 0.00458545 3.12636e-005
1.90734e+008 0.00463138 3.15452e-005
1.90971e+008 0.00467726 3.18269e-005
1.91198e+008 0.00472288 3.21085e-005
1.91421e+008 0.00476851 3.23902e-005
1.9164e+008 0.00481414 3.26718e-005
1.91855e+008 0.00485979 3.29535e-005
1.92066e+008 0.00490545 3.32351e-005
1.92274e+008 0.00495111 3.35168e-005
1.92478e+008 0.00499678 3.37984e-005
1.92679e+008 0.00504246 3.40801e-005
1.92877e+008 0.00508814 3.43618e-005
1.93071e+008 0.00513383 3.46434e-005
1.93262e+008 0.00517951 3.49251e-005
1.93448e+008 0.00522498 3.52067e-005
1.93631e+008 0.00527046 3.54884e-005
1.93811e+008 0.00531593 3.577e-005
1.93989e+008 0.00536142 3.60517e-005
1.94164e+008 0.0054069 3.63333e-005
1.94337e+008 0.00545238 3.6615e-005
1.94507e+008 0.00549787 3.68966e-005
1.94675e+008 0.00554335 3.71783e-005
1.94841e+008 0.00558884 3.74599e-005
1.95004e+008 0.00563432 3.77416e-005
1.95166e+008 0.0056798 3.80233e-005
1.95325e+008 0.00572529 3.83049e-005
1.95482e+008 0.00577077 3.85866e-005
1.95638e+008 0.00581625 3.88682e-005
1.95792e+008 0.00586173 3.91499e-005
1.95944e+008 0.0059072 3.94315e-005
1.96094e+008 0.00595267 3.97132e-005
1.96242e+008 0.00599814 3.99948e-005
1.96389e+008 0.00604361 4.02765e-005
1.96534e+008 0.00608908 4.05581e-005
1.96678e+008 0.00613454 4.08398e-005
1.9682e+008 0.00617999 4.11214e-005
1.96961e+008 0.00622545 4.14031e-005
1.971e+008 0.0062709 4.16848e-005
1.97238e+008 0.00631634 4.19664e-005
1.97375e+008 0.00636178 4.22481e-005
1.9751e+008 0.0064073 4.25297e-005
1.97642e+008 0.0064527 4.28114e-005
1.97774e+008 0.00649808 4.3093e-005
1.97904e+008 0.00654345 4.33747e-005
1.98033e+008 0.00658881 4.36563e-005
1.98161e+008 0.00663421 4.3938e-005
1.98285e+008 0.00668017 4.42196e-005
1.98405e+008 0.00672644 4.45013e-005
1.98525e+008 0.0067727 4.47829e-005
1.98644e+008 0.00681895 4.50646e-005
1.98762e+008 0.0068652 4.53463e-005
1.98879e+008 0.00691145 4.56279e-005
1.98995e+008 0.00695768 4.59096e-005
1.9911e+008 0.00700391 4.61912e-005
1.99224e+008 0.00705013 4.64729e-005
1.99337e+008 0.00709635 4.67545e-005
1.9945e+008 0.00714255 4.70362e-005
1.99561e+008 0.00718875 4.73178e-005
1.99672e+008 0.00723494 4.75995e-005
1.99782e+008 0.00728112 4.78811e-005
1.99891e+008 0.0073273 4.81628e-005
2e+008 0.00737346 4.84444e-005
2.00107e+008 0.00741962 4.87261e-005
2.00214e+008 0.00746577 4.90078e-005
2.00321e+008 0.0075119 4.92894e-005
2.00426e+008 0.00755803 4.95711e-005
2.00531e+008 0.00760415 4.98527e-005
1.95403e+008 0.00758163 4.95711e-005
1.90279e+008 0.00755909 4.92894e-005
1.85161e+008 0.00753652 4.90078e-005
1.80052e+008 0.00751391 4.87261e-005
1.74955e+008 0.00749125 4.84444e-005
1.69872e+008 0.00746853 4.81628e-005
1.64807e+008 0.00744574 4.78811e-005
1.59762e+008 0.00742286 4.75995e-005
1.54739e+008 0.00739988 4.73178e-005
1.49741e+008 0.0073768 4.70362e-005
1.44769e+008 0.00735361 4.67545e-005
1.39827e+008 0.00733029 4.64729e-005
1.34917e+008 0.00730683 4.61912e-005
1.3004e+008 0.00728324 4.59096e-005
1.25198e+008 0.00725949 4.56279e-005
1.20394e+008 0.00723558 4.53463e-005
1.15629e+008 0.0072115 4.50646e-005
1.10905e+008 0.00718725 4.47829e-005
1.06223e+008 0.00716282 4.45013e-005
1.01628e+008 0.00713879 4.42196e-005
9.71134e+007 0.00711508 4.3938e-005
9.26436e+007 0.00709116 4.36563e-005
8.82864e+007 0.007068 4.33747e-005
8.39803e+007 0.00704472 4.3093e-005
7.97201e+007 0.00702121 4.28114e-005
7.55065e+007 0.00699748 4.25297e-005
7.13405e+007 0.00697351 4.22481e-005
6.72228e+007 0.00694931 4.19664e-005
6.33165e+007 0.00692697 4.16848e-005
5.96167e+007 0.00690626 4.14031e-005
5.61343e+007 0.00688753 4.11214e-005
5.2921e+007 0.00687154 4.08398e-005
4.97416e+007 0.00685532 4.05581e-005
4.67005e+007 0.00684037 4.02765e-005
4.37373e+007 0.00682586 3.99948e-005
4.08054e+007 0.00681111 3.97132e-005
3.79052e+007 0.00679613 3.94315e-005
3.50367e+007 0.0067809 3.91499e-005
3.22e+007 0.00676544 3.88682e-005
2.94051e+007 0.00674989 3.85866e-005
2.67978e+007 0.00673641 3.83049e-005
2.42193e+007 0.00672271 3.80233e-005
2.16698e+007 0.00670878 3.77416e-005
1.91492e+007 0.00669462 3.74599e-005
1.66576e+007 0.00668024 3.71783e-005
1.43755e+007 0.00666832 3.68966e-005
1.21235e+007 0.00665626 3.6615e-005
9.89732e+006 0.00664399 3.63333e-005
7.76182e+006 0.00663246 3.60517e-005
5.79272e+006 0.00662282 3.577e-005
3.84682e+006 0.00661301 3.54884e-005
1.9241e+006 0.00660304 3.52067e-005
24527.3 0.0065929 3.49251e-005
-1.85195e+006 0.0065826 3.46434e-005
-3.70538e+006 0.00657215 3.43618e-005
-5.53585e+006 0.00656154 3.40801e-005
-7.34343e+006 0.00655078 3.37984e-005
-9.12823e+006 0.00653988 3.35168e-005
-1.08904e+007 0.00652883 3.32351e-005
-1.26299e+007 0.00651765 3.29535e-005
-1.43471e+007 0.00650633 3.26718e-005
-1.60419e+007 0.00649488 3.23902e-005
-1.77146e+007 0.00648331 3.21085e-005
-1.93653e+007 0.00647161 3.18269e-005
-2.09942e+007 0.00645979 3.15452e-005
-2.26015e+007 0.00644786 3.12636e-005
-2.41873e+007 0.00643582 3.09819e-005
-2.57518e+007 0.00642367 3.07003e-005
-2.72952e+007 0.00641141 3.04186e-005
-2.88177e+007 0.00639906 3.0137e-005
-3.03195e+007 0.00638661 2.98553e-005
-3.18009e+007 0.00637407 2.95736e-005
-3.32619e+007 0.00636144 2.9292e-005
-3.47029e+007 0.00634874 2.90103e-005
-3.61241e+007 0.00633595 2.87287e-005
-3.75256e+007 0.00632308 2.8447e-005
-3.89078e+007 0.00631015 2.81654e-005
-4.02707e+007 0.00629714 2.78837e-005
-4.16147e+007 0.00628408 2.76021e-005
-4.294e+007 0.00627095 2.73204e-005
-4.42468e+007 0.00625777 2.70388e-005
-4.55353e+007 0.00624454 2.67571e-005
-4.68057e+007 0.00623125 2.64755e-005
-4.80584e+007 0.00621793 2.61938e-005
-4.92935e+007 0.00620456 2.59121e-005
-5.05112e+007 0.00619116 2.56305e-005
-5.17117e+007 0.00617772 2.53488e-005
-5.28954e+007 0.00616426 2.50672e-005
-5.40624e+007 0.00615076 2.47855e-005
-5.52129e+007 0.00613725 2.45039e-005
-5.63472e+007 0.00612372 2.42222e-005
-5.74655e+007 0.00611017 2.39406e-005
-5.8568e+007 0.00609661 2.36589e-005
-5.96549e+007 0.00608304 2.33773e-005
-6.07265e+007 0.00606947 2.30956e-005
-6.17828e+007 0.00605589 2.2814e-005
-6.28243e+007 0.00604232 2.25323e-005
-6.3851e+007 0.00602875 2.22506e-005
-6.48632e+007 0.00601519 2.1969e-005
-6.58611e+007 0.00600164 2.16873e-005
-6.68448e+007 0.00598811 2.14057e-005
-6.78147e+007 0.00597459 2.1124e-005
-6.87708e+007 0.00596109 2.08424e-005
-6.97133e+007 0.00594762 2.05607e-005
-7.06426e+007 0.00593417 2.02791e-005
-7.15586e+007 0.00592076 1.99974e-005
-7.24617e+007 0.00590737 1.97158e-005
-7.33521e+007 0.00589402 1.94341e-005
-7.42298e+007 0.00588071 1.91525e-005
-7.5095e+007 0.00586744 1.88708e-005
-7.59481e+007 0.00585421 1.85891e-005
-7.6789e+007 0.00584103 1.83075e-005
-7.76181e+007 0.0058279 1.80258e-005
-7.84354e+007 0.00581481 1.77442e-005
-7.92411e+007 0.00580179 1.74625e-005
-8.00354e+007 0.00578881 1.71809e-005
-8.08185e+007 0.0057759 1.68992e-005
-8.15904e+007 0.00576305 1.66176e-005
-8.23514e+007 0.00575026 1.63359e-005
-8.31017e+007 0.00573753 1.60543e-005
-8.38413e+007 0.00572487 1.57726e-005
-8.45704e+007 0.00571228 1.5491e-005
-8.52891e+007 0.00569977 1.52093e-005
-8.59977e+007 0.00568733 1.49276e-005
-8.66962e+007 0.00567496 1.4646e-005
-8.73848e+007 0.00566267 1.43643e-005
-8.80636e+007 0.00565046 1.40827e-005
-8.87327e+007 0.00563833 1.3801e-005
-8.93923e+007 0.00562629 1.35194e-005
-9.00426e+007 0.00561433 1.32377e-005
-9.06836e+007 0.00560246 1.29561e-005
-9.13155e+007 0.00559067 1.26744e-005
-9.19384e+007 0.00557898 1.23928e-005
-9.25524e+007 0.00556738 1.21111e-005
-9.31576e+007 0.00555587 1.18295e-005
-9.37543e+007 0.00554445 1.15478e-005
-9.43424e+007 0.00553313 1.12661e-005
-9.49221e+007 0.00552191 1.09845e-005
-9.54935e+007 0.00551079 1.07028e-005
-9.60568e+007 0.00549977 1.04212e-005
-9.6612e+007 0.00548885 1.01395e-005
-9.71592e+007 0.00547803 9.85788e-006
-9.76987e+007 0.00546731 9.57623e-006
-9.82304e+007 0.0054567 9.29457e-006
-9.87544e+007 0.0054462 9.01292e-006
-9.9271e+007 0.0054358 8.73127e-006
-9.97801e+007 0.0054255 8.44961e-006
-1.00282e+008 0.00541532 8.16796e-006
-1.00777e+008 0.00540524 7.8863e-006
-1.01264e+008 0.00539528 7.60465e-006
-1.01745e+008 0.00538542 7.323e-006
-1.02218e+008 0.00537568 7.04134e-006
-1.02685e+008 0.00536604 6.75969e-006
-1.03145e+008 0.00535652 6.47804e-006
-1.03599e+008 0.00534711 6.19638e-006
-1.04046e+008 0.00533782 5.91473e-006
-1.04486e+008 0.00532863 5.63307e-006
-1.0492e+008 0.00531957 5.35142e-006
-1.05348e+008 0.00531061 5.06977e-006
-1.0577e+008 0.00530177 4.78811e-006
-1.06185e+008 0.00529304 4.50646e-006
-1.06595e+008 0.00528443 4.22481e-006
-1.06999e+008 0.00527593 3.94315e-006
-1.07397e+008 0.00526755 3.6615e-006
-1.07789e+008 0.00525928 3.37984e-006
-1.08175e+008 0.00525113 3.09819e-006
-1.08556e+008 0.00524309 2.81654e-006
-1.08932e+008 0.00523516 2.53488e-006
-1.09302e+008 0.00522735 2.25323e-006
-1.09666e+008 0.00521965 1.97158e-006
-1.10026e+008 0.00521207 1.68992e-006
-1.1038e+008 0.00520459 1.40827e-006
-1.10729e+008 0.00519724 1.12661e-006
-1.11073e+008 0.00518999 8.44961e-007
-1.11413e+008 0.00518286 5.63307e-007
-1.11747e+008 0.00517584 2.81654e-007
-1.12076e+008 0.00516892 2.0117e-021
-1.12401e+008 0.00516212 -2.81654e-007
-1.12721e+008 0.00515543 -5.63307e-007
-1.13037e+008 0.00514885 -8.44961e-007
-1.13348e+008 0.00514238 -1.12661e-006
-1.13655e+008 0.00513602 -1.40827e-006
-1.13957e+008 0.00512976 -1.68992e-006
-1.14255e+008 0.00512361 -1.97158e-006
-1.14549e+008 0.00511757 -2.25323e-006
-1.14838e+008 0.00511163 -2.53488e-006
-1.15123e+008 0.00510579 -2.81654e-006
-1.15405e+008 0.00510006 -3.09819e-006
-1.15682e+008 0.00509443 -3.37984e-006
-1.15956e+008 0.00508891 -3.6615e-006
-1.16225e+008 0.00508348 -3.94315e-006
-1.16491e+008 0.00507815 -4.22481e-006
-1.16753e+008 0.00507293 -4.50646e-006
-1.17012e+008 0.0050678 -4.78811e-006
-1.17267e+008 0.00506277 -5.06977e-006
-1.17518e+008 0.00505783 -5.35142e-006
-1.17766e+008 0.00505299 -5.63307e-006
-1.1801e+008 0.00504824 -5.91473e-006
-1.18251e+008 0.00504359 -6.19638e-006
-1.18489e+008 0.00503903 -6.47804e-006
-1.18723e+008 0.00503455 -6.75969e-006
-1.18954e+008 0.00503017 -7.04134e-006
-1.19183e+008 0.00502588 -7.323e-006
-1.19407e+008 0.00502167 -7.60465e-006
-1.19629e+008 0.00501755 -7.8863e-006
-1.19848e+008 0.00501352 -8.16796e-006
-1.20064e+008 0.00500957 -8.44961e-006
-1.20277e+008 0.0050057 -8.73127e-006
-1.20487e+008 0.00500192 -9.01292e-006
-1.20695e+008 0.00499822 -9.29457e-006
-1.20899e+008 0.00499459 -9.57623e-006
-1.21101e+008 0.00499105 -9.85788e-006
-1.213e+008 0.00498758 -1.01395e-005
-1.21497e+008 0.00498419 -1.04212e-005
-1.21691e+008 0.00498087 -1.07028e-005
-1.21883e+008 0.00497763 -1.09845e-005
-1.22072e+008 0.00497446 -1.12661e-005
-1.22258e+008 0.00497137 -1.15478e-005
-1.22443e+008 0.00496834 -1.18295e-005
-1.22624e+008 0.00496539 -1.21111e-005
-1.22804e+008 0.0049625 -1.23928e-005
-1.22981e+008 0.00495968 -1.26744e-005
-1.23156e+008 0.00495693 -1.29561e-005
-1.23329e+008 0.00495424 -1.32377e-005
-1.235e+008 0.00495161 -1.35194e-005
-1.23668e+008 0.00494905 -1.3801e-005
-1.23835e+008 0.00494655 -1.40827e-005
-1.23999e+008 0.00494412 -1.43643e-005
-1.24161e+008 0.00494174 -1.4646e-005
-1.24322e+008 0.00493942 -1.49276e-005
-1.2448e+008 0.00493716 -1.52093e-005
-1.24637e+008 0.00493496 -1.5491e-005
-1.24792e+008 0.00493281 -1.57726e-005
-1.24944e+008 0.00493072 -1.60543e-005
-1.25095e+008 0.00492868 -1.63359e-005
-1.25245e+008 0.00492669 -1.66176e-005
-1.25392e+008 0.00492476 -1.68992e-005
-1.25538e+008 0.00492288 -1.71809e-005
-1.25682e+008 0.00492104 -1.74625e-005
-1.25825e+008 0.00491926 -1.77442e-005
-1.25965e+008 0.00491753 -1.80258e-005
-1.26105e+008 0.00491584 -1.83075e-005
-1.26242e+008 0.0049142 -1.85891e-005
-1.26378e+008 0.0049126 -1.88708e-005
-1.26513e+008 0.00491105 -1.91525e-005
-1.26646e+008 0.00490954 -1.94341e-005
-1.26778e+008 0.00490808 -1.97158e-005
-1.26908e+008 0.00490666 -1.99974e-005
-1.27037e+008 0.00490528 -2.02791e-005
-1.27164e+008 0.00490393 -2.05607e-005
-1.2729e+008 0.00490263 -2.08424e-005
-1.27415e+008 0.00490137 -2.1124e-005
-1.27538e+008 0.00490015 -2.14057e-005
-1.2766e+008 0.00489896 -2.16873e-005
-1.27781e+008 0.00489781 -2.1969e-005
-1.27901e+008 0.0048967 -2.22506e-005
-1.28019e+008 0.00489562 -2.25323e-005
-1.28136e+008 0.00489457 -2.2814e-005
-1.28252e+008 0.00489356 -2.30956e-005
-1.28367e+008 0.00489259 -2.33773e-005
-1.2848e+008 0.00489164 -2.36589e-005
-1.28593e+008 0.00489073 -2.39406e-005
-1.28704e+008 0.00488984 -2.42222e-005
-1.28814e+008 0.00488899 -2.45039e-005
-1.28924e+008 0.00488817 -2.47855e-005
-1.29032e+008 0.00488737 -2.50672e-005
-1.29139e+008 0.00488661 -2.53488e-005
-1.29245e+008 0.00488587 -2.56305e-005
-1.29373e+008 0.00488614 -2.59121e-005
-1.30016e+008 0.00490388 -2.61938e-005
-1.30656e+008 0.00492165 -2.64755e-005
-1.31294e+008 0.00493946 -2.67571e-005
-1.31931e+008 0.0049573 -2.70388e-005
-1.32673e+008 0.00497906 -2.73204e-005
-1.33551e+008 0.00500588 -2.76021e-005
-1.34426e+008 0.00503274 -2.78837e-005
-1.35299e+008 0.00505963 -2.81654e-005
-1.3617e+008 0.00508655 -2.8447e-005
-1.37038e+008 0.0051135 -2.87287e-005
-1.37904e+008 0.00514048 -2.90103e-005
-1.38768e+008 0.00516749 -2.9292e-005
-1.39748e+008 0.00519929 -2.95736e-005
-1.40731e+008 0.00523129 -2.98553e-005
-1.4171e+008 0.00526332 -3.0137e-005
-1.42688e+008 0.00529537 -3.04186e-005
-1.43663e+008 0.00532745 -3.07003e-005
-1.44636e+008 0.00535954 -3.09819e-005
-1.45607e+008 0.00539165 -3.12636e-005
-1.46576e+008 0.00542379 -3.15452e-005
-1.47542e+008 0.00545594 -3.18269e-005
-1.48507e+008 0.00548811 -3.21085e-005
-1.4947e+008 0.0055203 -3.23902e-005
-1.50431e+008 0.0055525 -3.26718e-005
-1.51436e+008 0.00558686 -3.29535e-005
-1.52456e+008 0.00562198 -3.32351e-005
-1.53473e+008 0.00565712 -3.35168e-005
-1.54489e+008 0.00569227 -3.37984e-005
-1.55503e+008 0.00572744 -3.40801e-005
-1.56516e+008 0.00576262 -3.43618e-005
-1.57527e+008 0.00579781 -3.46434e-005
-1.58536e+008 0.00583301 -3.49251e-005
-1.59543e+008 0.00586823 -3.52067e-005
-1.60549e+008 0.00590345 -3.54884e-005
-1.61554e+008 0.00593869 -3.577e-005
-1.62557e+008 0.00597394 -3.60517e-005
-1.63559e+008 0.0060092 -3.63333e-005
-1.6456e+008 0.00604447 -3.6615e-005
-1.65559e+008 0.00607975 -3.68966e-005
-1.66557e+008 0.00611504 -3.71783e-005
-1.67553e+008 0.00615035 -3.74599e-005
-1.68548e+008 0.00618566 -3.77416e-005
-1.69542e+008 0.00622099 -3.80233e-005
-1.70535e+008 0.00625633 -3.83049e-005
-1.71526e+008 0.00629168 -3.85866e-005
-1.7253e+008 0.00632785 -3.88682e-005
-1.73547e+008 0.00636491 -3.91499e-005
-1.74562e+008 0.00640199 -3.94315e-005
-1.75567e+008 0.00643886 -3.97132e-005
-1.76535e+008 0.00647472 -3.99948e-005
-1.77499e+008 0.00651059 -4.02765e-005
-1.7846e+008 0.00654646 -4.05581e-005
-1.79417e+008 0.00658234 -4.08398e-005
-1.80369e+008 0.00661825 -4.11214e-005
-1.81316e+008 0.00665419 -4.14031e-005
-1.8225e+008 0.00668995 -4.16848e-005
-1.83152e+008 0.00672487 -4.19664e-005
-1.84045e+008 0.00675983 -4.22481e-005
-1.84929e+008 0.00679485 -4.25297e-005
-1.85803e+008 0.00682996 -4.28114e-005
-1.86665e+008 0.00686518 -4.3093e-005
-1.87514e+008 0.00690055 -4.33747e-005
-1.88349e+008 0.00693609 -4.36563e-005
-1.89166e+008 0.00697183 -4.3938e-005
-1.89955e+008 0.00700738 -4.42196e-005
-1.90713e+008 0.00704271 -4.45013e-005
-1.91449e+008 0.00707835 -4.47829e-005
-1.9216e+008 0.00711436 -4.50646e-005
-1.92845e+008 0.00715077 -4.53463e-005
-1.93501e+008 0.00718766 -4.56279e-005
-1.94127e+008 0.00722506 -4.59096e-005
-1.94721e+008 0.00726302 -4.61912e-005
-1.95281e+008 0.00730159 -4.64729e-005
-1.95807e+008 0.0073408 -4.67545e-005
-1.96297e+008 0.00738067 -4.70362e-005
-1.96752e+008 0.00742122 -4.73178e-005
-1.97172e+008 0.00746244 -4.75995e-005
-1.97559e+008 0.00750433 -4.78811e-005
-1.97913e+008 0.00754686 -4.81628e-005
-1.98236e+008 0.00758999 -4.84444e-005
-1.98531e+008 0.00763364 -4.87261e-005
-1.988e+008 0.00767753 -4.90078e-005
-1.99046e+008 0.0077219 -4.92894e-005
-1.99272e+008 0.00776672 -4.95711e-005
-1.99479e+008 0.00781187 -4.98527e-005
-1.94352e+008 0.00778934 -4.95711e-005
-1.89227e+008 0.0077668 -4.92894e-005
-1.84109e+008 0.00774423 -4.90078e-005
-1.79001e+008 0.00772163 -4.87261e-005
-1.73905e+008 0.00769897 -4.84444e-005
-1.68824e+008 0.00767625 -4.81628e-005
-1.6376e+008 0.00765346 -4.78811e-005
-1.58717e+008 0.00763059 -4.75995e-005
-1.53696e+008 0.00760762 -4.73178e-005
-1.48701e+008 0.00758455 -4.70362e-005
-1.43733e+008 0.00756136 -4.67545e-005
-1.38795e+008 0.00753806 -4.64729e-005
-1.33913e+008 0.00751492 -4.61912e-005
-1.29146e+008 0.00749273 -4.59096e-005
-1.24479e+008 0.00747125 -4.56279e-005
-1.19846e+008 0.00744961 -4.53463e-005
-1.15249e+008 0.00742781 -4.50646e-005
-1.1069e+008 0.00740583 -4.47829e-005
-1.06169e+008 0.00738367 -4.45013e-005
-1.0169e+008 0.00736133 -4.42196e-005
-9.72513e+007 0.0073388 -4.3938e-005
-9.28559e+007 0.00731606 -4.36563e-005
-8.85044e+007 0.00729312 -4.33747e-005
-8.42843e+007 0.00727113 -4.3093e-005
-8.01318e+007 0.00724924 -4.28114e-005
-7.60235e+007 0.00722713 -4.25297e-005
-7.20073e+007 0.00720545 -4.22481e-005
-6.81719e+007 0.00718533 -4.19664e-005
-6.48113e+007 0.00717017 -4.16848e-005
-6.16687e+007 0.00715706 -4.14031e-005
-5.85576e+007 0.00714374 -4.11214e-005
-5.54782e+007 0.00713022 -4.08398e-005
-5.2431e+007 0.0071165 -4.05581e-005
-4.94299e+007 0.00710276 -4.02765e-005
-4.66385e+007 0.00709126 -3.99948e-005
-4.38768e+007 0.00707957 -3.97132e-005
-4.1145e+007 0.00706769 -3.94315e-005
-3.84432e+007 0.00705562 -3.91499e-005
-3.57715e+007 0.00704337 -3.88682e-005
-3.326e+007 0.00703272 -3.85866e-005
-3.08628e+007 0.00702308 -3.83049e-005
-2.84931e+007 0.00701329 -3.80233e-005
-2.6151e+007 0.00700334 -3.77416e-005
-2.39573e+007 0.00699489 -3.74599e-005
-2.1913e+007 0.00698799 -3.71783e-005
-1.98941e+007 0.00698099 -3.68966e-005
-1.79004e+007 0.00697387 -3.6615e-005
-1.5932e+007 0.00696664 -3.63333e-005
-1.39887e+007 0.00695931 -3.60517e-005
-1.20705e+007 0.00695188 -3.577e-005
-1.01773e+007 0.00694434 -3.54884e-005
-8.30886e+006 0.00693671 -3.52067e-005
-6.46519e+006 0.00692898 -3.49251e-005
-4.64609e+006 0.00692116 -3.46434e-005
-2.8514e+006 0.00691325 -3.43618e-005
-1.08097e+006 0.00690525 -3.40801e-005
665397 0.00689716 -3.37984e-005
2.38788e+006 0.00688899 -3.35168e-005
4.08669e+006 0.00688074 -3.32351e-005
5.76202e+006 0.00687241 -3.29535e-005
7.41409e+006 0.00686401 -3.26718e-005
9.04312e+006 0.00685553 -3.23902e-005
1.06493e+007 0.00684698 -3.21085e-005
1.2233e+007 0.00683836 -3.18269e-005
1.37943e+007 0.00682967 -3.15452e-005
1.53336e+007 0.00682092 -3.12636e-005
1.6851e+007 0.00681211 -3.09819e-005
1.83468e+007 0.00680324 -3.07003e-005
1.98213e+007 0.00679431 -3.04186e-005
2.12747e+007 0.00678533 -3.0137e-005
2.27074e+007 0.0067763 -2.98553e-005
2.41195e+007 0.00676722 -2.95736e-005
2.55113e+007 0.00675809 -2.9292e-005
2.68832e+007 0.00674892 -2.90103e-005
2.82352e+007 0.00673971 -2.87287e-005
2.95679e+007 0.00673045 -2.8447e-005
3.08813e+007 0.00672116 -2.81654e-005
3.21758e+007 0.00671183 -2.78837e-005
3.34517e+007 0.00670247 -2.76021e-005
3.47091e+007 0.00669308 -2.73204e-005
3.59485e+007 0.00668366 -2.70388e-005
3.717e+007 0.00667422 -2.67571e-005
3.83738e+007 0.00666475 -2.64755e-005
3.95604e+007 0.00665525 -2.61938e-005
4.07299e+007 0.00664574 -2.59121e-005
4.18825e+007 0.00663621 -2.56305e-005
4.30186e+007 0.00662667 -2.53488e-005
4.41385e+007 0.00661711 -2.50672e-005
4.52422e+007 0.00660754 -2.47855e-005
4.63302e+007 0.00659796 -2.45039e-005
4.74026e+007 0.00658837 -2.42222e-005
4.84597e+007 0.00657878 -2.39406e-005
4.95017e+007 0.00656918 -2.36589e-005
5.05289e+007 0.00655958 -2.33773e-005
5.15415e+007 0.00654998 -2.30956e-005
5.25398e+007 0.00654038 -2.2814e-005
5.35239e+007 0.00653079 -2.25323e-005
5.44941e+007 0.0065212 -2.22506e-005
5.54507e+007 0.00651162 -2.1969e-005
5.63937e+007 0.00650204 -2.16873e-005
5.73236e+007 0.00649248 -2.14057e-005
5.82404e+007 0.00648292 -2.1124e-005
5.91444e+007 0.00647338 -2.08424e-005
6.00358e+007 0.00646386 -2.05607e-005
6.09147e+007 0.00645435 -2.02791e-005
6.17815e+007 0.00644486 -1.99974e-005
6.26363e+007 0.00643539 -1.97158e-005
6.34792e+007 0.00642594 -1.94341e-005
6.43106e+007 0.00641651 -1.91525e-005
6.51305e+007 0.00640711 -1.88708e-005
6.59391e+007 0.00639773 -1.85891e-005
6.67367e+007 0.00638837 -1.83075e-005
6.75234e+007 0.00637904 -1.80258e-005
6.82994e+007 0.00636975 -1.77442e-005
6.90649e+007 0.00636048 -1.74625e-005
6.982e+007 0.00635124 -1.71809e-005
7.0565e+007 0.00634203 -1.68992e-005
7.12998e+007 0.00633286 -1.66176e-005
7.20249e+007 0.00632372 -1.63359e-005
7.27402e+007 0.00631462 -1.60543e-005
7.34459e+007 0.00630555 -1.57726e-005
7.41423e+007 0.00629652 -1.5491e-005
7.48294e+007 0.00628753 -1.52093e-005
7.55074e+007 0.00627857 -1.49276e-005
7.61765e+007 0.00626966 -1.4646e-005
7.68367e+007 0.00626078 -1.43643e-005
7.74883e+007 0.00625195 -1.40827e-005
7.81313e+007 0.00624316 -1.3801e-005
7.8766e+007 0.00623442 -1.35194e-005
7.93923e+007 0.00622571 -1.32377e-005
8.00106e+007 0.00621706 -1.29561e-005
8.06208e+007 0.00620844 -1.26744e-005
8.12231e+007 0.00619988 -1.23928e-005
8.18177e+007 0.00619136 -1.21111e-005
8.24047e+007 0.00618288 -1.18295e-005
8.29841e+007 0.00617446 -1.15478e-005
8.35562e+007 0.00616608 -1.12661e-005
8.41209e+007 0.00615775 -1.09845e-005
8.46785e+007 0.00614947 -1.07028e-005
8.52291e+007 0.00614124 -1.04212e-005
8.57726e+007 0.00613306 -1.01395e-005
8.63094e+007 0.00612493 -9.85788e-006
8.68394e+007 0.00611686 -9.57623e-006
8.73628e+007 0.00610883 -9.29457e-006
8.78796e+007 0.00610086 -9.01292e-006
8.839e+007 0.00609294 -8.73127e-006
8.88941e+007 0.00608507 -8.44961e-006
8.93919e+007 0.00607725 -8.16796e-006
8.98836e+007 0.00606949 -7.8863e-006
9.03693e+007 0.00606178 -7.60465e-006
9.0849e+007 0.00605412 -7.323e-006
9.13228e+007 0.00604652 -7.04134e-006
9.17908e+007 0.00603897 -6.75969e-006
9.22532e+007 0.00603148 -6.47804e-006
9.27099e+007 0.00602404 -6.19638e-006
9.31612e+007 0.00601665 -5.91473e-006
9.3607e+007 0.00600932 -5.63307e-006
9.40474e+007 0.00600205 -5.35142e-006
9.44825e+007 0.00599483 -5.06977e-006
9.49125e+007 0.00598766 -4.78811e-006
9.53373e+007 0.00598055 -4.50646e-006
9.57571e+007 0.0059735 -4.22481e-006
9.61719e+007 0.0059665 -3.94315e-006
9.65818e+007 0.00595956 -3.6615e-006
9.69869e+007 0.00595267 -3.37984e-006
9.73872e+007 0.00594584 -3.09819e-006
9.77829e+007 0.00593906 -2.81654e-006
9.81739e+007 0.00593233 -2.53488e-006
9.85604e+007 0.00592567 -2.25323e-006
9.89424e+007 0.00591905 -1.97158e-006
9.932e+007 0.0059125 -1.68992e-006
9.96932e+007 0.005906 -1.40827e-006
1.00062e+008 0.00589955 -1.12661e-006
1.00427e+008 0.00589316 -8.44961e-007
1.00787e+008 0.00588682 -5.63307e-007
1.01144e+008 0.00588053 -2.81654e-007
1.01496e+008 0.00587431 -2.0117e-021
1.01845e+008 0.00586813 2.81654e-007
1.02189e+008 0.00586201 5.63307e-007
1.0253e+008 0.00585595 8.44961e-007
1.02866e+008 0.00584993 1.12661e-006
1.03199e+008 0.00584397 1.40827e-006
1.03529e+008 0.00583807 1.68992e-006
1.03854e+008 0.00583222 1.97158e-006
1.04176e+008 0.00582642 2.25323e-006
1.04495e+008 0.00582067 2.53488e-006
1.0481e+008 0.00581498 2.81654e-006
1.05121e+008 0.00580934 3.09819e-006
1.05429e+008 0.00580375 3.37984e-006
1.05734e+008 0.00579821 3.6615e-006
1.06035e+008 0.00579272 3.94315e-006
1.06333e+008 0.00578729 4.22481e-006
1.06628e+008 0.00578191 4.50646e-006
1.0692e+008 0.00577657 4.78811e-006
1.07209e+008 0.00577129 5.06977e-006
1.07494e+008 0.00576606 5.35142e-006
1.07777e+008 0.00576088 5.63307e-006
1.08056e+008 0.00575575 5.91473e-006
1.08333e+008 0.00575067 6.19638e-006
1.08606e+008 0.00574563 6.47804e-006
1.08877e+008 0.00574065 6.75969e-006
1.09145e+008 0.00573571 7.04134e-006
1.0941e+008 0.00573082 7.323e-006
1.09672e+008 0.00572598 7.60465e-006
1.09932e+008 0.00572119 7.8863e-006
1.10189e+008 0.00571645 8.16796e-006
1.10443e+008 0.00571175 8.44961e-006
1.10695e+008 0.0057071 8.73127e-006
1.10944e+008 0.00570249 9.01292e-006
1.1119e+008 0.00569793 9.29457e-006
1.11435e+008 0.00569342 9.57623e-006
1.11676e+008 0.00568895 9.85788e-006
1.11915e+008 0.00568453 1.01395e-005
1.12152e+008 0.00568015 1.04212e-005
1.12386e+008 0.00567582 1.07028e-005
1.12618e+008 0.00567153 1.09845e-005
1.12848e+008 0.00566728 1.12661e-005
1.13076e+008 0.00566307 1.15478e-005
1.13301e+008 0.00565891 1.18295e-005
1.13524e+008 0.0056548 1.21111e-005
1.13744e+008 0.00565072 1.23928e-005
1.13963e+008 0.00564669 1.26744e-005
1.1418e+008 0.00564269 1.29561e-005
1.14394e+008 0.00563874 1.32377e-005
1.14606e+008 0.00563483 1.35194e-005
1.14817e+008 0.00563096 1.3801e-005
1.15025e+008 0.00562713 1.40827e-005
1.15231e+008 0.00562334 1.43643e-005
1.15436e+008 0.00561959 1.4646e-005
1.15638e+008 0.00561588 1.49276e-005
1.15839e+008 0.00561221 1.52093e-005
1.16037e+008 0.00560857 1.5491e-005
1.16234e+008 0.00560498 1.57726e-005
1.16429e+008 0.00560142 1.60543e-005
1.16622e+008 0.0055979 1.63359e-005
1.16813e+008 0.00559441 1.66176e-005
1.17003e+008 0.00559096 1.68992e-005
1.17191e+008 0.00558755 1.71809e-005
1.17377e+008 0.00558418 1.74625e-005
1.17561e+008 0.00558084 1.77442e-005
1.17744e+008 0.00557753 1.80258e-005
1.17925e+008 0.00557426 1.83075e-005
1.18104e+008 0.00557103 1.85891e-005
1.18282e+008 0.00556783 1.88708e-005
1.18459e+008 0.00556466 1.91525e-005
1.18633e+008 0.00556153 1.94341e-005
1.18806e+008 0.00555843 1.97158e-005
1.18978e+008 0.00555536 1.99974e-005
1.19148e+008 0.00555233 2.02791e-005
1.19317e+008 0.00554933 2.05607e-005
1.19484e+008 0.00554636 2.08424e-005
1.1965e+008 0.00554342 2.1124e-005
1.19814e+008 0.00554052 2.14057e-005
1.19977e+008 0.00553764 2.16873e-005
1.20138e+008 0.0055348 2.1969e-005
1.20299e+008 0.00553198 2.22506e-005
1.20457e+008 0.0055292 2.25323e-005
1.20615e+008 0.00552644 2.2814e-005
1.20771e+008 0.00552372 2.30956e-005
1.20926e+008 0.00552102 2.33773e-005
1.21079e+008 0.00551836 2.36589e-005
1.21231e+008 0.00551572 2.39406e-005
1.21382e+008 0.00551311 2.42222e-005
1.21532e+008 0.00551053 2.45039e-005
1.21681e+008 0.00550798 2.47855e-005
1.21828e+008 0.00550545 2.50672e-005
1.21974e+008 0.00550295 2.53488e-005
1.22119e+008 0.00550048 2.56305e-005
1.22263e+008 0.00549803 2.59121e-005
1.22405e+008 0.00549561 2.61938e-005
1.22547e+008 0.00549322 2.64755e-005
1.22687e+008 0.00549085 2.67571e-005
1.22826e+008 0.00548851 2.70388e-005
1.22964e+008 0.00548619 2.73204e-005
1.23101e+008 0.0054839 2.76021e-005
1.23237e+008 0.00548163 2.78837e-005
1.23372e+008 0.00547939 2.81654e-005
1.23506e+008 0.00547717 2.8447e-005
1.23639e+008 0.00547497 2.87287e-005
1.23771e+008 0.0054728 2.90103e-005
1.23902e+008 0.00547065 2.9292e-005
1.24032e+008 0.00546853 2.95736e-005
1.24161e+008 0.00546643 2.98553e-005
1.24289e+008 0.00546435 3.0137e-005
1.24861e+008 0.0054772 3.04186e-005
1.2548e+008 0.00549164 3.07003e-005
1.26165e+008 0.00550849 3.09819e-005
1.27045e+008 0.00553214 3.12636e-005
1.27922e+008 0.00555582 3.15452e-005
1.28796e+008 0.00557954 3.18269e-005
1.29668e+008 0.00560329 3.21085e-005
1.30566e+008 0.00562816 3.23902e-005
1.3158e+008 0.00565753 3.26718e-005
1.32591e+008 0.00568694 3.29535e-005
1.336e+008 0.00571637 3.32351e-005
1.34605e+008 0.00574583 3.35168e-005
1.35608e+008 0.00577532 3.37984e-005
1.36608e+008 0.00580484 3.40801e-005
1.37605e+008 0.00583439 3.43618e-005
1.386e+008 0.00586397 3.46434e-005
1.39604e+008 0.00589407 3.49251e-005
1.40674e+008 0.00592713 3.52067e-005
1.41741e+008 0.00596022 3.54884e-005
1.42805e+008 0.00599333 3.577e-005
1.43867e+008 0.00602646 3.60517e-005
1.44926e+008 0.00605961 3.63333e-005
1.45983e+008 0.00609278 3.6615e-005
1.47037e+008 0.00612598 3.68966e-005
1.48088e+008 0.00615919 3.71783e-005
1.49138e+008 0.00619243 3.74599e-005
1.50185e+008 0.00622568 3.77416e-005
1.5123e+008 0.00625895 3.80233e-005
1.52272e+008 0.00629224 3.83049e-005
1.53313e+008 0.00632555 3.85866e-005
1.54351e+008 0.00635888 3.88682e-005
1.55387e+008 0.00639222 3.91499e-005
1.56421e+008 0.00642558 3.94315e-005
1.57453e+008 0.00645896 3.97132e-005
1.58484e+008 0.00649239 3.99948e-005
1.59552e+008 0.00652785 4.02765e-005
1.60618e+008 0.00656332 4.05581e-005
1.61681e+008 0.00659881 4.08398e-005
1.62743e+008 0.00663431 4.11214e-005
1.63803e+008 0.00666982 4.14031e-005
1.64861e+008 0.00670535 4.16848e-005
1.65917e+008 0.0067409 4.19664e-005
1.6697e+008 0.00677646 4.22481e-005
1.68022e+008 0.00681203 4.25297e-005
1.69072e+008 0.00684762 4.28114e-005
1.7012e+008 0.00688323 4.3093e-005
1.71165e+008 0.00691886 4.33747e-005
1.72208e+008 0.00695452 4.36563e-005
1.73249e+008 0.00699021 4.3938e-005
1.74286e+008 0.00702593 4.42196e-005
1.75319e+008 0.00706169 4.45013e-005
1.76348e+008 0.00709751 4.47829e-005
1.77372e+008 0.0071334 4.50646e-005
1.7839e+008 0.00716937 4.53463e-005
1.794e+008 0.00720546 4.56279e-005
1.804e+008 0.00724167 4.59096e-005
1.81389e+008 0.00727806 4.61912e-005
1.82363e+008 0.00731466 4.64729e-005
1.8332e+008 0.00735153 4.67545e-005
1.84256e+008 0.00738871 4.70362e-005
1.85166e+008 0.00742629 4.73178e-005
1.86045e+008 0.00746433 4.75995e-005
1.86889e+008 0.00750292 4.78811e-005
1.87691e+008 0.00754215 4.81628e-005
1.88447e+008 0.00758209 4.84444e-005
1.89152e+008 0.00762282 4.87261e-005
1.89802e+008 0.00766439 4.90078e-005
1.90397e+008 0.00770682 4.92894e-005
1.90935e+008 0.00775012 4.95711e-005
1.91419e+008 0.00779426 4.98527e-005
1.91853e+008 0.00783918 5.01344e-005
1.92241e+008 0.00788461 5.0416e-005
1.9259e+008 0.00793044 5.06977e-005
1.92906e+008 0.00797662 5.09793e-005
1.93194e+008 0.00802307 5.1261e-005
1.9346e+008 0.00806975 5.15426e-005
1.93708e+008 0.00811661 5.18243e-005
1.93941e+008 0.00816362 5.21059e-005
1.94162e+008 0.00821075 5.23876e-005
1.94373e+008 0.00825797 5.26693e-005
1.94577e+008 0.00830526 5.29509e-005
1.94774e+008 0.00835261 5.32326e-005
1.94966e+008 0.00840001 5.35142e-005
1.95154e+008 0.00844746 5.37959e-005
1.95338e+008 0.00849493 5.40775e-005
1.95519e+008 0.00854243 5.43592e-005
1.95697e+008 0.00858995 5.46408e-005
1.95873e+008 0.00863749 5.49225e-005
1.96047e+008 0.00868504 5.52041e-005
1.9622e+008 0.00873261 5.54858e-005
1.9639e+008 0.00878019 5.57674e-005
1.96559e+008 0.00882778 5.60491e-005
1.96727e+008 0.00887538 5.63307e-005
1.96884e+008 0.00892239 5.66124e-005
1.97038e+008 0.00896925 5.68941e-005
1.97191e+008 0.00901611 5.71757e-005
1.97342e+008 0.00906298 5.74574e-005
1.97492e+008 0.00910985 5.7739e-005
1.97641e+008 0.00915671 5.80207e-005
1.9779e+008 0.00920358 5.83023e-005
1.97937e+008 0.00925046 5.8584e-005
1.98082e+008 0.00929721 5.88656e-005
1.98221e+008 0.00934353 5.91473e-005
1.98359e+008 0.00938984 5.94289e-005
1.98497e+008 0.00943614 5.97106e-005
1.98633e+008 0.00948245 5.99922e-005
1.98769e+008 0.00952874 6.02739e-005
1.98904e+008 0.00957504 6.05556e-005
1.99037e+008 0.00962132 6.08372e-005
1.99171e+008 0.00966761 6.11189e-005
1.99303e+008 0.00971389 6.14005e-005
1.99434e+008 0.00976016 6.16822e-005
1.99565e+008 0.00980643 6.19638e-005
1.99695e+008 0.00985269 6.22455e-005
1.99824e+008 0.00989895 6.25271e-005
1.99952e+008 0.0099452 6.28088e-005
2.0008e+008 0.00999145 6.30904e-005
2.00207e+008 0.0100377 6.33721e-005
2.0033e+008 0.0100836 6.36537e-005
2.00453e+008 0.0101294 6.39354e-005
2.00567e+008 0.0101747 6.42171e-005
2.0067e+008 0.0102193 6.44987e-005
2.00772e+008 0.0102638 6.47804e-005
2.00874e+008 0.0103083 6.5062e-005
2.00975e+008 0.0103529 6.53437e-005
2.01075e+008 0.0103974 6.56253e-005
2.01175e+008 0.0104419 6.5907e-005
2.01275e+008 0.0104864 6.61886e-005
2.01373e+008 0.0105309 6.64703e-005
2.01471e+008 0.0105754 6.67519e-005
2.01569e+008 0.0106199 6.70336e-005
2.01666e+008 0.0106643 6.73152e-005
2.01762e+008 0.0107088 6.75969e-005
2.01858e+008 0.0107533 6.78786e-005
2.01953e+008 0.0107977 6.81602e-005
2.02048e+008 0.0108422 6.84419e-005
2.02143e+008 0.0108866 6.87235e-005
2.02236e+008 0.010931 6.90052e-005
2.02329e+008 0.0109754 6.92868e-005
2.02422e+008 0.0110198 6.95685e-005
2.02514e+008 0.0110642 6.98501e-005
2.02606e+008 0.0111086 7.01318e-005
2.02697e+008 0.0111529 7.04134e-005
2.02788e+008 0.0111973 7.06951e-005
2.02878e+008 0.0112416 7.09767e-005
2.02968e+008 0.011286 7.12584e-005
2.03056e+008 0.01133 7.15401e-005
2.03143e+008 0.011374 7.18217e-005
2.03229e+008 0.0114179 7.21034e-005
2.03316e+008 0.0114619 7.2385e-005
2.03401e+008 0.0115059 7.26667e-005
2.03486e+008 0.0115498 7.29483e-005
2.03571e+008 0.0115937 7.323e-005
2.03655e+008 0.0116376 7.35116e-005
2.03739e+008 0.0116815 7.37933e-005
2.03823e+008 0.0117254 7.40749e-005
2.03906e+008 0.0117693 7.43566e-005
2.03988e+008 0.0118132 7.46382e-005
2.0407e+008 0.011857 7.49199e-005
1.98943e+008 0.0118345 7.46382e-005
1.93822e+008 0.0118119 7.43566e-005
1.88711e+008 0.0117893 7.40749e-005
1.83615e+008 0.0117667 7.37933e-005
1.78537e+008 0.0117439 7.35116e-005
1.7348e+008 0.0117211 7.323e-005
1.68447e+008 0.0116982 7.29483e-005
1.63441e+008 0.0116751 7.26667e-005
1.58465e+008 0.011652 7.2385e-005
1.53521e+008 0.0116287 7.21034e-005
1.48611e+008 0.0116052 7.18217e-005
1.43738e+008 0.0115817 7.15401e-005
1.38904e+008 0.0115579 7.12584e-005
1.3412e+008 0.0115341 7.09767e-005
1.29452e+008 0.0115111 7.06951e-005
1.2485e+008 0.0114883 7.04134e-005
1.20346e+008 0.011466 7.01318e-005
1.15884e+008 0.0114436 6.98501e-005
1.11467e+008 0.0114209 6.95685e-005
1.07153e+008 0.0113986 6.92868e-005
1.03081e+008 0.0113781 6.90052e-005
9.90506e+007 0.0113575 6.87235e-005
9.50635e+007 0.0113366 6.84419e-005
9.11198e+007 0.0113155 6.81602e-005
8.72203e+007 0.0112941 6.78786e-005
8.33654e+007 0.0112726 6.75969e-005
7.95556e+007 0.0112508 6.73152e-005
7.57913e+007 0.0112287 6.70336e-005
7.21854e+007 0.0112081 6.67519e-005
6.87095e+007 0.0111883 6.64703e-005
6.54244e+007 0.0111702 6.61886e-005
6.23433e+007 0.0111541 6.5907e-005
5.93418e+007 0.0111385 6.56253e-005
5.6402e+007 0.011123 6.53437e-005
5.3622e+007 0.0111093 6.5062e-005
5.08734e+007 0.0110953 6.47804e-005
4.81563e+007 0.0110811 6.44987e-005
4.54706e+007 0.0110668 6.42171e-005
4.28163e+007 0.0110522 6.39354e-005
4.01934e+007 0.0110374 6.36537e-005
3.76017e+007 0.0110224 6.33721e-005
3.50411e+007 0.0110072 6.30904e-005
3.25116e+007 0.0109918 6.28088e-005
3.00129e+007 0.0109762 6.25271e-005
2.76497e+007 0.0109622 6.22455e-005
2.53683e+007 0.0109487 6.19638e-005
2.31149e+007 0.0109352 6.16822e-005
2.08891e+007 0.0109214 6.14005e-005
1.86908e+007 0.0109075 6.11189e-005
1.65197e+007 0.0108934 6.08372e-005
1.43758e+007 0.0108791 6.05556e-005
1.23544e+007 0.0108662 6.02739e-005
1.05836e+007 0.0108568 5.99922e-005
8.83611e+006 0.0108474 5.97106e-005
7.11165e+006 0.0108378 5.94289e-005
5.41005e+006 0.0108281 5.91473e-005
3.73112e+006 0.0108184 5.88656e-005
2.07464e+006 0.0108086 5.8584e-005
440392 0.0107987 5.83023e-005
-1.17184e+006 0.0107886 5.80207e-005
-2.76227e+006 0.0107786 5.7739e-005
-4.33116e+006 0.0107684 5.74574e-005
-5.87872e+006 0.0107582 5.71757e-005
-7.4052e+006 0.0107479 5.68941e-005
-8.91084e+006 0.0107375 5.66124e-005
-1.03959e+007 0.0107271 5.63307e-005
-1.18606e+007 0.0107165 5.60491e-005
-1.33052e+007 0.010706 5.57674e-005
-1.473e+007 0.0106954 5.54858e-005
-1.61352e+007 0.0106847 5.52041e-005
-1.7521e+007 0.0106739 5.49225e-005
-1.88878e+007 0.0106631 5.46408e-005
-2.02357e+007 0.0106523 5.43592e-005
-2.15651e+007 0.0106414 5.40775e-005
-2.28762e+007 0.0106305 5.37959e-005
-2.41692e+007 0.0106195 5.35142e-005
-2.54443e+007 0.0106085 5.32326e-005
-2.6702e+007 0.0105975 5.29509e-005
-2.79423e+007 0.0105864 5.26693e-005
-2.91656e+007 0.0105753 5.23876e-005
-3.0372e+007 0.0105642 5.21059e-005
-3.15619e+007 0.010553 5.18243e-005
-3.27355e+007 0.0105419 5.15426e-005
-3.38929e+007 0.0105307 5.1261e-005
-3.50346e+007 0.0105194 5.09793e-005
-3.61606e+007 0.0105082 5.06977e-005
-3.72713e+007 0.0104969 5.0416e-005
-3.83668e+007 0.0104856 5.01344e-005
-3.94474e+007 0.0104744 4.98527e-005
-4.05134e+007 0.0104631 4.95711e-005
-4.15649e+007 0.0104518 4.92894e-005
-4.26021e+007 0.0104404 4.90078e-005
-4.36254e+007 0.0104291 4.87261e-005
-4.46348e+007 0.0104178 4.84444e-005
-4.56307e+007 0.0104065 4.81628e-005
-4.66131e+007 0.0103952 4.78811e-005
-4.75824e+007 0.0103839 4.75995e-005
-4.85388e+007 0.0103726 4.73178e-005
-4.94824e+007 0.0103613 4.70362e-005
-5.04134e+007 0.01035 4.67545e-005
-5.1332e+007 0.0103387 4.64729e-005
-5.22385e+007 0.0103274 4.61912e-005
-5.3133e+007 0.0103162 4.59096e-005
-5.40156e+007 0.0103049 4.56279e-005
-5.48867e+007 0.0102937 4.53463e-005
-5.57463e+007 0.0102825 4.50646e-005
-5.65947e+007 0.0102713 4.47829e-005
-5.74319e+007 0.0102601 4.45013e-005
-5.82583e+007 0.010249 4.42196e-005
-5.90739e+007 0.0102378 4.3938e-005
-5.98789e+007 0.0102267 4.36563e-005
-6.06736e+007 0.0102157 4.33747e-005
-6.14579e+007 0.0102046 4.3093e-005
-6.22322e+007 0.0101936 4.28114e-005
-6.29966e+007 0.0101826 4.25297e-005
-6.37511e+007 0.0101716 4.22481e-005
-6.44961e+007 0.0101607 4.19664e-005
-6.52315e+007 0.0101498 4.16848e-005
-6.59576e+007 0.010139 4.14031e-005
-6.66745e+007 0.0101281 4.11214e-005
-6.73823e+007 0.0101174 4.08398e-005
-6.80813e+007 0.0101066 4.05581e-005
-6.87714e+007 0.0100959 4.02765e-005
-6.94529e+007 0.0100852 3.99948e-005
-7.01259e+007 0.0100746 3.97132e-005
-7.07905e+007 0.010064 3.94315e-005
-7.14468e+007 0.0100535 3.91499e-005
-7.2095e+007 0.010043 3.88682e-005
-7.27351e+007 0.0100325 3.85866e-005
-7.33674e+007 0.0100221 3.83049e-005
-7.39919e+007 0.0100117 3.80233e-005
-7.46087e+007 0.0100014 3.77416e-005
-7.5218e+007 0.0099911 3.74599e-005
-7.58198e+007 0.00998087 3.71783e-005
-7.64143e+007 0.00997069 3.68966e-005
-7.70016e+007 0.00996056 3.6615e-005
-7.75818e+007 0.00995048 3.63333e-005
-7.8155e+007 0.00994044 3.60517e-005
-7.87213e+007 0.00993046 3.577e-005
-7.92808e+007 0.00992053 3.54884e-005
-7.98335e+007 0.00991065 3.52067e-005
-8.03797e+007 0.00990083 3.49251e-005
-8.09194e+007 0.00989106 3.46434e-005
-8.14526e+007 0.00988134 3.43618e-005
-8.19795e+007 0.00987168 3.40801e-005
-8.25002e+007 0.00986207 3.37984e-005
-8.30148e+007 0.00985251 3.35168e-005
-8.35233e+007 0.00984302 3.32351e-005
-8.40258e+007 0.00983357 3.29535e-005
-8.45225e+007 0.00982419 3.26718e-005
-8.50133e+007 0.00981486 3.23902e-005
-8.54985e+007 0.00980559 3.21085e-005
-8.5978e+007 0.00979637 3.18269e-005
-8.6452e+007 0.00978722 3.15452e-005
-8.69205e+007 0.00977812 3.12636e-005
-8.73836e+007 0.00976908 3.09819e-005
-8.78413e+007 0.0097601 3.07003e-005
-8.82939e+007 0.00975117 3.04186e-005
-8.87412e+007 0.00974231 3.0137e-005
-8.91835e+007 0.0097335 2.98553e-005
-8.96207e+007 0.00972476 2.95736e-005
-9.0053e+007 0.00971607 2.9292e-005
-9.04804e+007 0.00970745 2.90103e-005
-9.0903e+007 0.00969888 2.87287e-005
-9.13208e+007 0.00969038 2.8447e-005
-9.17339e+007 0.00968193 2.81654e-005
-9.21424e+007 0.00967355 2.78837e-005
-9.25464e+007 0.00966523 2.76021e-005
-9.29458e+007 0.00965696 2.73204e-005
-9.33408e+007 0.00964876 2.70388e-005
-9.37315e+007 0.00964062 2.67571e-005
-9.41178e+007 0.00963254 2.64755e-005
-9.44999e+007 0.00962452 2.61938e-005
-9.48778e+007 0.00961656 2.59121e-005
-9.52515e+007 0.00960866 2.56305e-005
-9.56212e+007 0.00960082 2.53488e-005
-9.59868e+007 0.00959304 2.50672e-005
-9.63485e+007 0.00958533 2.47855e-005
-9.67062e+007 0.00957767 2.45039e-005
-9.70601e+007 0.00957007 2.42222e-005
-9.74102e+007 0.00956254 2.39406e-005
-9.77565e+007 0.00955507 2.36589e-005
-9.80991e+007 0.00954765 2.33773e-005
-9.8438e+007 0.0095403 2.30956e-005
-9.87733e+007 0.00953301 2.2814e-005
-9.91051e+007 0.00952577 2.25323e-005
-9.94333e+007 0.0095186 2.22506e-005
-9.97581e+007 0.00951149 2.1969e-005
-1.00079e+008 0.00950443 2.16873e-005
-1.00397e+008 0.00949744 2.14057e-005
-1.00712e+008 0.0094905 2.1124e-005
-1.01023e+008 0.00948363 2.08424e-005
-1.01331e+008 0.00947681 2.05607e-005
-1.01636e+008 0.00947005 2.02791e-005
-1.01938e+008 0.00946336 1.99974e-005
-1.02237e+008 0.00945671 1.97158e-005
-1.02532e+008 0.00945013 1.94341e-005
-1.02825e+008 0.00944361 1.91525e-005
-1.03114e+008 0.00943714 1.88708e-005
-1.03401e+008 0.00943073 1.85891e-005
-1.03685e+008 0.00942438 1.83075e-005
-1.03965e+008 0.00941809 1.80258e-005
-1.04243e+008 0.00941185 1.77442e-005
-1.04518e+008 0.00940567 1.74625e-005
-1.04791e+008 0.00939954 1.71809e-005
-1.0506e+008 0.00939348 1.68992e-005
-1.05327e+008 0.00938746 1.66176e-005
-1.05591e+008 0.00938151 1.63359e-005
-1.05853e+008 0.0093756 1.60543e-005
-1.06112e+008 0.00936976 1.57726e-005
-1.06369e+008 0.00936396 1.5491e-005
-1.06623e+008 0.00935823 1.52093e-005
-1.06874e+008 0.00935254 1.49276e-005
-1.07123e+008 0.00934691 1.4646e-005
-1.0737e+008 0.00934134 1.43643e-005
-1.07614e+008 0.00933581 1.40827e-005
-1.07856e+008 0.00933034 1.3801e-005
-1.08095e+008 0.00932492 1.35194e-005
-1.08332e+008 0.00931956 1.32377e-005
-1.08567e+008 0.00931424 1.29561e-005
-1.088e+008 0.00930898 1.26744e-005
-1.0903e+008 0.00930377 1.23928e-005
-1.09259e+008 0.00929861 1.21111e-005
-1.09485e+008 0.0092935 1.18295e-005
-1.09709e+008 0.00928844 1.15478e-005
-1.09931e+008 0.00928343 1.12661e-005
-1.1015e+008 0.00927847 1.09845e-005
-1.10368e+008 0.00927356 1.07028e-005
-1.10584e+008 0.0092687 1.04212e-005
-1.10797e+008 0.00926388 1.01395e-005
-1.11009e+008 0.00925912 9.85788e-006
-1.11219e+008 0.0092544 9.57623e-006
-1.11427e+008 0.00924973 9.29457e-006
-1.11633e+008 0.00924511 9.01292e-006
-1.11837e+008 0.00924053 8.73127e-006
-1.12039e+008 0.009236 8.44961e-006
-1.12239e+008 0.00923151 8.16796e-006
-1.12438e+008 0.00922708 7.8863e-006
-1.12635e+008 0.00922268 7.60465e-006
-1.1283e+008 0.00921834 7.323e-006
-1.13023e+008 0.00921403 7.04134e-006
-1.13215e+008 0.00920977 6.75969e-006
-1.13405e+008 0.00920556 6.47804e-006
-1.13593e+008 0.00920139 6.19638e-006
-1.13779e+008 0.00919726 5.91473e-006
-1.13964e+008 0.00919317 5.63307e-006
-1.14148e+008 0.00918913 5.35142e-006
-1.14329e+008 0.00918513 5.06977e-006
-1.14509e+008 0.00918117 4.78811e-006
-1.14688e+008 0.00917725 4.50646e-006
-1.14865e+008 0.00917337 4.22481e-006
-1.15041e+008 0.00916953 3.94315e-006
-1.15215e+008 0.00916574 3.6615e-006
-1.15387e+008 0.00916198 3.37984e-006
-1.15558e+008 0.00915827 3.09819e-006
-1.15728e+008 0.00915459 2.81654e-006
-1.15896e+008 0.00915095 2.53488e-006
-1.16063e+008 0.00914735 2.25323e-006
-1.16228e+008 0.00914379 1.97158e-006
-1.16393e+008 0.00914026 1.68992e-006
-1.16555e+008 0.00913678 1.40827e-006
-1.16717e+008 0.00913333 1.12661e-006
-1.16877e+008 0.00912992 8.44961e-007
-1.17035e+008 0.00912654 5.63307e-007
-1.17193e+008 0.0091232 2.81654e-007
-1.17349e+008 0.0091199 -4.76456e-021
-1.17504e+008 0.00911663 -2.81654e-007
-1.17658e+008 0.0091134 -5.63307e-007
-1.1781e+008 0.0091102 -8.44961e-007
-1.17961e+008 0.00910704 -1.12661e-006
-1.18112e+008 0.00910391 -1.40827e-006
-1.1826e+008 0.00910081 -1.68992e-006
-1.18408e+008 0.00909775 -1.97158e-006
-1.18555e+008 0.00909472 -2.25323e-006
-1.187e+008 0.00909172 -2.53488e-006
-1.18844e+008 0.00908876 -2.81654e-006
-1.18987e+008 0.00908583 -3.09819e-006
-1.19129e+008 0.00908293 -3.37984e-006
-1.1927e+008 0.00908006 -3.6615e-006
-1.1941e+008 0.00907722 -3.94315e-006
-1.19549e+008 0.00907442 -4.22481e-006
-1.19687e+008 0.00907164 -4.50646e-006
-1.19824e+008 0.0090689 -4.78811e-006
-1.19959e+008 0.00906618 -5.06977e-006
-1.20094e+008 0.0090635 -5.35142e-006
-1.20228e+008 0.00906084 -5.63307e-006
-1.20361e+008 0.00905821 -5.91473e-006
-1.20492e+008 0.00905561 -6.19638e-006
-1.20623e+008 0.00905305 -6.47804e-006
-1.20753e+008 0.0090505 -6.75969e-006
-1.20882e+008 0.00904799 -7.04134e-006
-1.2101e+008 0.00904551 -7.323e-006
-1.21137e+008 0.00904305 -7.60465e-006
-1.21263e+008 0.00904062 -7.8863e-006
-1.21388e+008 0.00903821 -8.16796e-006
-1.21512e+008 0.00903583 -8.44961e-006
-1.21636e+008 0.00903348 -8.73127e-006
-1.21758e+008 0.00903116 -9.01292e-006
-1.2188e+008 0.00902886 -9.29457e-006
-1.22001e+008 0.00902658 -9.57623e-006
-1.22121e+008 0.00902433 -9.85788e-006
-1.2224e+008 0.00902211 -1.01395e-005
-1.22359e+008 0.00901991 -1.04212e-005
-1.22476e+008 0.00901773 -1.07028e-005
-1.22593e+008 0.00901558 -1.09845e-005
-1.22709e+008 0.00901345 -1.12661e-005
-1.22824e+008 0.00901135 -1.15478e-005
-1.22939e+008 0.00900927 -1.18295e-005
-1.23052e+008 0.00900721 -1.21111e-005
-1.23165e+008 0.00900518 -1.23928e-005
-1.23277e+008 0.00900316 -1.26744e-005
-1.23389e+008 0.00900117 -1.29561e-005
-1.235e+008 0.00899921 -1.32377e-005
-1.2361e+008 0.00899726 -1.35194e-005
-1.23719e+008 0.00899534 -1.3801e-005
-1.23827e+008 0.00899343 -1.40827e-005
-1.23935e+008 0.00899155 -1.43643e-005
-1.24042e+008 0.00898969 -1.4646e-005
-1.24149e+008 0.00898785 -1.49276e-005
-1.24255e+008 0.00898603 -1.52093e-005
-1.2436e+008 0.00898423 -1.5491e-005
-1.24464e+008 0.00898245 -1.57726e-005
-1.24568e+008 0.00898069 -1.60543e-005
-1.24671e+008 0.00897895 -1.63359e-005
-1.24774e+008 0.00897723 -1.66176e-005
-1.24876e+008 0.00897553 -1.68992e-005
-1.24977e+008 0.00897385 -1.71809e-005
-1.25078e+008 0.00897218 -1.74625e-005
-1.25178e+008 0.00897054 -1.77442e-005
-1.25277e+008 0.00896891 -1.80258e-005
-1.25376e+008 0.0089673 -1.83075e-005
-1.25475e+008 0.00896571 -1.85891e-005
-1.25572e+008 0.00896414 -1.88708e-005
-1.25669e+008 0.00896258 -1.91525e-005
-1.25766e+008 0.00896105 -1.94341e-005
-1.25862e+008 0.00895952 -1.97158e-005
-1.25957e+008 0.00895802 -1.99974e-005
-1.26052e+008 0.00895653 -2.02791e-005
-1.26146e+008 0.00895506 -2.05607e-005
-1.2624e+008 0.00895361 -2.08424e-005
-1.26334e+008 0.00895217 -2.1124e-005
-1.26426e+008 0.00895075 -2.14057e-005
-1.26518e+008 0.00894934 -2.16873e-005
-1.2661e+008 0.00894795 -2.1969e-005
-1.26701e+008 0.00894658 -2.22506e-005
-1.26792e+008 0.00894522 -2.25323e-005
-1.26882e+008 0.00894387 -2.2814e-005
-1.26972e+008 0.00894254 -2.30956e-005
-1.27061e+008 0.00894123 -2.33773e-005
-1.2715e+008 0.00893993 -2.36589e-005
-1.27238e+008 0.00893864 -2.39406e-005
-1.27326e+008 0.00893737 -2.42222e-005
-1.27413e+008 0.00893611 -2.45039e-005
-1.275e+008 0.00893487 -2.47855e-005
-1.27586e+008 0.00893364 -2.50672e-005
-1.27672e+008 0.00893243 -2.53488e-005
-1.27757e+008 0.00893123 -2.56305e-005
-1.27842e+008 0.00893004 -2.59121e-005
-1.27927e+008 0.00892886 -2.61938e-005
-1.28011e+008 0.0089277 -2.64755e-005
-1.28094e+008 0.00892655 -2.67571e-005
-1.28178e+008 0.00892541 -2.70388e-005
-1.28261e+008 0.00892429 -2.73204e-005
-1.28343e+008 0.00892318 -2.76021e-005
-1.28425e+008 0.00892208 -2.78837e-005
-1.28506e+008 0.00892099 -2.81654e-005
-1.28588e+008 0.00891992 -2.8447e-005
-1.28668e+008 0.00891886 -2.87287e-005
-1.28749e+008 0.00891781 -2.90103e-005
-1.28829e+008 0.00891677 -2.9292e-005
-1.28908e+008 0.00891574 -2.95736e-005
-1.28987e+008 0.00891473 -2.98553e-005
-1.29066e+008 0.00891372 -3.0137e-005
-1.29145e+008 0.00891273 -3.04186e-005
-1.29223e+008 0.00891174 -3.07003e-005
-1.293e+008 0.00891077 -3.09819e-005
-1.29378e+008 0.00890981 -3.12636e-005
-1.29455e+008 0.00890886 -3.15452e-005
-1.29531e+008 0.00890792 -3.18269e-005
-1.29607e+008 0.00890699 -3.21085e-005
-1.29683e+008 0.00890608 -3.23902e-005
-1.29759e+008 0.00890517 -3.26718e-005
-1.29834e+008 0.00890427 -3.29535e-005
-1.29909e+008 0.00890338 -3.32351e-005
-1.29983e+008 0.0089025 -3.35168e-005
-1.30058e+008 0.00890164 -3.37984e-005
-1.30131e+008 0.00890078 -3.40801e-005
-1.30205e+008 0.00889993 -3.43618e-005
-1.30278e+008 0.00889909 -3.46434e-005
-1.30351e+008 0.00889826 -3.49251e-005
-1.30423e+008 0.00889744 -3.52067e-005
-1.30496e+008 0.00889662 -3.54884e-005
-1.30568e+008 0.00889582 -3.577e-005
-1.30639e+008 0.00889503 -3.60517e-005
-1.3071e+008 0.00889424 -3.63333e-005
-1.30781e+008 0.00889346 -3.6615e-005
-1.30852e+008 0.0088927 -3.68966e-005
-1.30922e+008 0.00889194 -3.71783e-005
-1.30992e+008 0.00889119 -3.74599e-005
-1.31062e+008 0.00889044 -3.77416e-005
-1.31132e+008 0.00888971 -3.80233e-005
-1.31201e+008 0.00888898 -3.83049e-005
-1.3127e+008 0.00888826 -3.85866e-005
-1.31339e+008 0.00888755 -3.88682e-005
-1.31407e+008 0.00888685 -3.91499e-005
-1.31475e+008 0.00888616 -3.94315e-005
-1.31543e+008 0.00888547 -3.97132e-005
-1.3161e+008 0.00888479 -3.99948e-005
-1.31678e+008 0.00888412 -4.02765e-005
-1.31745e+008 0.00888346 -4.05581e-005
-1.31811e+008 0.0088828 -4.08398e-005
-1.31878e+008 0.00888215 -4.11214e-005
-1.31944e+008 0.00888151 -4.14031e-005
-1.3201e+008 0.00888087 -4.16848e-005
-1.32076e+008 0.00888024 -4.19664e-005
-1.32141e+008 0.00887962 -4.22481e-005
-1.32206e+008 0.00887901 -4.25297e-005
-1.32271e+008 0.0088784 -4.28114e-005
-1.32336e+008 0.0088778 -4.3093e-005
-1.32401e+008 0.00887721 -4.33747e-005
-1.32465e+008 0.00887662 -4.36563e-005
-1.32529e+008 0.00887604 -4.3938e-005
-1.32592e+008 0.00887546 -4.42196e-005
-1.32656e+008 0.0088749 -4.45013e-005
-1.32719e+008 0.00887433 -4.47829e-005
-1.32782e+008 0.00887378 -4.50646e-005
-1.32845e+008 0.00887323 -4.53463e-005
-1.32908e+008 0.00887269 -4.56279e-005
-1.3297e+008 0.00887215 -4.59096e-005
-1.33032e+008 0.00887162 -4.61912e-005
-1.33094e+008 0.00887109 -4.64729e-005
-1.33156e+008 0.00887057 -4.67545e-005
-1.33217e+008 0.00887006 -4.70362e-005
-1.33567e+008 0.00887995 -4.73178e-005
-1.34108e+008 0.00889663 -4.75995e-005
-1.34649e+008 0.00891331 -4.78811e-005
-1.35189e+008 0.00893 -4.81628e-005
-1.35729e+008 0.0089467 -4.84444e-005
-1.36268e+008 0.0089634 -4.87261e-005
-1.36807e+008 0.00898011 -4.90078e-005
-1.37492e+008 0.00900234 -4.92894e-005
-1.38273e+008 0.00902818 -4.95711e-005
-1.39053e+008 0.00905402 -4.98527e-005
-1.39832e+008 0.00907988 -5.01344e-005
-1.40611e+008 0.00910574 -5.0416e-005
-1.41389e+008 0.0091316 -5.06977e-005
-1.42167e+008 0.00915747 -5.09793e-005
-1.42944e+008 0.00918335 -5.1261e-005
-1.43721e+008 0.00920924 -5.15426e-005
-1.44498e+008 0.00923513 -5.18243e-005
-1.45274e+008 0.00926103 -5.21059e-005
-1.46049e+008 0.00928694 -5.23876e-005
-1.46917e+008 0.00931667 -5.26693e-005
-1.4782e+008 0.0093479 -5.29509e-005
-1.48723e+008 0.00937914 -5.32326e-005
-1.49625e+008 0.00941038 -5.35142e-005
-1.50527e+008 0.00944163 -5.37959e-005
-1.51429e+008 0.00947289 -5.40775e-005
-1.52329e+008 0.00950415 -5.43592e-005
-1.5323e+008 0.00953542 -5.46408e-005
-1.5413e+008 0.00956669 -5.49225e-005
-1.55029e+008 0.00959796 -5.52041e-005
-1.55928e+008 0.00962924 -5.54858e-005
-1.56826e+008 0.00966053 -5.57674e-005
-1.57724e+008 0.00969182 -5.60491e-005
-1.58622e+008 0.00972311 -5.63307e-005
-1.59519e+008 0.00975442 -5.66124e-005
-1.60415e+008 0.00978572 -5.68941e-005
-1.61311e+008 0.00981703 -5.71757e-005
-1.62207e+008 0.00984835 -5.74574e-005
-1.63102e+008 0.00987967 -5.7739e-005
-1.63997e+008 0.009911 -5.80207e-005
-1.64937e+008 0.00994452 -5.83023e-005
-1.65899e+008 0.00997906 -5.8584e-005
-1.6686e+008 0.0100136 -5.88656e-005
-1.6782e+008 0.0100482 -5.91473e-005
-1.6878e+008 0.0100827 -5.94289e-005
-1.69739e+008 0.0101173 -5.97106e-005
-1.70696e+008 0.0101519 -5.99922e-005
-1.71653e+008 0.0101865 -6.02739e-005
-1.72609e+008 0.0102211 -6.05556e-005
-1.73564e+008 0.0102557 -6.08372e-005
-1.74518e+008 0.0102904 -6.11189e-005
-1.7547e+008 0.0103251 -6.14005e-005
-1.7642e+008 0.0103598 -6.16822e-005
-1.77368e+008 0.0103945 -6.19638e-005
-1.78314e+008 0.0104293 -6.22455e-005
-1.79257e+008 0.0104641 -6.25271e-005
-1.80197e+008 0.010499 -6.28088e-005
-1.81133e+008 0.0105339 -6.30904e-005
-1.82066e+008 0.0105689 -6.33721e-005
-1.82994e+008 0.010604 -6.36537e-005
-1.83916e+008 0.0106392 -6.39354e-005
-1.84833e+008 0.0106745 -6.42171e-005
-1.85742e+008 0.01071 -6.44987e-005
-1.86644e+008 0.0107456 -6.47804e-005
-1.87494e+008 0.0107798 -6.5062e-005
-1.88306e+008 0.0108132 -6.53437e-005
-1.89108e+008 0.0108468 -6.56253e-005
-1.89898e+008 0.0108805 -6.5907e-005
-1.90676e+008 0.0109144 -6.61886e-005
-1.91441e+008 0.0109486 -6.64703e-005
-1.92174e+008 0.0109823 -6.67519e-005
-1.92857e+008 0.0110146 -6.70336e-005
-1.93524e+008 0.0110472 -6.73152e-005
-1.94175e+008 0.01108 -6.75969e-005
-1.9481e+008 0.0111132 -6.78786e-005
-1.95426e+008 0.0111467 -6.81602e-005
-1.96029e+008 0.0111809 -6.84419e-005
-1.96639e+008 0.011218 -6.87235e-005
-1.97219e+008 0.0112551 -6.90052e-005
-1.97762e+008 0.0112918 -6.92868e-005
-1.9828e+008 0.0113289 -6.95685e-005
-1.98774e+008 0.0113665 -6.98501e-005
-1.99245e+008 0.0114046 -7.01318e-005
-1.99691e+008 0.0114431 -7.04134e-005
-2.00113e+008 0.0114822 -7.06951e-005
-2.00512e+008 0.0115217 -7.09767e-005
-2.00887e+008 0.0115617 -7.12584e-005
-2.012e+008 0.0115993 -7.15401e-005
-2.01488e+008 0.0116368 -7.18217e-005
-2.01759e+008 0.0116747 -7.21034e-005
-2.02015e+008 0.0117131 -7.2385e-005
-2.02257e+008 0.0117519 -7.26667e-005
-2.02484e+008 0.0117911 -7.29483e-005
-2.02697e+008 0.0118305 -7.323e-005
-2.02894e+008 0.0118694 -7.35116e-005
-2.0308e+008 0.0119086 -7.37933e-005
-2.03255e+008 0.0119482 -7.40749e-005
-2.03422e+008 0.011988 -7.43566e-005
-2.0358e+008 0.0120281 -7.46382e-005
-2.0373e+008 0.0120685 -7.49199e-005
-1.98603e+008 0.0120459 -7.46382e-005
-1.93482e+008 0.0120234 -7.43566e-005
-1.88372e+008 0.0120008 -7.40749e-005
-1.83277e+008 0.0119781 -7.37933e-005
-1.78199e+008 0.0119554 -7.35116e-005
-1.73143e+008 0.0119326 -7.323e-005
-1.68118e+008 0.0119097 -7.29483e-005
-1.63251e+008 0.0118884 -7.26667e-005
-1.58454e+008 0.0118676 -7.2385e-005
-1.53686e+008 0.0118466 -7.21034e-005
-1.48949e+008 0.0118254 -7.18217e-005
-1.44247e+008 0.0118041 -7.15401e-005
-1.39579e+008 0.0117827 -7.12584e-005
-1.34948e+008 0.011761 -7.09767e-005
-1.30356e+008 0.0117392 -7.06951e-005
-1.25804e+008 0.0117173 -7.04134e-005
-1.21293e+008 0.0116951 -7.01318e-005
-1.16825e+008 0.0116727 -6.98501e-005
-1.12401e+008 0.0116501 -6.95685e-005
-1.08023e+008 0.0116274 -6.92868e-005
-1.0369e+008 0.0116044 -6.90052e-005
-9.94048e+007 0.0115811 -6.87235e-005
-9.51832e+007 0.0115579 -6.84419e-005
-9.12281e+007 0.0115368 -6.81602e-005
-8.74458e+007 0.0115172 -6.78786e-005
-8.37054e+007 0.0114973 -6.75969e-005
-8.00071e+007 0.0114773 -6.73152e-005
-7.63951e+007 0.0114576 -6.70336e-005
-7.28987e+007 0.0114388 -6.67519e-005
-6.97538e+007 0.0114238 -6.64703e-005
-6.68118e+007 0.0114108 -6.61886e-005
-6.39018e+007 0.0113977 -6.5907e-005
-6.10238e+007 0.0113843 -6.56253e-005
-5.81779e+007 0.0113707 -6.53437e-005
-5.53642e+007 0.011357 -6.5062e-005
-5.25826e+007 0.011343 -6.47804e-005
-4.98332e+007 0.0113289 -6.44987e-005
-4.7116e+007 0.0113145 -6.42171e-005
-4.44378e+007 0.0113001 -6.39354e-005
-4.19605e+007 0.011288 -6.36537e-005
-3.95124e+007 0.0112758 -6.33721e-005
-3.70934e+007 0.0112634 -6.30904e-005
-3.47034e+007 0.0112508 -6.28088e-005
-3.23422e+007 0.011238 -6.25271e-005
-3.00097e+007 0.0112251 -6.22455e-005
-2.77057e+007 0.011212 -6.19638e-005
-2.543e+007 0.0111987 -6.16822e-005
-2.33388e+007 0.0111878 -6.14005e-005
-2.13023e+007 0.0111771 -6.11189e-005
-1.92914e+007 0.0111663 -6.08372e-005
-1.74372e+007 0.0111574 -6.05556e-005
-1.566e+007 0.0111493 -6.02739e-005
-1.39065e+007 0.011141 -5.99922e-005
-1.21764e+007 0.0111327 -5.97106e-005
-1.04697e+007 0.0111243 -5.94289e-005
-8.78599e+006 0.0111158 -5.91473e-005
-7.12512e+006 0.0111073 -5.88656e-005
-5.48684e+006 0.0110987 -5.8584e-005
-3.87091e+006 0.01109 -5.83023e-005
-2.27708e+006 0.0110812 -5.80207e-005
-705104 0.0110724 -5.7739e-005
845272 0.0110635 -5.74574e-005
2.37431e+006 0.0110545 -5.71757e-005
3.88226e+006 0.0110455 -5.68941e-005
5.36939e+006 0.0110364 -5.66124e-005
6.83596e+006 0.0110273 -5.63307e-005
8.28224e+006 0.0110181 -5.60491e-005
9.70849e+006 0.0110089 -5.57674e-005
1.1115e+007 0.0109997 -5.54858e-005
1.2502e+007 0.0109903 -5.52041e-005
1.38698e+007 0.010981 -5.49225e-005
1.52186e+007 0.0109716 -5.46408e-005
1.65487e+007 0.0109621 -5.43592e-005
1.78604e+007 0.0109526 -5.40775e-005
1.91539e+007 0.0109431 -5.37959e-005
2.04295e+007 0.0109336 -5.35142e-005
2.16875e+007 0.010924 -5.32326e-005
2.29281e+007 0.0109144 -5.29509e-005
2.41515e+007 0.0109047 -5.26693e-005
2.53581e+007 0.0108951 -5.23876e-005
2.65481e+007 0.0108854 -5.21059e-005
2.77217e+007 0.0108756 -5.18243e-005
2.88792e+007 0.0108659 -5.15426e-005
3.00209e+007 0.0108562 -5.1261e-005
3.11469e+007 0.0108464 -5.09793e-005
3.22575e+007 0.0108366 -5.06977e-005
3.3353e+007 0.0108268 -5.0416e-005
3.44336e+007 0.010817 -5.01344e-005
3.54995e+007 0.0108071 -4.98527e-005
3.6551e+007 0.0107973 -4.95711e-005
3.75883e+007 0.0107875 -4.92894e-005
3.86115e+007 0.0107776 -4.90078e-005
3.9621e+007 0.0107677 -4.87261e-005
4.06169e+007 0.0107579 -4.84444e-005
4.15995e+007 0.010748 -4.81628e-005
4.2569e+007 0.0107382 -4.78811e-005
4.35255e+007 0.0107283 -4.75995e-005
4.44694e+007 0.0107184 -4.73178e-005
4.54007e+007 0.0107086 -4.70362e-005
4.63197e+007 0.0106987 -4.67545e-005
4.72266e+007 0.0106889 -4.64729e-005
4.81216e+007 0.0106791 -4.61912e-005
4.90048e+007 0.0106692 -4.59096e-005
4.98765e+007 0.0106594 -4.56279e-005
5.07369e+007 0.0106496 -4.53463e-005
5.1586e+007 0.0106398 -4.50646e-005
5.24242e+007 0.0106301 -4.47829e-005
5.32515e+007 0.0106203 -4.45013e-005
5.40682e+007 0.0106105 -4.42196e-005
5.48744e+007 0.0106008 -4.3938e-005
5.56703e+007 0.0105911 -4.36563e-005
5.6456e+007 0.0105814 -4.33747e-005
5.72318e+007 0.0105717 -4.3093e-005
5.79977e+007 0.0105621 -4.28114e-005
5.87539e+007 0.0105525 -4.25297e-005
5.95006e+007 0.0105429 -4.22481e-005
6.02379e+007 0.0105333 -4.19664e-005
6.0966e+007 0.0105237 -4.16848e-005
6.1685e+007 0.0105142 -4.14031e-005
6.2395e+007 0.0105047 -4.11214e-005
6.30963e+007 0.0104952 -4.08398e-005
6.37889e+007 0.0104858 -4.05581e-005
6.44729e+007 0.0104764 -4.02765e-005
6.51486e+007 0.010467 -3.99948e-005
6.5816e+007 0.0104576 -3.97132e-005
6.64752e+007 0.0104483 -3.94315e-005
6.71264e+007 0.010439 -3.91499e-005
6.77698e+007 0.0104297 -3.88682e-005
6.84053e+007 0.0104205 -3.85866e-005
6.90333e+007 0.0104113 -3.83049e-005
6.96536e+007 0.0104022 -3.80233e-005
7.02666e+007 0.010393 -3.77416e-005
7.08723e+007 0.0103839 -3.74599e-005
7.14707e+007 0.0103749 -3.71783e-005
7.20621e+007 0.0103659 -3.68966e-005
7.26465e+007 0.0103569 -3.6615e-005
7.3224e+007 0.010348 -3.63333e-005
7.37947e+007 0.0103391 -3.60517e-005
7.43588e+007 0.0103302 -3.577e-005
7.49163e+007 0.0103214 -3.54884e-005
7.54673e+007 0.0103126 -3.52067e-005
7.6012e+007 0.0103039 -3.49251e-005
7.65504e+007 0.0102952 -3.46434e-005
7.70825e+007 0.0102865 -3.43618e-005
7.76086e+007 0.0102779 -3.40801e-005
7.81287e+007 0.0102693 -3.37984e-005
7.86428e+007 0.0102608 -3.35168e-005
7.91512e+007 0.0102523 -3.32351e-005
7.96537e+007 0.0102438 -3.29535e-005
8.01506e+007 0.0102354 -3.26718e-005
8.06419e+007 0.0102271 -3.23902e-005
8.11278e+007 0.0102188 -3.21085e-005
8.16081e+007 0.0102105 -3.18269e-005
8.20832e+007 0.0102023 -3.15452e-005
8.2553e+007 0.0101941 -3.12636e-005
8.30176e+007 0.0101859 -3.09819e-005
8.3477e+007 0.0101778 -3.07003e-005
8.39314e+007 0.0101698 -3.04186e-005
8.43809e+007 0.0101618 -3.0137e-005
8.48254e+007 0.0101538 -2.98553e-005
8.52651e+007 0.0101459 -2.95736e-005
8.57001e+007 0.0101381 -2.9292e-005
8.61303e+007 0.0101302 -2.90103e-005
8.65559e+007 0.0101225 -2.87287e-005
8.69769e+007 0.0101147 -2.8447e-005
8.73935e+007 0.010107 -2.81654e-005
8.78055e+007 0.0100994 -2.78837e-005
8.82132e+007 0.0100918 -2.76021e-005
8.86166e+007 0.0100843 -2.73204e-005
8.90158e+007 0.0100768 -2.70388e-005
8.94107e+007 0.0100693 -2.67571e-005
8.98014e+007 0.0100619 -2.64755e-005
9.01881e+007 0.0100546 -2.61938e-005
9.05708e+007 0.0100473 -2.59121e-005
9.09495e+007 0.01004 -2.56305e-005
9.13242e+007 0.0100328 -2.53488e-005
9.16951e+007 0.0100256 -2.50672e-005
9.20622e+007 0.0100185 -2.47855e-005
9.24255e+007 0.0100114 -2.45039e-005
9.27851e+007 0.0100044 -2.42222e-005
9.3141e+007 0.00999741 -2.39406e-005
9.34933e+007 0.00999048 -2.36589e-005
9.3842e+007 0.00998359 -2.33773e-005
9.41872e+007 0.00997675 -2.30956e-005
9.4529e+007 0.00996995 -2.2814e-005
9.48673e+007 0.0099632 -2.25323e-005
9.52022e+007 0.0099565 -2.22506e-005
9.55338e+007 0.00994984 -2.1969e-005
9.58622e+007 0.00994324 -2.16873e-005
9.61872e+007 0.00993667 -2.14057e-005
9.65091e+007 0.00993015 -2.1124e-005
9.68277e+007 0.00992368 -2.08424e-005
9.71433e+007 0.00991726 -2.05607e-005
9.74558e+007 0.00991088 -2.02791e-005
9.77652e+007 0.00990454 -1.99974e-005
9.80717e+007 0.00989826 -1.97158e-005
9.83751e+007 0.00989201 -1.94341e-005
9.86757e+007 0.00988581 -1.91525e-005
9.89733e+007 0.00987966 -1.88708e-005
9.92681e+007 0.00987355 -1.85891e-005
9.95601e+007 0.00986749 -1.83075e-005
9.98494e+007 0.00986147 -1.80258e-005
1.00136e+008 0.0098555 -1.77442e-005
1.0042e+008 0.00984957 -1.74625e-005
1.00701e+008 0.00984368 -1.71809e-005
1.00979e+008 0.00983784 -1.68992e-005
1.01255e+008 0.00983204 -1.66176e-005
1.01528e+008 0.00982629 -1.63359e-005
1.01799e+008 0.00982058 -1.60543e-005
1.02067e+008 0.00981491 -1.57726e-005
1.02333e+008 0.00980929 -1.5491e-005
1.02596e+008 0.0098037 -1.52093e-005
1.02857e+008 0.00979817 -1.49276e-005
1.03116e+008 0.00979267 -1.4646e-005
1.03372e+008 0.00978721 -1.43643e-005
1.03626e+008 0.0097818 -1.40827e-005
1.03877e+008 0.00977643 -1.3801e-005
1.04127e+008 0.0097711 -1.35194e-005
1.04374e+008 0.00976582 -1.32377e-005
1.04618e+008 0.00976057 -1.29561e-005
1.04861e+008 0.00975537 -1.26744e-005
1.05102e+008 0.0097502 -1.23928e-005
1.0534e+008 0.00974508 -1.21111e-005
1.05576e+008 0.00973999 -1.18295e-005
1.0581e+008 0.00973495 -1.15478e-005
1.06043e+008 0.00972995 -1.12661e-005
1.06273e+008 0.00972499 -1.09845e-005
1.06501e+008 0.00972006 -1.07028e-005
1.06727e+008 0.00971518 -1.04212e-005
1.06951e+008 0.00971033 -1.01395e-005
1.07173e+008 0.00970552 -9.85788e-006
1.07394e+008 0.00970076 -9.57623e-006
1.07612e+008 0.00969603 -9.29457e-006
1.07829e+008 0.00969133 -9.01292e-006
1.08043e+008 0.00968668 -8.73127e-006
1.08256e+008 0.00968206 -8.44961e-006
1.08467e+008 0.00967749 -8.16796e-006
1.08677e+008 0.00967294 -7.8863e-006
1.08884e+008 0.00966844 -7.60465e-006
1.0909e+008 0.00966397 -7.323e-006
1.09294e+008 0.00965954 -7.04134e-006
1.09497e+008 0.00965514 -6.75969e-006
1.09698e+008 0.00965078 -6.47804e-006
1.09897e+008 0.00964646 -6.19638e-006
1.10094e+008 0.00964217 -5.91473e-006
1.1029e+008 0.00963792 -5.63307e-006
1.10485e+008 0.0096337 -5.35142e-006
1.10677e+008 0.00962952 -5.06977e-006
1.10869e+008 0.00962537 -4.78811e-006
1.11058e+008 0.00962125 -4.50646e-006
1.11246e+008 0.00961717 -4.22481e-006
1.11433e+008 0.00961312 -3.94315e-006
1.11618e+008 0.00960911 -3.6615e-006
1.11802e+008 0.00960513 -3.37984e-006
1.11984e+008 0.00960118 -3.09819e-006
1.12165e+008 0.00959727 -2.81654e-006
1.12344e+008 0.00959339 -2.53488e-006
1.12522e+008 0.00958954 -2.25323e-006
1.12699e+008 0.00958572 -1.97158e-006
1.12874e+008 0.00958194 -1.68992e-006
1.13048e+008 0.00957818 -1.40827e-006
1.13221e+008 0.00957446 -1.12661e-006
1.13392e+008 0.00957077 -8.44961e-007
1.13562e+008 0.00956711 -5.63307e-007
1.13731e+008 0.00956348 -2.81654e-007
1.13898e+008 0.00955988 -8.78797e-021
