168.076 8.29752e-012 0.693627 -0.244509
336.153 8.07759e-012 1.38725 -0.332681
504.229 8.51684e-012 2.08088 -0.420853
672.306 8.80268e-012 2.77451 -0.509025
840.382 8.81166e-012 3.46814 -0.597197
1008.46 7.95558e-012 4.16176 -0.685369
1176.53 8.0302e-012 4.85539 -0.773541
1344.61 8.47907e-012 5.54902 -0.861713
1512.69 8.07054e-012 6.24265 -0.949885
1680.76 8.10985e-012 6.93627 -1.03806
1848.84 8.43986e-012 7.6299 -1.12623
2016.92 8.3217e-012 8.32353 -1.2144
2184.99 8.69691e-012 9.01716 -1.30257
2353.07 8.39611e-012 9.71078 -1.39074
2521.15 8.61206e-012 10.4044 -1.47892
2689.22 7.86837e-012 11.098 -1.56709
2857.3 8.25907e-012 11.7917 -1.65526
