168.076 -9.61138e-012 0.995521 -0.0746207
336.153 -9.3821e-012 1.99104 0.0149508
504.229 -1.01474e-011 2.98656 0.104522
672.306 -9.92025e-012 3.98209 0.194094
840.382 -9.9721e-012 4.97761 0.283665
1008.46 -9.1889e-012 5.97313 0.373237
1176.53 -9.49981e-012 6.96865 0.462808
1344.61 -9.8521e-012 7.96417 0.55238
1512.69 -9.40151e-012 8.95969 0.641951
1680.76 -9.51427e-012 9.95521 0.731523
1848.84 -9.87158e-012 10.9507 0.821094
2016.92 -9.591e-012 11.9463 0.910666
2184.99 -9.84588e-012 12.9418 1.00024
2353.07 -9.73702e-012 13.9373 1.08981
2521.15 -9.8439e-012 14.9328 1.17938
2689.22 -9.50486e-012 15.9283 1.26895
2857.3 -9.58792e-012 16.9239 1.35852
