168.076 8.29617e-012 0.727694 -0.244509
336.153 8.07617e-012 1.45539 -0.332681
504.229 8.51515e-012 2.18308 -0.420853
672.306 8.80125e-012 2.91078 -0.509025
840.382 8.81064e-012 3.63847 -0.597197
1008.46 7.95396e-012 4.36616 -0.685369
1176.53 8.02887e-012 5.09386 -0.773541
1344.61 8.47783e-012 5.82155 -0.861713
1512.69 8.06879e-012 6.54924 -0.949885
1680.76 8.10817e-012 7.27694 -1.03806
1848.84 8.43841e-012 8.00463 -1.12623
2016.92 8.3202e-012 8.73233 -1.2144
2184.99 8.69449e-012 9.46002 -1.30257
2353.07 8.39406e-012 10.1877 -1.39074
2521.15 8.61068e-012 10.9154 -1.47892
2689.22 7.86673e-012 11.6431 -1.56709
2857.3 8.25753e-012 12.3708 -1.65526
