168.076 -4.02214e-012 0.144588 -0.0287825
336.153 -4.14077e-012 0.289177 0.0264012
504.229 -4.17532e-012 0.433765 0.081585
672.306 -4.16978e-012 0.578353 0.136769
840.382 -4.29287e-012 0.722941 0.191953
1008.46 -3.87099e-012 0.86753 0.247136
1176.53 -4.08812e-012 1.01212 0.30232
1344.61 -4.15096e-012 1.15671 0.357504
1512.69 -3.93408e-012 1.30129 0.412688
1680.76 -3.96362e-012 1.44588 0.467871
1848.84 -4.2682e-012 1.59047 0.523055
2016.92 -4.22486e-012 1.73506 0.578239
2184.99 -4.38614e-012 1.87965 0.633423
2353.07 -4.29694e-012 2.02424 0.688607
2521.15 -4.15495e-012 2.16882 0.74379
2689.22 -3.97966e-012 2.31341 0.798974
2857.3 -4.1299e-012 2.458 0.854158
