168.076 -4.64601e-014 0.0708347 -0.0604524
336.153 -4.22276e-014 0.141669 -0.0604524
504.229 -4.59781e-014 0.212504 -0.0604524
672.306 -4.70307e-014 0.283339 -0.0604524
840.382 -4.83441e-014 0.354174 -0.0604524
1008.46 -4.15979e-014 0.425008 -0.0604524
1176.53 -4.58509e-014 0.495843 -0.0604524
1344.61 -4.80443e-014 0.566678 -0.0604524
1512.69 -4.31858e-014 0.637512 -0.0604524
1680.76 -4.26559e-014 0.708347 -0.0604524
1848.84 -4.8945e-014 0.779182 -0.0604524
2016.92 -4.79034e-014 0.850017 -0.0604524
2184.99 -4.70033e-014 0.920851 -0.0604524
2353.07 -4.54706e-014 0.991686 -0.0604524
2521.15 -4.72314e-014 1.06252 -0.0604524
2689.22 -4.40414e-014 1.13336 -0.0604524
2857.3 -4.76025e-014 1.20419 -0.0604524
