168.076 2.62273e-012 0.0550312 -0.101356
336.153 2.71481e-012 0.110062 -0.142259
504.229 2.73149e-012 0.165094 -0.183162
672.306 2.73096e-012 0.220125 -0.224065
840.382 2.80033e-012 0.275156 -0.264968
1008.46 2.535e-012 0.330187 -0.305871
1176.53 2.66961e-012 0.385219 -0.346775
1344.61 2.70163e-012 0.44025 -0.387678
1512.69 2.56774e-012 0.495281 -0.428581
1680.76 2.59657e-012 0.550312 -0.469484
1848.84 2.78856e-012 0.605343 -0.510387
2016.92 2.75993e-012 0.660375 -0.55129
2184.99 2.86725e-012 0.715406 -0.592194
2353.07 2.81024e-012 0.770437 -0.633097
2521.15 2.70884e-012 0.825468 -0.674
2689.22 2.60204e-012 0.8805 -0.714903
2857.3 2.69433e-012 0.935531 -0.755806
