168.076 -1.45565e-013 0.346592 -0.121954
336.153 -1.31921e-013 0.693184 -0.121954
504.229 -1.45028e-013 1.03978 -0.121954
672.306 -1.49619e-013 1.38637 -0.121954
840.382 -1.50602e-013 1.73296 -0.121954
1008.46 -1.30104e-013 2.07955 -0.121954
1176.53 -1.42966e-013 2.42615 -0.121954
1344.61 -1.51357e-013 2.77274 -0.121954
1512.69 -1.36584e-013 3.11933 -0.121954
1680.76 -1.33349e-013 3.46592 -0.121954
1848.84 -1.54009e-013 3.81251 -0.121954
2016.92 -1.49911e-013 4.15911 -0.121954
2184.99 -1.50172e-013 4.5057 -0.121954
2353.07 -1.43612e-013 4.85229 -0.121954
2521.15 -1.49044e-013 5.19888 -0.121954
2689.22 -1.38267e-013 5.54548 -0.121954
2857.3 -1.50853e-013 5.89207 -0.121954
