168.076 -8.67053e-012 0.723285 -0.0681649
336.153 -8.41315e-012 1.44657 0.0200071
504.229 -8.88541e-012 2.16986 0.108179
672.306 -9.18736e-012 2.89314 0.196351
840.382 -9.19839e-012 3.61643 0.284523
1008.46 -8.29271e-012 4.33971 0.372695
1176.53 -8.39748e-012 5.063 0.460867
1344.61 -8.86771e-012 5.78628 0.549039
1512.69 -8.42567e-012 6.50957 0.637211
1680.76 -8.45272e-012 7.23285 0.725383
1848.84 -8.83708e-012 7.95614 0.813555
2016.92 -8.70733e-012 8.67942 0.901727
2184.99 -9.09738e-012 9.40271 0.989899
2353.07 -8.77028e-012 10.126 1.07807
2521.15 -9.00036e-012 10.8493 1.16624
2689.22 -8.22571e-012 11.5726 1.25442
2857.3 -8.64808e-012 12.2958 1.34259
