168.076 -8.08643e-014 0.144588 -0.0839663
336.153 -7.34443e-014 0.289177 -0.0839663
504.229 -8.0172e-014 0.433765 -0.0839663
672.306 -8.25503e-014 0.578353 -0.0839663
840.382 -8.40142e-014 0.722941 -0.0839663
1008.46 -7.24117e-014 0.86753 -0.0839663
1176.53 -7.94262e-014 1.01212 -0.0839663
1344.61 -8.36226e-014 1.15671 -0.0839663
1512.69 -7.50971e-014 1.30129 -0.0839663
1680.76 -7.43585e-014 1.44588 -0.0839663
1848.84 -8.53473e-014 1.59047 -0.0839663
2016.92 -8.32902e-014 1.73506 -0.0839663
2184.99 -8.23617e-014 1.87965 -0.0839663
2353.07 -7.93282e-014 2.02424 -0.0839663
2521.15 -8.24683e-014 2.16882 -0.0839663
2689.22 -7.68283e-014 2.31341 -0.0839663
2857.3 -8.31726e-014 2.458 -0.0839663
