168.076 -6.97482e-012 0.466671 -0.0548541
336.153 -6.94958e-012 0.933342 0.0267203
504.229 -7.30117e-012 1.40001 0.108295
672.306 -7.27296e-012 1.86668 0.189869
840.382 -7.30369e-012 2.33336 0.271443
1008.46 -6.68486e-012 2.80003 0.353018
1176.53 -6.76362e-012 3.2667 0.434592
1344.61 -7.12274e-012 3.73337 0.516166
1512.69 -6.91387e-012 4.20004 0.597741
1680.76 -6.73709e-012 4.66671 0.679315
1848.84 -7.28285e-012 5.13338 0.760889
2016.92 -7.16749e-012 5.60005 0.842464
2184.99 -7.53826e-012 6.06672 0.924038
2353.07 -7.37872e-012 6.53339 1.00561
2521.15 -7.37397e-012 7.00007 1.08719
2689.22 -6.76771e-012 7.46674 1.16876
2857.3 -7.08372e-012 7.93341 1.25034
