168.076 9.24092e-012 1 -0.253764
336.153 9.04164e-012 2 -0.343335
504.229 9.75354e-012 3 -0.432907
672.306 9.53037e-012 4 -0.522478
840.382 9.59711e-012 5 -0.61205
1008.46 8.84184e-012 6 -0.701621
1176.53 9.13225e-012 7 -0.791193
1344.61 9.47345e-012 8 -0.880764
1512.69 9.03234e-012 9 -0.970336
1680.76 9.16162e-012 10 -1.05991
1848.84 9.47677e-012 11 -1.14948
2016.92 9.20288e-012 12 -1.23905
2184.99 9.42481e-012 13 -1.32862
2353.07 9.35301e-012 14 -1.41819
2521.15 9.46216e-012 15 -1.50776
2689.22 9.13569e-012 16 -1.59734
2857.3 9.1925e-012 17 -1.68691
