168.076 -4.76558e-014 0.0708347 -0.0604524
336.153 -4.33709e-014 0.141669 -0.0604524
504.229 -4.7105e-014 0.212504 -0.0604524
672.306 -4.83583e-014 0.283339 -0.0604524
840.382 -4.96875e-014 0.354174 -0.0604524
1008.46 -4.26201e-014 0.425008 -0.0604524
1176.53 -4.68844e-014 0.495843 -0.0604524
1344.61 -4.93526e-014 0.566678 -0.0604524
1512.69 -4.42779e-014 0.637512 -0.0604524
1680.76 -4.3793e-014 0.708347 -0.0604524
1848.84 -5.00584e-014 0.779182 -0.0604524
2016.92 -4.90613e-014 0.850017 -0.0604524
2184.99 -4.83822e-014 0.920851 -0.0604524
2353.07 -4.67987e-014 0.991686 -0.0604524
2521.15 -4.86025e-014 1.06252 -0.0604524
2689.22 -4.51798e-014 1.13336 -0.0604524
2857.3 -4.88942e-014 1.20419 -0.0604524
