168.076 -1.77672e-014 0.0211889 -0.0339252
336.153 -1.61343e-014 0.0423779 -0.0339252
504.229 -1.74701e-014 0.0635668 -0.0339252
672.306 -1.78538e-014 0.0847557 -0.0339252
840.382 -1.85783e-014 0.105945 -0.0339252
1008.46 -1.58446e-014 0.127134 -0.0339252
1176.53 -1.75401e-014 0.148323 -0.0339252
1344.61 -1.83675e-014 0.169511 -0.0339252
1512.69 -1.65698e-014 0.1907 -0.0339252
1680.76 -1.6297e-014 0.211889 -0.0339252
1848.84 -1.86152e-014 0.233078 -0.0339252
2016.92 -1.82896e-014 0.254267 -0.0339252
2184.99 -1.78943e-014 0.275456 -0.0339252
2353.07 -1.74322e-014 0.296645 -0.0339252
2521.15 -1.81441e-014 0.317834 -0.0339252
2689.22 -1.68436e-014 0.339023 -0.0339252
2857.3 -1.82463e-014 0.360212 -0.0339252
