168.076 -8.0257e-012 0.56156 -0.062145
336.153 -7.60265e-012 1.12312 0.0235993
504.229 -7.9886e-012 1.68468 0.109344
672.306 -8.14897e-012 2.24624 0.195088
840.382 -7.94498e-012 2.8078 0.280832
1008.46 -7.34099e-012 3.36936 0.366576
1176.53 -7.54852e-012 3.93092 0.452321
1344.61 -7.77726e-012 4.49248 0.538065
1512.69 -7.52469e-012 5.05404 0.623809
1680.76 -7.55411e-012 5.6156 0.709554
1848.84 -7.95885e-012 6.17716 0.795298
2016.92 -7.95976e-012 6.73872 0.881042
2184.99 -8.29662e-012 7.30028 0.966786
2353.07 -8.02003e-012 7.86184 1.05253
2521.15 -8.14333e-012 8.4234 1.13828
2689.22 -7.53603e-012 8.98497 1.22402
2857.3 -7.71806e-012 9.54653 1.30976
