168.076 2.61537e-012 0.0687896 -0.101356
336.153 2.70826e-012 0.137579 -0.142259
504.229 2.72449e-012 0.206369 -0.183162
672.306 2.72315e-012 0.275158 -0.224065
840.382 2.79248e-012 0.343948 -0.264968
1008.46 2.52863e-012 0.412737 -0.305871
1176.53 2.66309e-012 0.481527 -0.346775
1344.61 2.69404e-012 0.550316 -0.387678
1512.69 2.56112e-012 0.619106 -0.428581
1680.76 2.58975e-012 0.687896 -0.469484
1848.84 2.78093e-012 0.756685 -0.510387
2016.92 2.75266e-012 0.825475 -0.55129
2184.99 2.8593e-012 0.894264 -0.592194
2353.07 2.80281e-012 0.963054 -0.633097
2521.15 2.70095e-012 1.03184 -0.674
2689.22 2.59494e-012 1.10063 -0.714903
2857.3 2.68649e-012 1.16942 -0.755806
