168.076 5.75611e-012 0.317503 -0.197245
336.153 5.89009e-012 0.635005 -0.272536
504.229 5.90966e-012 0.952508 -0.347827
672.306 6.06336e-012 1.27001 -0.423118
840.382 5.98205e-012 1.58751 -0.498409
1008.46 5.56706e-012 1.90502 -0.5737
1176.53 5.56707e-012 2.22252 -0.648991
1344.61 5.9833e-012 2.54002 -0.724281
1512.69 5.51183e-012 2.85752 -0.799572
1680.76 5.57306e-012 3.17503 -0.874863
1848.84 5.90916e-012 3.49253 -0.950154
2016.92 5.95681e-012 3.81003 -1.02544
2184.99 6.24603e-012 4.12753 -1.10074
2353.07 6.03703e-012 4.44504 -1.17603
2521.15 6.08672e-012 4.76254 -1.25132
2689.22 5.59087e-012 5.08004 -1.32661
2857.3 5.92272e-012 5.39754 -1.4019
