168.076 -4.01535e-012 0.123267 -0.0287825
336.153 -4.13463e-012 0.246534 0.0264012
504.229 -4.16848e-012 0.369802 0.081585
672.306 -4.1627e-012 0.493069 0.136769
840.382 -4.28605e-012 0.616336 0.191953
1008.46 -3.86502e-012 0.739603 0.247136
1176.53 -4.08149e-012 0.862871 0.30232
1344.61 -4.14362e-012 0.986138 0.357504
1512.69 -3.92772e-012 1.10941 0.412688
1680.76 -3.95757e-012 1.23267 0.467871
1848.84 -4.26128e-012 1.35594 0.523055
2016.92 -4.21781e-012 1.47921 0.578239
2184.99 -4.37898e-012 1.60247 0.633423
2353.07 -4.29024e-012 1.72574 0.688607
2521.15 -4.14761e-012 1.84901 0.74379
2689.22 -3.97325e-012 1.97228 0.798974
2857.3 -4.12282e-012 2.09554 0.854158
