168.076 9.24085e-012 0.995521 -0.253764
336.153 9.04162e-012 1.99104 -0.343335
504.229 9.75387e-012 2.98656 -0.432907
672.306 9.53053e-012 3.98209 -0.522478
840.382 9.59701e-012 4.97761 -0.61205
1008.46 8.84194e-012 5.97313 -0.701621
1176.53 9.13222e-012 6.96865 -0.791193
1344.61 9.47328e-012 7.96417 -0.880764
1512.69 9.03244e-012 8.95969 -0.970336
1680.76 9.16165e-012 9.95521 -1.05991
1848.84 9.47675e-012 10.9507 -1.14948
2016.92 9.20291e-012 11.9463 -1.23905
2184.99 9.42499e-012 12.9418 -1.32862
2353.07 9.35298e-012 13.9373 -1.41819
2521.15 9.46215e-012 14.9328 -1.50776
2689.22 9.13585e-012 15.9283 -1.59734
2857.3 9.19261e-012 16.9239 -1.68691
