168.076 -1.76663e-013 0.594689 -0.147889
336.153 -1.58145e-013 1.18938 -0.147889
504.229 -1.74661e-013 1.78407 -0.147889
672.306 -1.80264e-013 2.37876 -0.147889
840.382 -1.80991e-013 2.97344 -0.147889
1008.46 -1.56742e-013 3.56813 -0.147889
1176.53 -1.73151e-013 4.16282 -0.147889
1344.61 -1.83336e-013 4.75751 -0.147889
1512.69 -1.65835e-013 5.3522 -0.147889
1680.76 -1.60645e-013 5.94689 -0.147889
1848.84 -1.87681e-013 6.54158 -0.147889
2016.92 -1.81669e-013 7.13627 -0.147889
2184.99 -1.84342e-013 7.73095 -0.147889
2353.07 -1.74163e-013 8.32564 -0.147889
2521.15 -1.80362e-013 8.92033 -0.147889
2689.22 -1.67312e-013 9.51502 -0.147889
2857.3 -1.83155e-013 10.1097 -0.147889
