168.076 -1.77896e-013 0.594689 -0.147889
336.153 -1.59264e-013 1.18938 -0.147889
504.229 -1.76241e-013 1.78407 -0.147889
672.306 -1.81424e-013 2.37876 -0.147889
840.382 -1.82378e-013 2.97344 -0.147889
1008.46 -1.57806e-013 3.56813 -0.147889
1176.53 -1.74503e-013 4.16282 -0.147889
1344.61 -1.84602e-013 4.75751 -0.147889
1512.69 -1.6731e-013 5.3522 -0.147889
1680.76 -1.6192e-013 5.94689 -0.147889
1848.84 -1.88732e-013 6.54158 -0.147889
2016.92 -1.82907e-013 7.13627 -0.147889
2184.99 -1.85756e-013 7.73095 -0.147889
2353.07 -1.75581e-013 8.32564 -0.147889
2521.15 -1.81789e-013 8.92033 -0.147889
2689.22 -1.68821e-013 9.51502 -0.147889
2857.3 -1.84202e-013 10.1097 -0.147889
