168.076 3.86041e-012 0.144588 -0.13915
336.153 3.99388e-012 0.289177 -0.194334
504.229 4.01498e-012 0.433765 -0.249518
672.306 4.00468e-012 0.578353 -0.304701
840.382 4.12484e-012 0.722941 -0.359885
1008.46 3.72617e-012 0.86753 -0.415069
1176.53 3.92926e-012 1.01212 -0.470253
1344.61 3.98372e-012 1.15671 -0.525437
1512.69 3.78388e-012 1.30129 -0.58062
1680.76 3.81491e-012 1.44588 -0.635804
1848.84 4.0975e-012 1.59047 -0.690988
2016.92 4.05828e-012 1.73506 -0.746172
2184.99 4.22142e-012 1.87965 -0.801355
2353.07 4.13829e-012 2.02424 -0.856539
2521.15 3.99001e-012 2.16882 -0.911723
2689.22 3.826e-012 2.31341 -0.966907
2857.3 3.96356e-012 2.458 -1.02209
