168.076 8.91152e-012 0.863345 -0.251057
336.153 8.58081e-012 1.72669 -0.340343
504.229 9.19063e-012 2.59004 -0.429629
672.306 9.14742e-012 3.45338 -0.518915
840.382 9.15524e-012 4.31673 -0.608201
1008.46 8.25216e-012 5.18007 -0.697486
1176.53 8.49638e-012 6.04342 -0.786772
1344.61 8.95671e-012 6.90676 -0.876058
1512.69 8.4579e-012 7.77011 -0.965344
1680.76 8.52617e-012 8.63345 -1.05463
1848.84 8.95894e-012 9.4968 -1.14392
2016.92 8.80961e-012 10.3601 -1.2332
2184.99 8.90905e-012 11.2235 -1.32249
2353.07 8.77589e-012 12.0868 -1.41177
2521.15 8.79353e-012 12.9502 -1.50106
2689.22 8.24029e-012 13.8135 -1.59035
2857.3 8.732e-012 14.6769 -1.67963
