168.076 5.7467e-012 0.346592 -0.197245
336.153 5.88435e-012 0.693184 -0.272536
504.229 5.89669e-012 1.03978 -0.347827
672.306 6.05458e-012 1.38637 -0.423118
840.382 5.97101e-012 1.73296 -0.498409
1008.46 5.5589e-012 2.07955 -0.5737
1176.53 5.55702e-012 2.42615 -0.648991
1344.61 5.97528e-012 2.77274 -0.724281
1512.69 5.49827e-012 3.11933 -0.799572
1680.76 5.56375e-012 3.46592 -0.874863
1848.84 5.89718e-012 3.81251 -0.950154
2016.92 5.94847e-012 4.15911 -1.02544
2184.99 6.23592e-012 4.5057 -1.10074
2353.07 6.02572e-012 4.85229 -1.17603
2521.15 6.07694e-012 5.19888 -1.25132
2689.22 5.58159e-012 5.54548 -1.32661
2857.3 5.91442e-012 5.89207 -1.4019
