168.076 -8.66184e-012 0.727694 -0.0681649
336.153 -8.40384e-012 1.45539 0.0200071
504.229 -8.87808e-012 2.18308 0.108179
672.306 -9.17338e-012 2.91078 0.196351
840.382 -9.18392e-012 3.63847 0.284523
1008.46 -8.27984e-012 4.36616 0.372695
1176.53 -8.38733e-012 5.09386 0.460867
1344.61 -8.85669e-012 5.82155 0.549039
1512.69 -8.41402e-012 6.54924 0.637211
1680.76 -8.44214e-012 7.27694 0.725383
1848.84 -8.82677e-012 8.00463 0.813555
2016.92 -8.69706e-012 8.73233 0.901727
2184.99 -9.08218e-012 9.46002 0.989899
2353.07 -8.75861e-012 10.1877 1.07807
2521.15 -8.98392e-012 10.9154 1.16624
2689.22 -8.21485e-012 11.6431 1.25442
2857.3 -8.63719e-012 12.3708 1.34259
