168.076 8.91149e-012 0.858881 -0.251057
336.153 8.58092e-012 1.71776 -0.340343
504.229 9.19085e-012 2.57664 -0.429629
672.306 9.14749e-012 3.43552 -0.518915
840.382 9.15514e-012 4.29441 -0.608201
1008.46 8.25239e-012 5.15329 -0.697486
1176.53 8.49641e-012 6.01217 -0.786772
1344.61 8.95668e-012 6.87105 -0.876058
1512.69 8.45806e-012 7.72993 -0.965344
1680.76 8.52631e-012 8.58881 -1.05463
1848.84 8.95898e-012 9.44769 -1.14392
2016.92 8.80966e-012 10.3066 -1.2332
2184.99 8.90923e-012 11.1655 -1.32249
2353.07 8.77607e-012 12.0243 -1.41177
2521.15 8.79354e-012 12.8832 -1.50106
2689.22 8.24041e-012 13.7421 -1.59035
2857.3 8.73206e-012 14.601 -1.67963
