168.076 8.90895e-012 0.828848 -0.251057
336.153 8.58133e-012 1.6577 -0.340343
504.229 9.19368e-012 2.48655 -0.429629
672.306 9.14525e-012 3.31539 -0.518915
840.382 9.15497e-012 4.14424 -0.608201
1008.46 8.25578e-012 4.97309 -0.697486
1176.53 8.50038e-012 5.80194 -0.786772
1344.61 8.95746e-012 6.63079 -0.876058
1512.69 8.46077e-012 7.45964 -0.965344
1680.76 8.52992e-012 8.28848 -1.05463
1848.84 8.96002e-012 9.11733 -1.14392
2016.92 8.80969e-012 9.94618 -1.2332
2184.99 8.91182e-012 10.775 -1.32249
2353.07 8.77853e-012 11.6039 -1.41177
2521.15 8.79745e-012 12.4327 -1.50106
2689.22 8.24935e-012 13.2616 -1.59035
2857.3 8.73278e-012 14.0904 -1.67963
