168.076 7.67265e-012 0.590402 -0.233634
336.153 7.28643e-012 1.1808 -0.319378
504.229 7.63863e-012 1.7712 -0.405122
672.306 7.78866e-012 2.36161 -0.490866
840.382 7.58288e-012 2.95201 -0.576611
1008.46 7.0277e-012 3.54241 -0.662355
1176.53 7.20212e-012 4.13281 -0.748099
1344.61 7.41076e-012 4.72321 -0.833844
1512.69 7.19264e-012 5.31361 -0.919588
1680.76 7.23277e-012 5.90402 -1.00533
1848.84 7.5843e-012 6.49442 -1.09108
2016.92 7.59682e-012 7.08482 -1.17682
2184.99 7.92863e-012 7.67522 -1.26257
2353.07 7.67185e-012 8.26562 -1.34831
2521.15 7.78248e-012 8.85602 -1.43405
2689.22 7.20104e-012 9.44643 -1.5198
2857.3 7.35251e-012 10.0368 -1.60554
