168.076 1.41957e-012 0.0211889 -0.0575203
336.153 1.46945e-012 0.0423779 -0.0811154
504.229 1.48023e-012 0.0635668 -0.10471
672.306 1.47918e-012 0.0847557 -0.128306
840.382 1.51435e-012 0.105945 -0.151901
1008.46 1.3723e-012 0.127134 -0.175496
1176.53 1.44343e-012 0.148323 -0.199091
1344.61 1.46428e-012 0.169511 -0.222686
1512.69 1.38588e-012 0.1907 -0.246281
1680.76 1.40422e-012 0.211889 -0.269876
1848.84 1.50892e-012 0.233078 -0.293471
2016.92 1.49256e-012 0.254267 -0.317066
2184.99 1.55237e-012 0.275456 -0.340661
2353.07 1.51897e-012 0.296645 -0.364256
2521.15 1.46311e-012 0.317834 -0.387851
2689.22 1.40579e-012 0.339023 -0.411446
2857.3 1.45462e-012 0.360212 -0.435041
