168.076 2.61605e-012 0.0687896 -0.101356
336.153 2.70875e-012 0.137579 -0.142259
504.229 2.72486e-012 0.206369 -0.183162
672.306 2.7241e-012 0.275158 -0.224065
840.382 2.79339e-012 0.343948 -0.264968
1008.46 2.52901e-012 0.412737 -0.305871
1176.53 2.66307e-012 0.481527 -0.346775
1344.61 2.69474e-012 0.550316 -0.387678
1512.69 2.56154e-012 0.619106 -0.428581
1680.76 2.59041e-012 0.687896 -0.469484
1848.84 2.78149e-012 0.756685 -0.510387
2016.92 2.75305e-012 0.825475 -0.55129
2184.99 2.86041e-012 0.894264 -0.592194
2353.07 2.80368e-012 0.963054 -0.633097
2521.15 2.70203e-012 1.03184 -0.674
2689.22 2.59567e-012 1.10063 -0.714903
2857.3 2.68744e-012 1.16942 -0.755806
