168.076 6.64481e-012 0.462592 -0.218003
336.153 6.65252e-012 0.925185 -0.299577
504.229 6.97383e-012 1.38778 -0.381151
672.306 6.93517e-012 1.85037 -0.462726
840.382 6.96439e-012 2.31296 -0.5443
1008.46 6.39122e-012 2.77555 -0.625875
1176.53 6.44045e-012 3.23815 -0.707449
1344.61 6.78015e-012 3.70074 -0.789023
1512.69 6.60382e-012 4.16333 -0.870598
1680.76 6.43631e-012 4.62592 -0.952172
1848.84 6.93301e-012 5.08852 -1.03375
2016.92 6.82836e-012 5.55111 -1.11532
2184.99 7.19667e-012 6.0137 -1.19689
2353.07 7.05392e-012 6.47629 -1.27847
2521.15 7.03643e-012 6.93888 -1.36004
2689.22 6.45514e-012 7.40148 -1.44162
2857.3 6.74227e-012 7.86407 -1.52319
