168.076 -1.44869e-012 0.0120727 -0.0103302
336.153 -1.49597e-012 0.0241453 0.0132649
504.229 -1.50898e-012 0.036218 0.03686
672.306 -1.50836e-012 0.0482906 0.060455
840.382 -1.54517e-012 0.0603633 0.0840501
1008.46 -1.39848e-012 0.0724359 0.107645
1176.53 -1.47236e-012 0.0845086 0.13124
1344.61 -1.4947e-012 0.0965812 0.154835
1512.69 -1.41288e-012 0.108654 0.17843
1680.76 -1.4309e-012 0.120727 0.202025
1848.84 -1.5399e-012 0.132799 0.22562
2016.92 -1.52227e-012 0.144872 0.249216
2184.99 -1.58181e-012 0.156945 0.272811
2353.07 -1.54781e-012 0.169017 0.296406
2521.15 -1.49274e-012 0.18109 0.320001
2689.22 -1.4333e-012 0.193162 0.343596
2857.3 -1.48471e-012 0.205235 0.367191
