168.076 6.64429e-012 0.466671 -0.218003
336.153 6.65207e-012 0.933342 -0.299577
504.229 6.97334e-012 1.40001 -0.381151
672.306 6.93464e-012 1.86668 -0.462726
840.382 6.96388e-012 2.33336 -0.5443
1008.46 6.39077e-012 2.80003 -0.625875
1176.53 6.43993e-012 3.2667 -0.707449
1344.61 6.77961e-012 3.73337 -0.789023
1512.69 6.60333e-012 4.20004 -0.870598
1680.76 6.43584e-012 4.66671 -0.952172
1848.84 6.93244e-012 5.13338 -1.03375
2016.92 6.82782e-012 5.60005 -1.11532
2184.99 7.19609e-012 6.06672 -1.19689
2353.07 7.0534e-012 6.53339 -1.27847
2521.15 7.0359e-012 7.00007 -1.36004
2689.22 6.45465e-012 7.46674 -1.44162
2857.3 6.74172e-012 7.93341 -1.52319
