168.076 -2.70968e-012 0.0708347 -0.0195493
336.153 -2.79409e-012 0.141669 0.0213539
504.229 -2.8177e-012 0.212504 0.0622571
672.306 -2.81884e-012 0.283339 0.10316
840.382 -2.89081e-012 0.354174 0.144063
1008.46 -2.61297e-012 0.425008 0.184967
1176.53 -2.75587e-012 0.495843 0.22587
1344.61 -2.79171e-012 0.566678 0.266773
1512.69 -2.64875e-012 0.637512 0.307676
1680.76 -2.67641e-012 0.708347 0.348579
1848.84 -2.87999e-012 0.779182 0.389482
2016.92 -2.84975e-012 0.850017 0.430386
2184.99 -2.95504e-012 0.920851 0.471289
2353.07 -2.89542e-012 0.991686 0.512192
2521.15 -2.79713e-012 1.06252 0.553095
2689.22 -2.68434e-012 1.13336 0.593998
2857.3 -2.78325e-012 1.20419 0.634901
