168.076 -9.2838e-012 0.863345 -0.0724853
336.153 -8.91676e-012 1.72669 0.0168006
504.229 -9.56639e-012 2.59004 0.106086
672.306 -9.5279e-012 3.45338 0.195372
840.382 -9.53249e-012 4.31673 0.284658
1008.46 -8.589e-012 5.18007 0.373944
1176.53 -8.86214e-012 6.04342 0.46323
1344.61 -9.34112e-012 6.90676 0.552516
1512.69 -8.81423e-012 7.77011 0.641802
1680.76 -8.87045e-012 8.63345 0.731088
1848.84 -9.35543e-012 9.4968 0.820374
2016.92 -9.19591e-012 10.3601 0.909659
2184.99 -9.31329e-012 11.2235 0.998945
2353.07 -9.15271e-012 12.0868 1.08823
2521.15 -9.17457e-012 12.9502 1.17752
2689.22 -8.59926e-012 13.8135 1.2668
2857.3 -9.12112e-012 14.6769 1.35609
