168.076 -1.73781e-014 0.0211889 -0.0339252
336.153 -1.58024e-014 0.0423779 -0.0339252
504.229 -1.71475e-014 0.0635668 -0.0339252
672.306 -1.74446e-014 0.0847557 -0.0339252
840.382 -1.82259e-014 0.105945 -0.0339252
1008.46 -1.55606e-014 0.127134 -0.0339252
1176.53 -1.72408e-014 0.148323 -0.0339252
1344.61 -1.80404e-014 0.169511 -0.0339252
1512.69 -1.61722e-014 0.1907 -0.0339252
1680.76 -1.59193e-014 0.211889 -0.0339252
1848.84 -1.83286e-014 0.233078 -0.0339252
2016.92 -1.78558e-014 0.254267 -0.0339252
2184.99 -1.75065e-014 0.275456 -0.0339252
2353.07 -1.70816e-014 0.296645 -0.0339252
2521.15 -1.76799e-014 0.317834 -0.0339252
2689.22 -1.64388e-014 0.339023 -0.0339252
2857.3 -1.78569e-014 0.360212 -0.0339252
