168.076 7.67746e-012 0.56156 -0.233634
336.153 7.29462e-012 1.12312 -0.319378
504.229 7.64947e-012 1.68468 -0.405122
672.306 7.79982e-012 2.24624 -0.490866
840.382 7.59957e-012 2.8078 -0.576611
1008.46 7.0384e-012 3.36936 -0.662355
1176.53 7.21186e-012 3.93092 -0.748099
1344.61 7.42444e-012 4.49248 -0.833844
1512.69 7.20318e-012 5.05404 -0.919588
1680.76 7.24286e-012 5.6156 -1.00533
1848.84 7.59297e-012 6.17716 -1.09108
2016.92 7.60392e-012 6.73872 -1.17682
2184.99 7.93669e-012 7.30028 -1.26257
2353.07 7.67983e-012 7.86184 -1.34831
2521.15 7.79127e-012 8.4234 -1.43405
2689.22 7.20848e-012 8.98497 -1.5198
2857.3 7.3626e-012 9.54653 -1.60554
