168.076 -6.03783e-012 0.346592 -0.0466635
336.153 -6.14819e-012 0.693184 0.0286274
504.229 -6.18675e-012 1.03978 0.103918
672.306 -6.35382e-012 1.38637 0.179209
840.382 -6.27221e-012 1.73296 0.2545
1008.46 -5.81911e-012 2.07955 0.329791
1176.53 -5.84295e-012 2.42615 0.405082
1344.61 -6.278e-012 2.77274 0.480373
1512.69 -5.77144e-012 3.11933 0.555664
1680.76 -5.83045e-012 3.46592 0.630954
1848.84 -6.2052e-012 3.81251 0.706245
2016.92 -6.24829e-012 4.15911 0.781536
2184.99 -6.53626e-012 4.5057 0.856827
2353.07 -6.31295e-012 4.85229 0.932118
2521.15 -6.37503e-012 5.19888 1.00741
2689.22 -5.85813e-012 5.54548 1.0827
2857.3 -6.21613e-012 5.89207 1.15799
