168.076 -1.43622e-013 0.346592 -0.121954
336.153 -1.29982e-013 0.693184 -0.121954
504.229 -1.42728e-013 1.03978 -0.121954
672.306 -1.47388e-013 1.38637 -0.121954
840.382 -1.48401e-013 1.73296 -0.121954
1008.46 -1.28136e-013 2.07955 -0.121954
1176.53 -1.40803e-013 2.42615 -0.121954
1344.61 -1.49151e-013 2.77274 -0.121954
1512.69 -1.34692e-013 3.11933 -0.121954
1680.76 -1.31242e-013 3.46592 -0.121954
1848.84 -1.51951e-013 3.81251 -0.121954
2016.92 -1.47946e-013 4.15911 -0.121954
2184.99 -1.47963e-013 4.5057 -0.121954
2353.07 -1.41439e-013 4.85229 -0.121954
2521.15 -1.47021e-013 5.19888 -0.121954
2689.22 -1.36223e-013 5.54548 -0.121954
2857.3 -1.48631e-013 5.89207 -0.121954
