168.076 5.75067e-012 0.342828 -0.197245
336.153 5.88528e-012 0.685655 -0.272536
504.229 5.90429e-012 1.02848 -0.347827
672.306 6.05784e-012 1.37131 -0.423118
840.382 5.97657e-012 1.71414 -0.498409
1008.46 5.56227e-012 2.05697 -0.5737
1176.53 5.56178e-012 2.39979 -0.648991
1344.61 5.97768e-012 2.74262 -0.724281
1512.69 5.50663e-012 3.08545 -0.799572
1680.76 5.56816e-012 3.42828 -0.874863
1848.84 5.90334e-012 3.7711 -0.950154
2016.92 5.95128e-012 4.11393 -1.02544
2184.99 6.24029e-012 4.45676 -1.10074
2353.07 6.03165e-012 4.79959 -1.17603
2521.15 6.08117e-012 5.14242 -1.25132
2689.22 5.58575e-012 5.48524 -1.32661
2857.3 5.91711e-012 5.82807 -1.4019
