168.076 -8.16052e-014 0.144588 -0.0839663
336.153 -7.42846e-014 0.289177 -0.0839663
504.229 -8.10353e-014 0.433765 -0.0839663
672.306 -8.35477e-014 0.578353 -0.0839663
840.382 -8.49584e-014 0.722941 -0.0839663
1008.46 -7.31262e-014 0.86753 -0.0839663
1176.53 -8.03273e-014 1.01212 -0.0839663
1344.61 -8.46069e-014 1.15671 -0.0839663
1512.69 -7.60219e-014 1.30129 -0.0839663
1680.76 -7.51586e-014 1.44588 -0.0839663
1848.84 -8.59732e-014 1.59047 -0.0839663
2016.92 -8.41948e-014 1.73506 -0.0839663
2184.99 -8.33885e-014 1.87965 -0.0839663
2353.07 -8.03311e-014 2.02424 -0.0839663
2521.15 -8.33556e-014 2.16882 -0.0839663
2689.22 -7.75436e-014 2.31341 -0.0839663
2857.3 -8.40644e-014 2.458 -0.0839663
