168.076 -2.7003e-012 0.0550312 -0.0195493
336.153 -2.78533e-012 0.110062 0.0213539
504.229 -2.80822e-012 0.165094 0.0622571
672.306 -2.80926e-012 0.220125 0.10316
840.382 -2.88107e-012 0.275156 0.144063
1008.46 -2.60442e-012 0.330187 0.184967
1176.53 -2.74628e-012 0.385219 0.22587
1344.61 -2.78188e-012 0.44025 0.266773
1512.69 -2.63986e-012 0.495281 0.307676
1680.76 -2.66772e-012 0.550312 0.348579
1848.84 -2.87019e-012 0.605343 0.389482
2016.92 -2.83994e-012 0.660375 0.430386
2184.99 -2.94554e-012 0.715406 0.471289
2353.07 -2.8861e-012 0.770437 0.512192
2521.15 -2.78766e-012 0.825468 0.553095
2689.22 -2.6755e-012 0.8805 0.593998
2857.3 -2.77372e-012 0.935531 0.634901
