168.076 2.61437e-012 0.0708347 -0.101356
336.153 2.70735e-012 0.141669 -0.142259
504.229 2.72349e-012 0.212504 -0.183162
672.306 2.72212e-012 0.283339 -0.224065
840.382 2.79143e-012 0.354174 -0.264968
1008.46 2.52772e-012 0.425008 -0.305871
1176.53 2.6621e-012 0.495843 -0.346775
1344.61 2.693e-012 0.566678 -0.387678
1512.69 2.56019e-012 0.637512 -0.428581
1680.76 2.58882e-012 0.708347 -0.469484
1848.84 2.77988e-012 0.779182 -0.510387
2016.92 2.75163e-012 0.850017 -0.55129
2184.99 2.85828e-012 0.920851 -0.592194
2353.07 2.80182e-012 0.991686 -0.633097
2521.15 2.69993e-012 1.06252 -0.674
2689.22 2.59398e-012 1.13336 -0.714903
2857.3 2.68546e-012 1.20419 -0.755806
