168.076 -8.0267e-012 0.56156 -0.062145
336.153 -7.60738e-012 1.12312 0.0235993
504.229 -7.99477e-012 1.68468 0.109344
672.306 -8.15649e-012 2.24624 0.195088
840.382 -7.95751e-012 2.8078 0.280832
1008.46 -7.34814e-012 3.36936 0.366576
1176.53 -7.55416e-012 3.93092 0.452321
1344.61 -7.78689e-012 4.49248 0.538065
1512.69 -7.53072e-012 5.05404 0.623809
1680.76 -7.56038e-012 5.6156 0.709554
1848.84 -7.96392e-012 6.17716 0.795298
2016.92 -7.96293e-012 6.73872 0.881042
2184.99 -8.29998e-012 7.30028 0.966786
2353.07 -8.02347e-012 7.86184 1.05253
2521.15 -8.14787e-012 8.4234 1.13828
2689.22 -7.53907e-012 8.98497 1.22402
2857.3 -7.72452e-012 9.54653 1.30976
