168.076 -1.45469e-012 0.0211889 -0.0103302
336.153 -1.50143e-012 0.0423779 0.0132649
504.229 -1.5149e-012 0.0635668 0.03686
672.306 -1.51443e-012 0.0847557 0.060455
840.382 -1.55143e-012 0.105945 0.0840501
1008.46 -1.40384e-012 0.127134 0.107645
1176.53 -1.47826e-012 0.148323 0.13124
1344.61 -1.50091e-012 0.169511 0.154835
1512.69 -1.41846e-012 0.1907 0.17843
1680.76 -1.43641e-012 0.211889 0.202025
1848.84 -1.54619e-012 0.233078 0.22562
2016.92 -1.52844e-012 0.254267 0.249216
2184.99 -1.5879e-012 0.275456 0.272811
2353.07 -1.5537e-012 0.296645 0.296406
2521.15 -1.49886e-012 0.317834 0.320001
2689.22 -1.43898e-012 0.339023 0.343596
2857.3 -1.49085e-012 0.360212 0.367191
