168.076 -4.02363e-012 0.144588 -0.0287825
336.153 -4.14214e-012 0.289177 0.0264012
504.229 -4.17677e-012 0.433765 0.081585
672.306 -4.17125e-012 0.578353 0.136769
840.382 -4.29466e-012 0.722941 0.191953
1008.46 -3.87244e-012 0.86753 0.247136
1176.53 -4.08964e-012 1.01212 0.30232
1344.61 -4.15229e-012 1.15671 0.357504
1512.69 -3.93555e-012 1.30129 0.412688
1680.76 -3.96519e-012 1.44588 0.467871
1848.84 -4.27005e-012 1.59047 0.523055
2016.92 -4.22635e-012 1.73506 0.578239
2184.99 -4.38763e-012 1.87965 0.633423
2353.07 -4.29846e-012 2.02424 0.688607
2521.15 -4.15612e-012 2.16882 0.74379
2689.22 -3.98115e-012 2.31341 0.798974
2857.3 -4.13144e-012 2.458 0.854158
