168.076 -8.66166e-012 0.723285 -0.0681649
336.153 -8.40365e-012 1.44657 0.0200071
504.229 -8.87786e-012 2.16986 0.108179
672.306 -9.17319e-012 2.89314 0.196351
840.382 -9.18379e-012 3.61643 0.284523
1008.46 -8.27963e-012 4.33971 0.372695
1176.53 -8.38716e-012 5.063 0.460867
1344.61 -8.85653e-012 5.78628 0.549039
1512.69 -8.41379e-012 6.50957 0.637211
1680.76 -8.44193e-012 7.23285 0.725383
1848.84 -8.82659e-012 7.95614 0.813555
2016.92 -8.69686e-012 8.67942 0.901727
2184.99 -9.08187e-012 9.40271 0.989899
2353.07 -8.75835e-012 10.126 1.07807
2521.15 -8.98374e-012 10.8493 1.16624
2689.22 -8.21464e-012 11.5726 1.25442
2857.3 -8.63699e-012 12.2958 1.34259
