168.076 2.62212e-012 0.0550312 -0.101356
336.153 2.71441e-012 0.110062 -0.142259
504.229 2.7312e-012 0.165094 -0.183162
672.306 2.73011e-012 0.220125 -0.224065
840.382 2.7995e-012 0.275156 -0.264968
1008.46 2.53468e-012 0.330187 -0.305871
1176.53 2.66972e-012 0.385219 -0.346775
1344.61 2.70103e-012 0.44025 -0.387678
1512.69 2.56741e-012 0.495281 -0.428581
1680.76 2.59599e-012 0.550312 -0.469484
1848.84 2.78805e-012 0.605343 -0.510387
2016.92 2.75963e-012 0.660375 -0.55129
2184.99 2.86623e-012 0.715406 -0.592194
2353.07 2.80947e-012 0.770437 -0.633097
2521.15 2.70785e-012 0.825468 -0.674
2689.22 2.60136e-012 0.8805 -0.714903
2857.3 2.69346e-012 0.935531 -0.755806
