168.076 9.24038e-012 0.965393 -0.253764
336.153 9.04149e-012 1.93079 -0.343335
504.229 9.75611e-012 2.89618 -0.432907
672.306 9.53158e-012 3.86157 -0.522478
840.382 9.5963e-012 4.82696 -0.61205
1008.46 8.84265e-012 5.79236 -0.701621
1176.53 9.13204e-012 6.75775 -0.791193
1344.61 9.47212e-012 7.72314 -0.880764
1512.69 9.03315e-012 8.68854 -0.970336
1680.76 9.16182e-012 9.65393 -1.05991
1848.84 9.47661e-012 10.6193 -1.14948
2016.92 9.20314e-012 11.5847 -1.23905
2184.99 9.42623e-012 12.5501 -1.32862
2353.07 9.35272e-012 13.5155 -1.41819
2521.15 9.46205e-012 14.4809 -1.50776
2689.22 9.13689e-012 15.4463 -1.59734
2857.3 9.19335e-012 16.4117 -1.68691
