168.076 4.87247e-012 0.234599 -0.171047
336.153 5.05743e-012 0.469197 -0.237626
504.229 5.06416e-012 0.703796 -0.304206
672.306 5.0525e-012 0.938394 -0.370786
840.382 5.20286e-012 1.17299 -0.437366
1008.46 4.71128e-012 1.40759 -0.503945
1176.53 4.96172e-012 1.64219 -0.570525
1344.61 5.01416e-012 1.87679 -0.637105
1512.69 4.77968e-012 2.11139 -0.703684
1680.76 4.82217e-012 2.34599 -0.770264
1848.84 5.17972e-012 2.58058 -0.836844
2016.92 5.12918e-012 2.81518 -0.903423
2184.99 5.32968e-012 3.04978 -0.970003
2353.07 5.23049e-012 3.28438 -1.03658
2521.15 5.03213e-012 3.51898 -1.10316
2689.22 4.83374e-012 3.75358 -1.16974
2857.3 4.99979e-012 3.98818 -1.23632
