168.076 -1.65265e-013 0.466671 -0.136428
336.153 -1.48755e-013 0.933342 -0.136428
504.229 -1.63918e-013 1.40001 -0.136428
672.306 -1.69158e-013 1.86668 -0.136428
840.382 -1.69907e-013 2.33336 -0.136428
1008.46 -1.47045e-013 2.80003 -0.136428
1176.53 -1.6184e-013 3.2667 -0.136428
1344.61 -1.71565e-013 3.73337 -0.136428
1512.69 -1.55272e-013 4.20004 -0.136428
1680.76 -1.50626e-013 4.66671 -0.136428
1848.84 -1.75205e-013 5.13338 -0.136428
2016.92 -1.69835e-013 5.60005 -0.136428
2184.99 -1.71084e-013 6.06672 -0.136428
2353.07 -1.62661e-013 6.53339 -0.136428
2521.15 -1.69034e-013 7.00007 -0.136428
2689.22 -1.56532e-013 7.46674 -0.136428
2857.3 -1.71002e-013 7.93341 -0.136428
