168.076 -6.03702e-012 0.342828 -0.0466635
336.153 -6.14748e-012 0.685655 0.0286274
504.229 -6.18595e-012 1.02848 0.103918
672.306 -6.353e-012 1.37131 0.179209
840.382 -6.27141e-012 1.71414 0.2545
1008.46 -5.81841e-012 2.05697 0.329791
1176.53 -5.84216e-012 2.39979 0.405082
1344.61 -6.27716e-012 2.74262 0.480373
1512.69 -5.77067e-012 3.08545 0.555664
1680.76 -5.82972e-012 3.42828 0.630954
1848.84 -6.20434e-012 3.7711 0.706245
2016.92 -6.24747e-012 4.11393 0.781536
2184.99 -6.53541e-012 4.45676 0.856827
2353.07 -6.31216e-012 4.79959 0.932118
2521.15 -6.37421e-012 5.14242 1.00741
2689.22 -5.85737e-012 5.48524 1.0827
2857.3 -6.2153e-012 5.82807 1.15799
