274.535 0.440564 -6.8403e-010 -0.0939115
549.08 1.12296 -1.57687e-009 -0.0608065
823.636 1.80539 -2.53491e-009 -0.027701
1098.2 2.48784 -3.19991e-009 0.00540494
1372.78 3.17032 -4.10018e-009 0.0385113
1647.37 3.85283 -4.47158e-009 0.071618
1921.97 4.53536 -5.73664e-009 0.104725
2196.58 5.21792 -6.4489e-009 0.137832
2471.21 5.90051 -7.33995e-009 0.17094
2745.84 6.58313 -8.19767e-009 0.204048
3020.49 7.26577 -8.92216e-009 0.237157
3295.15 7.94844 -1.04833e-008 0.270265
3569.83 8.63114 -9.88991e-009 0.303374
3844.51 9.31387 -1.16202e-008 0.336483
4119.21 9.99662 -1.24659e-008 0.369593
4393.92 10.6794 -1.33688e-008 0.402702
4668.65 11.3622 -1.42571e-008 0.435812
4943.39 12.0451 -1.52002e-008 0.468922
5218.15 12.7279 -1.60419e-008 0.502032
5492.91 13.4108 -1.70139e-008 0.535143
5767.7 14.0938 -1.79318e-008 0.568253
6042.49 14.7767 -1.87263e-008 0.601363
6317.3 15.4597 -1.9672e-008 0.634474
6592.13 16.1427 -2.05942e-008 0.667585
6866.97 16.8257 -2.15424e-008 0.700695
7141.83 17.5088 -2.24422e-008 0.733806
7416.7 18.1919 -2.35168e-008 0.766917
7691.59 18.8751 -2.41429e-008 0.800027
7966.5 19.5582 -2.52906e-008 0.833138
8241.42 20.2414 -2.62588e-008 0.866248
8516.35 20.9246 -2.72354e-008 0.899359
8791.31 21.6079 -2.82415e-008 0.932469
9066.28 22.2912 -2.92026e-008 0.96558
9341.27 22.9745 -2.97458e-008 0.99869
9616.27 23.6578 -3.09506e-008 1.0318
9891.29 24.3412 -3.21886e-008 1.06491
10166.3 25.0246 -3.31299e-008 1.09802
10441.4 25.708 -3.41269e-008 1.13113
10716.5 26.3915 -3.52909e-008 1.16424
10991.6 27.075 -3.66773e-008 1.19735
11266.7 27.7585 -3.7531e-008 1.23046
11541.8 28.4421 -3.827e-008 1.26357
11817 29.1257 -3.92728e-008 1.29667
12092.1 29.8093 -4.0254e-008 1.32978
12367.3 30.493 -4.07681e-008 1.36289
12642.5 31.1767 -4.23764e-008 1.396
12917.7 31.8604 -4.34139e-008 1.4291
13193 32.5441 -4.44701e-008 1.46221
13468.3 33.2279 -4.55669e-008 1.49532
13743.5 33.9117 -4.66352e-008 1.52842
14018.9 34.5956 -4.78162e-008 1.56153
