274.535 0.314345 -4.88617e-010 -0.0627069
549.08 0.763756 -1.1151e-009 -0.0209894
823.636 1.2132 -1.81808e-009 0.0207313
1098.2 1.66267 -2.26824e-009 0.0624552
1372.78 2.11217 -2.93458e-009 0.104182
1647.37 2.5617 -3.20599e-009 0.145913
1921.97 3.01126 -4.08529e-009 0.187646
2196.58 3.46086 -4.61079e-009 0.229383
2471.21 3.91048 -5.26051e-009 0.271122
2745.84 4.36013 -5.89721e-009 0.312865
3020.49 4.80982 -6.42057e-009 0.354611
3295.15 5.25954 -7.52508e-009 0.39636
3569.83 5.70928 -7.17285e-009 0.438113
3844.51 6.15906 -8.40689e-009 0.479868
4119.21 6.60888 -9.03812e-009 0.521627
4393.92 7.05872 -9.71019e-009 0.563388
4668.65 7.5086 -1.03882e-008 0.605153
4943.39 7.95851 -1.10897e-008 0.646921
5218.15 8.40845 -1.17227e-008 0.688692
5492.91 8.85842 -1.24516e-008 0.730466
5767.7 9.30843 -1.3157e-008 0.772243
6042.49 9.75847 -1.37543e-008 0.814023
6317.3 10.2085 -1.44773e-008 0.855807
6592.13 10.6587 -1.51854e-008 0.897593
6866.97 11.1088 -1.5915e-008 0.939382
7141.83 11.559 -1.66066e-008 0.981175
7416.7 12.0092 -1.74492e-008 1.02297
7691.59 12.4594 -1.79203e-008 1.06477
7966.5 12.9097 -1.8812e-008 1.10657
8241.42 13.36 -1.95695e-008 1.14837
8516.35 13.8104 -2.03294e-008 1.19018
8791.31 14.2608 -2.11099e-008 1.23199
9066.28 14.7112 -2.18787e-008 1.27381
9341.27 15.1616 -2.22517e-008 1.31562
9616.27 15.6121 -2.32448e-008 1.35744
9891.29 16.0627 -2.42378e-008 1.39927
10166.3 16.5132 -2.49771e-008 1.44109
10441.4 16.9638 -2.57719e-008 1.48292
10716.5 17.4145 -2.6703e-008 1.52475
10991.6 17.8651 -2.77889e-008 1.56659
11266.7 18.3158 -2.84872e-008 1.60842
11541.8 18.7666 -2.91071e-008 1.65026
11817 19.2174 -2.98946e-008 1.69211
12092.1 19.6682 -3.06859e-008 1.73395
12367.3 20.119 -3.11956e-008 1.7758
12642.5 20.5699 -3.24021e-008 1.81766
12917.7 21.0209 -3.32466e-008 1.85951
13193 21.4719 -3.41071e-008 1.90137
13468.3 21.9229 -3.50034e-008 1.94323
13743.5 22.3739 -3.58742e-008 1.98509
14018.9 22.825 -3.68253e-008 2.02696
