274.535 0.551676 2.20393e-009 -0.160474
549.08 1.53751 4.32895e-009 -0.122049
823.636 2.52335 7.0657e-009 -0.0836263
1098.2 3.50918 8.48145e-009 -0.0452068
1372.78 4.49501 1.12136e-008 -0.00678999
1647.37 5.48084 1.23609e-008 0.0316241
1921.97 6.46667 1.47688e-008 0.0700355
2196.58 7.45249 1.68396e-008 0.108444
2471.21 8.43831 1.90472e-008 0.14685
2745.84 9.42413 2.14416e-008 0.185253
3020.49 10.4099 2.29164e-008 0.223654
3295.15 11.3958 2.55338e-008 0.262052
3569.83 12.3816 2.69807e-008 0.300447
3844.51 13.3674 2.95562e-008 0.338839
4119.21 14.3532 3.16789e-008 0.377229
4393.92 15.339 3.37862e-008 0.415615
4668.65 16.3248 3.57303e-008 0.454
4943.39 17.3106 3.80435e-008 0.492381
5218.15 18.2964 4.02687e-008 0.53076
5492.91 19.2822 4.22842e-008 0.569136
5767.7 20.268 4.43885e-008 0.607509
6042.49 21.2538 4.63662e-008 0.64588
6317.3 22.2395 4.85614e-008 0.684248
6592.13 23.2253 5.07279e-008 0.722613
6866.97 24.2111 5.29797e-008 0.760975
7141.83 25.1969 5.49538e-008 0.799335
7416.7 26.1827 5.75684e-008 0.837692
7691.59 27.1684 5.91057e-008 0.876047
7966.5 28.1542 6.13759e-008 0.914398
8241.42 29.14 6.35422e-008 0.952747
8516.35 30.1257 6.5819e-008 0.991094
8791.31 31.1115 6.78539e-008 1.02944
9066.28 32.0973 7.04947e-008 1.06778
9341.27 33.083 7.19012e-008 1.10612
9616.27 34.0688 7.39322e-008 1.14445
9891.29 35.0546 7.68691e-008 1.18278
10166.3 36.0403 7.86246e-008 1.22111
10441.4 37.0261 8.08119e-008 1.25944
10716.5 38.0118 8.26561e-008 1.29777
10991.6 38.9976 8.70216e-008 1.33609
11266.7 39.9833 8.7442e-008 1.37441
11541.8 40.969 8.95602e-008 1.41272
11817 41.9548 9.17883e-008 1.45104
12092.1 42.9405 9.37934e-008 1.48935
12367.3 43.9263 9.56695e-008 1.52766
12642.5 44.912 9.81811e-008 1.56596
12917.7 45.8977 1.00434e-007 1.60427
13193 46.8835 1.0259e-007 1.64257
13468.3 47.8692 1.04771e-007 1.68086
13743.5 48.8549 1.06952e-007 1.71916
14018.9 49.8406 1.09266e-007 1.75745
