274.535 0.564895 -2.09709e-009 -0.120538
549.08 1.5649 -4.33619e-009 -0.0999088
823.636 2.5649 -6.61342e-009 -0.0792831
1098.2 3.5649 -8.56514e-009 -0.058661
1372.78 4.5649 -1.07642e-008 -0.0380426
1647.37 5.5649 -1.22537e-008 -0.0174277
1921.97 6.5649 -1.50065e-008 0.00318347
2196.58 7.5649 -1.695e-008 0.023791
2471.21 8.5649 -1.91338e-008 0.0443949
2745.84 9.5649 -2.12004e-008 0.0649951
3020.49 10.5649 -2.32223e-008 0.0855915
3295.15 11.5649 -2.63263e-008 0.106184
3569.83 12.5649 -2.63516e-008 0.126773
3844.51 13.5649 -2.97617e-008 0.147359
4119.21 14.5649 -3.1852e-008 0.16794
4393.92 15.5649 -3.40253e-008 0.188518
4668.65 16.5649 -3.61928e-008 0.209092
4943.39 17.5649 -3.83592e-008 0.229662
5218.15 18.5649 -4.04443e-008 0.250228
5492.91 19.5649 -4.26842e-008 0.270791
5767.7 20.5649 -4.48131e-008 0.291349
6042.49 21.5649 -4.68451e-008 0.311904
6317.3 22.5649 -4.90239e-008 0.332455
6592.13 23.5649 -5.11689e-008 0.353002
6866.97 24.5649 -5.33373e-008 0.373545
7141.83 25.5649 -5.54628e-008 0.394084
7416.7 26.5649 -5.77348e-008 0.414619
7691.59 27.5649 -5.96087e-008 0.43515
7966.5 28.5649 -6.1958e-008 0.455678
8241.42 29.5649 -6.41275e-008 0.476201
8516.35 30.5649 -6.63116e-008 0.49672
8791.31 31.5649 -6.85533e-008 0.517235
9066.28 32.5649 -7.06497e-008 0.537747
9341.27 33.5649 -7.22457e-008 0.558254
9616.27 34.5649 -7.48755e-008 0.578757
9891.29 35.5649 -7.723e-008 0.599256
10166.3 36.5649 -7.93632e-008 0.619751
10441.4 37.5649 -8.15388e-008 0.640242
10716.5 38.5649 -8.38819e-008 0.660728
10991.6 39.5649 -8.6629e-008 0.681211
11266.7 40.5649 -8.84897e-008 0.701689
11541.8 41.5649 -9.04339e-008 0.722163
11817 42.5649 -9.25306e-008 0.742633
12092.1 43.5649 -9.4677e-008 0.763099
12367.3 44.5649 -9.59479e-008 0.783561
12642.5 45.5649 -9.91149e-008 0.804018
12917.7 46.5649 -1.01299e-007 0.824472
13193 47.5649 -1.03501e-007 0.84492
13468.3 48.5649 -1.05737e-007 0.865365
13743.5 49.5649 -1.07945e-007 0.885805
14018.9 50.5649 -1.10315e-007 0.906241
