274.535 0.314345 2.91076e-011 -0.105083
549.08 0.763756 7.0899e-012 -0.134912
823.636 1.2132 2.35605e-011 -0.164739
1098.2 1.66267 2.22191e-013 -0.194563
1372.78 2.11217 6.7732e-011 -0.224385
1647.37 2.5617 5.88305e-011 -0.254205
1921.97 3.01126 -2.19373e-011 -0.284022
2196.58 3.46086 1.23435e-011 -0.313838
2471.21 3.91048 6.71031e-012 -0.343651
2745.84 4.36013 3.51542e-011 -0.373461
3020.49 4.80982 1.21104e-011 -0.40327
3295.15 5.25954 -1.49529e-010 -0.433076
3569.83 5.70928 2.03025e-010 -0.46288
3844.51 6.15906 3.5575e-012 -0.492681
4119.21 6.60888 1.10644e-011 -0.52248
4393.92 7.05872 5.57378e-012 -0.552277
4668.65 7.5086 -1.77166e-011 -0.582072
4943.39 7.95851 -7.38463e-012 -0.611864
5218.15 8.40845 1.34299e-011 -0.641654
5492.91 8.85842 -8.94452e-012 -0.671442
5767.7 9.30843 -1.70109e-012 -0.701227
6042.49 9.75847 -3.07016e-013 -0.73101
6317.3 10.2085 -1.39599e-012 -0.760791
6592.13 10.6587 2.99442e-012 -0.790569
6866.97 11.1088 8.4031e-012 -0.820345
7141.83 11.559 2.49804e-012 -0.850118
7416.7 12.0092 1.7624e-011 -0.87989
7691.59 12.4594 5.02539e-011 -0.909658
7966.5 12.9097 1.75961e-014 -0.939425
8241.42 13.36 3.99593e-013 -0.969189
8516.35 13.8104 6.29542e-012 -0.998951
8791.31 14.2608 -1.76687e-011 -1.02871
9066.28 14.7112 3.26669e-011 -1.05847
9341.27 15.1616 1.37652e-010 -1.08822
9616.27 15.6121 3.30754e-011 -1.11797
9891.29 16.0627 2.64287e-011 -1.14772
10166.3 16.5132 3.55999e-013 -1.17747
10441.4 16.9638 2.40925e-012 -1.20722
10716.5 17.4145 -2.54214e-011 -1.23696
10991.6 17.8651 2.25993e-011 -1.2667
11266.7 18.3158 -5.07449e-011 -1.29644
11541.8 18.7666 2.32973e-011 -1.32617
11817 19.2174 4.8019e-012 -1.35591
12092.1 19.6682 1.83734e-013 -1.38564
12367.3 20.119 1.98443e-010 -1.41536
12642.5 20.5699 -5.26796e-012 -1.44509
12917.7 21.0209 3.42573e-012 -1.47481
13193 21.4719 3.5949e-012 -1.50453
13468.3 21.9229 5.43417e-013 -1.53425
13743.5 22.3739 -3.59139e-013 -1.56397
14018.9 22.825 -2.67334e-011 -1.59368
