274.535 0.219135 3.32688e-010 -0.131159
549.08 0.527883 7.26151e-010 -0.134901
823.636 0.836648 1.32826e-009 -0.138647
1098.2 1.14543 1.46601e-009 -0.142397
1372.78 1.45423 2.03871e-009 -0.146151
1647.37 1.76304 2.0979e-009 -0.14991
1921.97 2.07187 2.63017e-009 -0.153672
2196.58 2.38072 2.99857e-009 -0.157439
2471.21 2.68958 3.43933e-009 -0.161209
2745.84 2.99846 3.95348e-009 -0.164984
3020.49 3.30736 4.14597e-009 -0.168764
3295.15 3.61628 4.81134e-009 -0.172547
3569.83 3.92521 4.77105e-009 -0.176335
3844.51 4.23417 5.49246e-009 -0.180126
4119.21 4.54314 5.91899e-009 -0.183923
4393.92 4.85213 6.34493e-009 -0.187723
4668.65 5.16114 6.74482e-009 -0.191528
4943.39 5.47016 7.25446e-009 -0.195337
5218.15 5.77921 7.69769e-009 -0.19915
5492.91 6.08828 8.13539e-009 -0.202968
5767.7 6.39736 8.6019e-009 -0.20679
6042.49 6.70647 8.96964e-009 -0.210616
6317.3 7.01559 9.46144e-009 -0.214447
6592.13 7.32473 9.93956e-009 -0.218282
6866.97 7.6339 1.04482e-008 -0.222122
7141.83 7.94308 1.08677e-008 -0.225966
7416.7 8.25229 1.15499e-008 -0.229815
7691.59 8.56151 1.17116e-008 -0.233668
7966.5 8.87076 1.23224e-008 -0.237525
8241.42 9.18003 1.28326e-008 -0.241387
8516.35 9.48932 1.3359e-008 -0.245254
8791.31 9.79863 1.38348e-008 -0.249125
9066.28 10.108 1.44836e-008 -0.253001
9341.27 10.4173 1.46372e-008 -0.256881
9616.27 10.7267 1.51814e-008 -0.260766
9891.29 11.0361 1.60135e-008 -0.264656
10166.3 11.3455 1.64117e-008 -0.26855
10441.4 11.6549 1.69472e-008 -0.272449
10716.5 11.9644 1.74997e-008 -0.276352
10991.6 12.2739 1.86618e-008 -0.28026
11266.7 12.5834 1.87484e-008 -0.284173
11541.8 12.8929 1.91901e-008 -0.288091
11817 13.2025 1.97186e-008 -0.292013
12092.1 13.5121 2.02056e-008 -0.295941
12367.3 13.8217 2.06541e-008 -0.299873
12642.5 14.1313 2.13527e-008 -0.303809
12917.7 14.441 2.19368e-008 -0.307751
13193 14.7507 2.25035e-008 -0.311697
13468.3 15.0604 2.30999e-008 -0.315648
13743.5 15.3701 2.36713e-008 -0.319604
14018.9 15.6798 2.43203e-008 -0.323565
