274.535 0.490562 8.65416e-010 -0.106583
549.08 1.28414 1.51544e-009 -0.0787786
823.636 2.07773 2.1211e-009 -0.0509746
1098.2 2.87134 3.03875e-009 -0.0231715
1372.78 3.66498 3.72344e-009 0.00463064
1647.37 4.45864 5.01444e-009 0.0324318
1921.97 5.25231 5.2877e-009 0.060232
2196.58 6.04601 6.21721e-009 0.0880312
2471.21 6.83973 6.95136e-009 0.115829
2745.84 7.63347 7.76083e-009 0.143626
3020.49 8.42723 8.68134e-009 0.171423
3295.15 9.22101 8.67237e-009 0.199218
3569.83 10.0148 1.11773e-008 0.227011
3844.51 10.8086 1.09797e-008 0.254804
4119.21 11.6025 1.1833e-008 0.282596
4393.92 12.3964 1.26254e-008 0.310387
4668.65 13.1903 1.34599e-008 0.338176
4943.39 13.9842 1.42279e-008 0.365964
5218.15 14.7781 1.51241e-008 0.393751
5492.91 15.5721 1.58765e-008 0.421537
5767.7 16.366 1.67339e-008 0.449322
6042.49 17.16 1.77023e-008 0.477105
6317.3 17.9541 1.85309e-008 0.504887
6592.13 18.7481 1.93954e-008 0.532668
6866.97 19.5422 2.02418e-008 0.560447
7141.83 20.3363 2.11482e-008 0.588225
7416.7 21.1304 2.18983e-008 0.616002
7691.59 21.9245 2.3132e-008 0.643778
7966.5 22.7187 2.3776e-008 0.671552
8241.42 23.5128 2.46592e-008 0.699325
8516.35 24.3071 2.55373e-008 0.727096
8791.31 25.1013 2.63865e-008 0.754866
9066.28 25.8955 2.73213e-008 0.782635
9341.27 26.6898 2.86859e-008 0.810402
9616.27 27.4841 2.93343e-008 0.838167
9891.29 28.2784 3.00216e-008 0.865931
10166.3 29.0728 3.09994e-008 0.893694
10441.4 29.8671 3.1931e-008 0.921455
10716.5 30.6615 3.2702e-008 0.949214
10991.6 31.4559 3.319e-008 0.976972
11266.7 32.2504 3.43751e-008 1.00473
11541.8 33.0448 3.55716e-008 1.03248
11817 33.8393 3.65828e-008 1.06024
12092.1 34.6338 3.75936e-008 1.08799
12367.3 35.4284 3.92152e-008 1.11574
12642.5 36.2229 3.94789e-008 1.14349
12917.7 37.0175 4.04657e-008 1.17123
13193 37.8121 4.14444e-008 1.19898
13468.3 38.6067 4.23835e-008 1.22672
13743.5 39.4014 4.33667e-008 1.25446
14018.9 40.1961 4.42325e-008 1.2822
