274.535 0.530799 1.01317e-009 -0.115951
549.08 1.42875 1.76923e-009 -0.0927908
823.636 2.32671 2.48652e-009 -0.0696331
1098.2 3.22469 3.52619e-009 -0.0464776
1372.78 4.12268 4.33027e-009 -0.0233245
1647.37 5.02068 5.78435e-009 -0.000173806
1921.97 5.91869 6.1118e-009 0.0229745
2196.58 6.81671 7.1711e-009 0.0461205
2471.21 7.71475 8.01234e-009 0.069264
2745.84 8.61279 8.95637e-009 0.0924051
3020.49 9.51085 9.97607e-009 0.115544
3295.15 10.4089 9.98138e-009 0.13868
3569.83 11.307 1.27925e-008 0.161814
3844.51 12.2051 1.25768e-008 0.184945
4119.21 13.1032 1.35399e-008 0.208073
4393.92 14.0013 1.44295e-008 0.2312
4668.65 14.8995 1.5346e-008 0.254323
4943.39 15.7976 1.62322e-008 0.277444
5218.15 16.6958 1.72257e-008 0.300563
5492.91 17.5939 1.80746e-008 0.323679
5767.7 18.4921 1.90318e-008 0.346792
6042.49 19.3903 2.00922e-008 0.369902
6317.3 20.2885 2.10125e-008 0.39301
6592.13 21.1867 2.19707e-008 0.416116
6866.97 22.085 2.29065e-008 0.439218
7141.83 22.9832 2.39022e-008 0.462318
7416.7 23.8815 2.47496e-008 0.485416
7691.59 24.7798 2.60488e-008 0.50851
7966.5 25.678 2.67868e-008 0.531602
8241.42 26.5763 2.77566e-008 0.554691
8516.35 27.4746 2.87133e-008 0.577777
8791.31 28.373 2.9633e-008 0.600861
9066.28 29.2713 3.0668e-008 0.623942
9341.27 30.1697 3.21432e-008 0.647019
9616.27 31.068 3.28116e-008 0.670095
9891.29 31.9664 3.35896e-008 0.693167
10166.3 32.8648 3.46399e-008 0.716236
10441.4 33.7632 3.56441e-008 0.739303
10716.5 34.6616 3.6475e-008 0.762366
10991.6 35.56 3.69792e-008 0.785427
11266.7 36.4585 3.82838e-008 0.808485
11541.8 37.3569 3.956e-008 0.831539
11817 38.2554 4.06405e-008 0.854591
12092.1 39.1539 4.17134e-008 0.87764
12367.3 40.0524 4.35246e-008 0.900686
12642.5 40.9509 4.3721e-008 0.923729
12917.7 41.8494 4.47723e-008 0.946769
13193 42.7479 4.58083e-008 0.969805
13468.3 43.6465 4.68066e-008 0.992839
13743.5 44.5451 4.78426e-008 1.01587
14018.9 45.4436 4.87479e-008 1.0389
