274.535 0.0319248 1.69995e-012 -0.0293341
549.08 0.0710481 4.27937e-013 -0.0377689
823.636 0.110172 1.07075e-012 -0.0462036
1098.2 0.149298 1.50099e-014 -0.0546383
1372.78 0.188424 3.69256e-012 -0.0630729
1647.37 0.227552 3.44555e-012 -0.0715075
1921.97 0.266681 -1.32229e-012 -0.0799421
2196.58 0.305811 7.64531e-013 -0.0883766
2471.21 0.344943 3.49367e-013 -0.0968111
2745.84 0.384075 1.81898e-012 -0.105246
3020.49 0.423209 8.28852e-013 -0.11368
3295.15 0.462345 -9.15419e-012 -0.122114
3569.83 0.501482 1.20439e-011 -0.130549
3844.51 0.54062 1.74991e-013 -0.138983
4119.21 0.579759 6.39959e-013 -0.147417
4393.92 0.618901 2.85238e-013 -0.155851
4668.65 0.658043 -1.22202e-012 -0.164286
4943.39 0.697188 -6.10818e-013 -0.17272
5218.15 0.736333 6.78495e-013 -0.181154
5492.91 0.775481 -4.28816e-013 -0.189588
5767.7 0.81463 -2.30996e-014 -0.198022
6042.49 0.853781 -2.04664e-015 -0.206456
6317.3 0.892934 -8.79731e-014 -0.21489
6592.13 0.932088 1.61435e-013 -0.223324
6866.97 0.971244 4.07895e-013 -0.231758
7141.83 1.0104 1.44741e-013 -0.240192
7416.7 1.04956 8.67746e-013 -0.248626
7691.59 1.08872 4.08867e-012 -0.25706
7966.5 1.12789 1.77682e-015 -0.265494
8241.42 1.16705 1.08625e-014 -0.273928
8516.35 1.20622 2.99887e-013 -0.282362
8791.31 1.24539 -1.07779e-012 -0.290795
9066.28 1.28456 1.70872e-012 -0.299229
9341.27 1.32374 9.98006e-012 -0.307663
9616.27 1.36291 2.89972e-012 -0.316097
9891.29 1.40209 1.41215e-012 -0.32453
10166.3 1.44127 2.23049e-014 -0.332964
10441.4 1.48045 1.26699e-013 -0.341398
10716.5 1.51964 -1.06607e-012 -0.349831
10991.6 1.55883 2.59593e-013 -0.358265
11266.7 1.59802 -2.84815e-012 -0.366698
11541.8 1.63721 1.51815e-012 -0.375132
11817 1.6764 2.25459e-013 -0.383566
12092.1 1.7156 1.72219e-014 -0.391999
12367.3 1.7548 1.20718e-011 -0.400433
12642.5 1.794 -3.35341e-013 -0.408866
12917.7 1.8332 1.49561e-013 -0.4173
13193 1.87241 1.87443e-013 -0.425733
13468.3 1.91162 1.81664e-014 -0.434167
13743.5 1.95083 -2.65096e-014 -0.4426
14018.9 1.99005 -1.61478e-012 -0.451034
