274.535 0.240101 4.63598e-010 -0.0455181
549.08 0.570334 8.37755e-010 -0.00180856
823.636 0.900593 1.15285e-009 0.0419056
1098.2 1.23088 1.69168e-009 0.0856245
1372.78 1.56119 2.04538e-009 0.129348
1647.37 1.89153 2.74915e-009 0.173076
1921.97 2.2219 2.97821e-009 0.216809
2196.58 2.55229 3.48562e-009 0.260547
2471.21 2.88271 3.90721e-009 0.304289
2745.84 3.21316 4.34784e-009 0.348036
3020.49 3.54364 4.89038e-009 0.391787
3295.15 3.87414 5.0021e-009 0.435544
3569.83 4.20467 6.23475e-009 0.479305
3844.51 4.53523 6.24781e-009 0.523071
4119.21 4.86582 6.74211e-009 0.566841
4393.92 5.19644 7.21769e-009 0.610617
4668.65 5.52709 7.69952e-009 0.654397
4943.39 5.85777 8.16256e-009 0.698182
5218.15 6.18847 8.69792e-009 0.741972
5492.91 6.51921 9.17266e-009 0.785766
5767.7 6.84998 9.66343e-009 0.829566
6042.49 7.18077 1.02564e-008 0.87337
6317.3 7.5116 1.07572e-008 0.917179
6592.13 7.84246 1.12797e-008 0.960993
6866.97 8.17334 1.17952e-008 1.00481
7141.83 8.50426 1.23525e-008 1.04864
7416.7 8.83521 1.27905e-008 1.09246
7691.59 9.16619 1.35695e-008 1.1363
7966.5 9.4972 1.39768e-008 1.18014
8241.42 9.82824 1.45198e-008 1.22398
8516.35 10.1593 1.50714e-008 1.26783
8791.31 10.4904 1.56172e-008 1.31168
9066.28 10.8216 1.6177e-008 1.35554
9341.27 11.1527 1.70693e-008 1.3994
9616.27 11.4839 1.74682e-008 1.44327
9891.29 11.8152 1.78851e-008 1.48714
10166.3 12.1464 1.85152e-008 1.53102
10441.4 12.4777 1.91069e-008 1.5749
10716.5 12.8091 1.95857e-008 1.61879
10991.6 13.1404 1.9947e-008 1.66269
11266.7 13.4718 2.06692e-008 1.70658
11541.8 13.8033 2.14198e-008 1.75049
11817 14.1348 2.20983e-008 1.79439
12092.1 14.4663 2.27553e-008 1.83831
12367.3 14.7978 2.36208e-008 1.88223
12642.5 15.1294 2.39859e-008 1.92615
12917.7 15.461 2.46262e-008 1.97008
13193 15.7926 2.52662e-008 2.01401
13468.3 16.1243 2.58841e-008 2.05795
13743.5 16.456 2.65426e-008 2.10189
14018.9 16.7878 2.71307e-008 2.14584
