274.535 0.237657 -4.24447e-010 -0.0455181
549.08 0.564095 -9.50465e-010 -0.00180856
823.636 0.890559 -1.54517e-009 0.0419056
1098.2 1.21705 -1.92496e-009 0.0856245
1372.78 1.54357 -2.50002e-009 0.129348
1647.37 1.87011 -2.73348e-009 0.173076
1921.97 2.19668 -3.4502e-009 0.216809
2196.58 2.52328 -3.89891e-009 0.260547
2471.21 2.84991 -4.44231e-009 0.304289
2745.84 3.17656 -4.97624e-009 0.348036
3020.49 3.50324 -5.41697e-009 0.391787
3295.15 3.82995 -6.29645e-009 0.435544
3569.83 4.15668 -6.06919e-009 0.479305
3844.51 4.48345 -7.06543e-009 0.523071
4119.21 4.81024 -7.59167e-009 0.566841
4393.92 5.13706 -8.14575e-009 0.610617
4668.65 5.46391 -8.70265e-009 0.654397
4943.39 5.79079 -9.28791e-009 0.698182
5218.15 6.1177 -9.81019e-009 0.741972
5492.91 6.44464 -1.04019e-008 0.785766
5767.7 6.77161 -1.09872e-008 0.829566
6042.49 7.09861 -1.14794e-008 0.87337
6317.3 7.42564 -1.2073e-008 0.917179
6592.13 7.75269 -1.26543e-008 0.960993
6866.97 8.07978 -1.32518e-008 1.00481
7141.83 8.4069 -1.38166e-008 1.04864
7416.7 8.73405 -1.45102e-008 1.09246
7691.59 9.06123 -1.48721e-008 1.1363
7966.5 9.38845 -1.56144e-008 1.18014
8241.42 9.71569 -1.62307e-008 1.22398
8516.35 10.043 -1.68475e-008 1.26783
8791.31 10.3703 -1.74793e-008 1.31168
9066.28 10.6976 -1.8107e-008 1.35554
9341.27 11.025 -1.84119e-008 1.3994
9616.27 11.3524 -1.92176e-008 1.44327
9891.29 11.6798 -2.00155e-008 1.48714
10166.3 12.0073 -2.06093e-008 1.53102
10441.4 12.3348 -2.12509e-008 1.5749
10716.5 12.6623 -2.20146e-008 1.61879
10991.6 12.9899 -2.29057e-008 1.66269
11266.7 13.3175 -2.3444e-008 1.70658
11541.8 13.6451 -2.39647e-008 1.75049
11817 13.9728 -2.45657e-008 1.79439
12092.1 14.3005 -2.51978e-008 1.83831
12367.3 14.6282 -2.56326e-008 1.88223
12642.5 14.956 -2.65732e-008 1.92615
12917.7 15.2838 -2.725e-008 1.97008
13193 15.6116 -2.79363e-008 2.01401
13468.3 15.9395 -2.86539e-008 2.05795
13743.5 16.2674 -2.93403e-008 2.10189
14018.9 16.5954 -3.01061e-008 2.14584
