274.535 0.163907 -8.75784e-011 -0.0283035
549.08 0.380911 -2.52739e-010 0.0148538
823.636 0.597933 -4.68861e-010 0.0580172
1098.2 0.814976 -5.17454e-010 0.101187
1372.78 1.03204 -7.21365e-010 0.144362
1647.37 1.24912 -6.46021e-010 0.187544
1921.97 1.46622 -9.3346e-010 0.230732
2196.58 1.68334 -1.02356e-009 0.273926
2471.21 1.90049 -1.17832e-009 0.317126
2745.84 2.11765 -1.32428e-009 0.360332
3020.49 2.33483 -1.39246e-009 0.403545
3295.15 2.55204 -1.77007e-009 0.446764
3569.83 2.76926 -1.3578e-009 0.489989
3844.51 2.98651 -1.82473e-009 0.533221
4119.21 3.20378 -1.94529e-009 0.576459
4393.92 3.42106 -2.08188e-009 0.619704
4668.65 3.63838 -2.21832e-009 0.662955
4943.39 3.85571 -2.37209e-009 0.706212
5218.15 4.07306 -2.47288e-009 0.749476
5492.91 4.29044 -2.61854e-009 0.792746
5767.7 4.50784 -2.76863e-009 0.836024
6042.49 4.72526 -2.8322e-009 0.879307
6317.3 4.9427 -2.97331e-009 0.922597
6592.13 5.16017 -3.10179e-009 0.965894
6866.97 5.37766 -3.23957e-009 1.0092
7141.83 5.59517 -3.34631e-009 1.05251
7416.7 5.81271 -3.55367e-009 1.09583
7691.59 6.03026 -3.46988e-009 1.13915
7966.5 6.24785 -3.72646e-009 1.18248
8241.42 6.46545 -3.85891e-009 1.22582
8516.35 6.68308 -3.98815e-009 1.26916
8791.31 6.90074 -4.12344e-009 1.31251
9066.28 7.11841 -4.25736e-009 1.35587
9341.27 7.33612 -4.15824e-009 1.39924
9616.27 7.55384 -4.39362e-009 1.44261
9891.29 7.77159 -4.64418e-009 1.48599
10166.3 7.98937 -4.73155e-009 1.52937
10441.4 8.20717 -4.85455e-009 1.57277
10716.5 8.425 -5.06829e-009 1.61617
10991.6 8.64285 -5.39804e-009 1.65957
11266.7 8.86073 -5.40031e-009 1.70299
11541.8 9.07863 -5.44864e-009 1.74641
11817 9.29656 -5.49047e-009 1.78984
12092.1 9.51451 -5.58319e-009 1.83328
12367.3 9.73249 -5.54764e-009 1.87672
12642.5 9.9505 -5.84254e-009 1.92017
12917.7 10.1685 -5.9595e-009 1.96363
13193 10.3866 -6.0777e-009 2.00709
13468.3 10.6047 -6.21742e-009 2.05057
13743.5 10.8228 -6.32725e-009 2.09405
14018.9 11.0409 -6.49769e-009 2.13753
