274.535 0.428717 1.19409e-009 -0.0939115
549.08 1.08617 2.17776e-009 -0.0608065
823.636 1.74365 3.10379e-009 -0.027701
1098.2 2.40116 4.33901e-009 0.00540494
1372.78 3.0587 5.34149e-009 0.0385113
1647.37 3.71627 6.89181e-009 0.071618
1921.97 4.37386 7.56609e-009 0.104725
2196.58 5.03149 8.79469e-009 0.137832
2471.21 5.68914 9.85918e-009 0.17094
2745.84 6.34682 1.09654e-008 0.204048
3020.49 7.00452 1.22218e-008 0.237157
3295.15 7.66226 1.26634e-008 0.270265
3569.83 8.32003 1.52279e-008 0.303374
3844.51 8.97782 1.55281e-008 0.336483
4119.21 9.63565 1.67061e-008 0.369593
4393.92 10.2935 1.78395e-008 0.402702
4668.65 10.9514 1.90004e-008 0.435812
4943.39 11.6093 2.01152e-008 0.468922
5218.15 12.2672 2.13423e-008 0.502032
5492.91 12.9252 2.24544e-008 0.535143
5767.7 13.5832 2.36292e-008 0.568253
6042.49 14.2412 2.49396e-008 0.601363
6317.3 14.8993 2.61105e-008 0.634474
6592.13 15.5574 2.73158e-008 0.667584
6866.97 16.2155 2.85065e-008 0.700695
7141.83 16.8737 2.97584e-008 0.733806
7416.7 17.5319 3.08448e-008 0.766917
7691.59 18.1901 3.23924e-008 0.800027
7966.5 18.8483 3.34324e-008 0.833138
8241.42 19.5066 3.46611e-008 0.866248
8516.35 20.1649 3.58925e-008 0.899359
8791.31 20.8233 3.71086e-008 0.932469
9066.28 21.4816 3.83744e-008 0.96558
9341.27 22.14 4.00692e-008 0.99869
9616.27 22.7985 4.11268e-008 1.0318
9891.29 23.457 4.21529e-008 1.06491
10166.3 24.1155 4.34918e-008 1.09802
10441.4 24.774 4.47838e-008 1.13113
10716.5 25.4326 4.59237e-008 1.16424
10991.6 26.0912 4.68436e-008 1.19735
11266.7 26.7498 4.83207e-008 1.23046
11541.8 27.4085 4.99115e-008 1.26357
11817 28.0672 5.12558e-008 1.29667
12092.1 28.7259 5.26333e-008 1.32978
12367.3 29.3846 5.44719e-008 1.36289
12642.5 30.0434 5.52621e-008 1.396
12917.7 30.7023 5.66165e-008 1.4291
13193 31.3611 5.79645e-008 1.46221
13468.3 32.02 5.92836e-008 1.49532
13743.5 32.679 6.06425e-008 1.52842
14018.9 33.3379 6.19024e-008 1.56153
