274.535 0.128152 -3.50423e-010 -0.112137
549.08 0.301838 -6.29451e-010 -0.121622
823.636 0.475542 -7.80852e-010 -0.131109
1098.2 0.649263 -1.23607e-009 -0.140596
1372.78 0.823002 -1.40555e-009 -0.150086
1647.37 0.996759 -1.94528e-009 -0.159576
1921.97 1.17053 -2.13263e-009 -0.169068
2196.58 1.34433 -2.457e-009 -0.178562
2471.21 1.51814 -2.73025e-009 -0.188057
2745.84 1.69197 -2.96618e-009 -0.197554
3020.49 1.86582 -3.40507e-009 -0.207052
3295.15 2.03969 -3.52244e-009 -0.216552
3569.83 2.21357 -4.19465e-009 -0.226054
3844.51 2.38748 -4.25414e-009 -0.235557
4119.21 2.5614 -4.55974e-009 -0.245063
4393.92 2.73534 -4.86548e-009 -0.25457
4668.65 2.90931 -5.18679e-009 -0.264078
4943.39 3.08329 -5.44644e-009 -0.273589
5218.15 3.25729 -5.76085e-009 -0.283102
5492.91 3.43131 -6.07063e-009 -0.292616
5767.7 3.60535 -6.35745e-009 -0.302133
6042.49 3.77942 -6.735e-009 -0.311651
6317.3 3.9535 -7.02161e-009 -0.321172
6592.13 4.1276 -7.32156e-009 -0.330694
6866.97 4.30172 -7.60466e-009 -0.340219
7141.83 4.47586 -7.94971e-009 -0.349746
7416.7 4.65003 -8.11946e-009 -0.359275
7691.59 4.82421 -8.68419e-009 -0.368807
7966.5 4.99842 -8.87448e-009 -0.37834
8241.42 5.17264 -9.1723e-009 -0.387876
8516.35 5.34689 -9.46542e-009 -0.397414
8791.31 5.52116 -9.78847e-009 -0.406955
9066.28 5.69545 -1.00147e-008 -0.416498
9341.27 5.86976 -1.05598e-008 -0.426043
9616.27 6.0441 -1.08489e-008 -0.435591
9891.29 6.21845 -1.09534e-008 -0.445141
10166.3 6.39283 -1.13456e-008 -0.454694
10441.4 6.56723 -1.16535e-008 -0.464249
10716.5 6.74165 -1.19249e-008 -0.473808
10991.6 6.91609 -1.18264e-008 -0.483368
11266.7 7.09056 -1.24395e-008 -0.492932
11541.8 7.26505 -1.28064e-008 -0.502498
11817 7.43956 -1.31797e-008 -0.512067
12092.1 7.61409 -1.35395e-008 -0.521638
12367.3 7.78865 -1.39346e-008 -0.531213
12642.5 7.96323 -1.41517e-008 -0.54079
12917.7 8.13783 -1.44586e-008 -0.55037
13193 8.31246 -1.4779e-008 -0.559953
13468.3 8.48711 -1.5079e-008 -0.569539
13743.5 8.66179 -1.54058e-008 -0.579128
14018.9 8.83648 -1.56732e-008 -0.588721
