274.535 0.145954 1.03974e-010 -0.112137
549.08 0.345777 2.57786e-010 -0.121622
823.636 0.545616 5.4935e-010 -0.131109
1098.2 0.745472 5.17617e-010 -0.140596
1372.78 0.945346 7.87716e-010 -0.150086
1647.37 1.14524 6.76407e-010 -0.159576
1921.97 1.34515 9.20844e-010 -0.169068
2196.58 1.54507 1.03096e-009 -0.178562
2471.21 1.74502 1.19254e-009 -0.188057
2745.84 1.94498 1.39675e-009 -0.197554
3020.49 2.14496 1.38103e-009 -0.207052
3295.15 2.34496 1.69768e-009 -0.216552
3569.83 2.54498 1.46574e-009 -0.226054
3844.51 2.74502 1.83693e-009 -0.235557
4119.21 2.94507 1.9659e-009 -0.245063
4393.92 3.14515 2.09304e-009 -0.25457
4668.65 3.34524 2.20305e-009 -0.264078
4943.39 3.54535 2.38005e-009 -0.273589
5218.15 3.74549 2.50146e-009 -0.283102
5492.91 3.94564 2.62331e-009 -0.292616
5767.7 4.14581 2.76964e-009 -0.302133
6042.49 4.346 2.82517e-009 -0.311651
6317.3 4.54621 2.97371e-009 -0.321172
6592.13 4.74644 3.10856e-009 -0.330694
6866.97 4.94669 3.26151e-009 -0.340219
7141.83 5.14697 3.34823e-009 -0.349746
7416.7 5.34726 3.6207e-009 -0.359275
7691.59 5.54757 3.48097e-009 -0.368807
7966.5 5.74791 3.72631e-009 -0.37834
8241.42 5.94826 3.86349e-009 -0.387876
8516.35 6.14864 4.00653e-009 -0.397414
8791.31 6.34904 4.1156e-009 -0.406955
9066.28 6.54945 4.33281e-009 -0.416498
9341.27 6.74989 4.2126e-009 -0.426043
9616.27 6.95036 4.35167e-009 -0.435591
9891.29 7.15084 4.69504e-009 -0.445141
10166.3 7.35135 4.73178e-009 -0.454694
10441.4 7.55188 4.85916e-009 -0.464249
10716.5 7.75243 5.01531e-009 -0.473808
10991.6 7.953 5.57984e-009 -0.483368
11266.7 8.15359 5.37611e-009 -0.492932
11541.8 8.35421 5.44291e-009 -0.502498
11817 8.55485 5.5094e-009 -0.512067
12092.1 8.75552 5.58215e-009 -0.521638
12367.3 8.9562 5.62215e-009 -0.531213
12642.5 9.15691 5.84042e-009 -0.54079
12917.7 9.35765 5.97005e-009 -0.55037
13193 9.5584 6.08427e-009 -0.559953
13468.3 9.75919 6.21909e-009 -0.569539
13743.5 9.95999 6.32757e-009 -0.579128
14018.9 10.1608 6.49671e-009 -0.588721
