274.535 0.546128 -2.11024e-009 -0.160474
549.08 1.51167 -4.00989e-009 -0.122049
823.636 2.47721 -5.31525e-009 -0.0836263
1098.2 3.44275 -7.92273e-009 -0.0452068
1372.78 4.40829 -9.24227e-009 -0.00678999
1647.37 5.37383 -1.213e-008 0.0316241
1921.97 6.33937 -1.37692e-008 0.0700355
2196.58 7.30491 -1.57547e-008 0.108444
2471.21 8.27045 -1.7608e-008 0.14685
2745.84 9.23599 -1.92839e-008 0.185253
3020.49 10.2015 -2.18665e-008 0.223654
3295.15 11.1671 -2.33211e-008 0.262052
3569.83 12.1326 -2.59686e-008 0.300447
3844.51 13.0982 -2.74677e-008 0.338839
4119.21 14.0637 -2.9434e-008 0.377229
4393.92 15.0292 -3.14191e-008 0.415615
4668.65 15.9948 -3.35684e-008 0.454
4943.39 16.9603 -3.53618e-008 0.492381
5218.15 17.9259 -3.72475e-008 0.53076
5492.91 18.8914 -3.93398e-008 0.569136
5767.7 19.857 -4.1352e-008 0.607509
6042.49 20.8225 -4.34952e-008 0.64588
6317.3 21.788 -4.54276e-008 0.684248
6592.13 22.7536 -4.73932e-008 0.722613
6866.97 23.7191 -4.928e-008 0.760975
7141.83 24.6847 -5.14439e-008 0.799335
7416.7 25.6502 -5.29827e-008 0.837692
7691.59 26.6158 -5.55883e-008 0.876047
7966.5 27.5813 -5.74733e-008 0.914398
8241.42 28.5469 -5.94673e-008 0.952747
8516.35 29.5124 -6.13584e-008 0.991094
8791.31 30.478 -6.34899e-008 1.02944
9066.28 31.4435 -6.50352e-008 1.06778
9341.27 32.4091 -6.77989e-008 1.10612
9616.27 33.3746 -6.99428e-008 1.14445
9891.29 34.3402 -7.12101e-008 1.18278
10166.3 35.3057 -7.36401e-008 1.22111
10441.4 36.2713 -7.56519e-008 1.25944
10716.5 37.2368 -7.79993e-008 1.29777
10991.6 38.2024 -7.78838e-008 1.33609
11266.7 39.168 -8.16423e-008 1.37441
11541.8 40.1335 -8.37434e-008 1.41272
11817 41.0991 -8.57413e-008 1.45104
12092.1 42.0646 -8.79606e-008 1.48935
12367.3 43.0302 -9.03197e-008 1.52766
12642.5 43.9957 -9.20415e-008 1.56596
12917.7 44.9613 -9.40315e-008 1.60427
13193 45.9269 -9.61211e-008 1.64257
13468.3 46.8924 -9.81901e-008 1.68086
13743.5 47.858 -1.00265e-007 1.71916
14018.9 48.8236 -1.02212e-007 1.75745
