274.535 0.0893638 7.61077e-010 -0.012403
549.08 0.203079 1.44642e-009 0.0263699
823.636 0.316803 2.10081e-009 0.065149
1098.2 0.430537 2.87944e-009 0.103934
1372.78 0.54428 3.55203e-009 0.142726
1647.37 0.658032 4.4261e-009 0.181524
1921.97 0.771794 5.06502e-009 0.220328
2196.58 0.885565 5.83663e-009 0.259139
2471.21 0.999346 6.57374e-009 0.297956
2745.84 1.11314 7.31898e-009 0.33678
3020.49 1.22694 8.13201e-009 0.37561
3295.15 1.34075 8.75139e-009 0.414447
3569.83 1.45457 9.86488e-009 0.45329
3844.51 1.5684 1.04419e-008 0.49214
4119.21 1.68224 1.1241e-008 0.530997
4393.92 1.79609 1.2036e-008 0.569861
4668.65 1.90996 1.28336e-008 0.608731
4943.39 2.02383 1.36339e-008 0.647608
5218.15 2.13771 1.44716e-008 0.686492
5492.91 2.25161 1.5289e-008 0.725383
5767.7 2.36551 1.6106e-008 0.76428
6042.49 2.47943 1.69895e-008 0.803185
6317.3 2.59335 1.78267e-008 0.842097
6592.13 2.70729 1.86786e-008 0.881016
6866.97 2.82124 1.9531e-008 0.919942
7141.83 2.9352 2.04117e-008 0.958875
7416.7 3.04917 2.12286e-008 0.997815
7691.59 3.16316 2.22589e-008 1.03676
7966.5 3.27715 2.30509e-008 1.07572
8241.42 3.39116 2.3939e-008 1.11468
8516.35 3.50518 2.48368e-008 1.15365
8791.31 3.61921 2.57381e-008 1.19263
9066.28 3.73325 2.66422e-008 1.23161
9341.27 3.8473 2.77146e-008 1.2706
9616.27 3.96137 2.85723e-008 1.3096
9891.29 4.07545 2.94125e-008 1.34861
10166.3 4.18954 3.03802e-008 1.38762
10441.4 4.30365 3.13269e-008 1.42664
10716.5 4.41776 3.22243e-008 1.46567
10991.6 4.53189 3.30298e-008 1.50471
11266.7 4.64603 3.41015e-008 1.54376
11541.8 4.76019 3.50922e-008 1.58281
11817 4.87436 3.61454e-008 1.62187
12092.1 4.98854 3.71526e-008 1.66094
12367.3 5.10273 3.82309e-008 1.70001
12642.5 5.21694 3.91355e-008 1.7391
12917.7 5.33116 4.01445e-008 1.77819
13193 5.44539 4.11607e-008 1.81729
13468.3 5.55964 4.21682e-008 1.8564
13743.5 5.6739 4.32009e-008 1.89552
14018.9 5.78817 4.42009e-008 1.93464
