274.535 0.531948 9.83349e-010 -0.115951
549.08 1.43319 1.71201e-009 -0.0927908
823.636 2.33444 2.40257e-009 -0.0696331
1098.2 3.2357 3.4147e-009 -0.0464776
1372.78 4.13698 4.1927e-009 -0.0233245
1647.37 5.03826 5.61953e-009 -0.000173806
1921.97 5.93956 5.9188e-009 0.0229745
2196.58 6.84087 6.95147e-009 0.0461205
2471.21 7.74219 7.76561e-009 0.069264
2745.84 8.64352 8.68304e-009 0.0924051
3020.49 9.54486 9.67525e-009 0.115544
3295.15 10.4462 9.65157e-009 0.13868
3569.83 11.3476 1.24404e-008 0.161814
3844.51 12.249 1.21948e-008 0.184945
4119.21 13.1504 1.31311e-008 0.208073
4393.92 14.0518 1.39936e-008 0.2312
4668.65 14.9532 1.48827e-008 0.254323
4943.39 15.8546 1.57421e-008 0.277444
5218.15 16.756 1.67089e-008 0.300563
5492.91 17.6575 1.75304e-008 0.323679
5767.7 18.559 1.84608e-008 0.346792
6042.49 19.4604 1.94942e-008 0.369902
6317.3 20.3619 2.03875e-008 0.39301
6592.13 21.2634 2.13188e-008 0.416116
6866.97 22.1649 2.22278e-008 0.439218
7141.83 23.0665 2.31964e-008 0.462318
7416.7 23.968 2.40171e-008 0.485416
7691.59 24.8695 2.52892e-008 0.50851
7966.5 25.7711 2.60001e-008 0.531602
8241.42 26.6727 2.69431e-008 0.554691
8516.35 27.5743 2.7873e-008 0.577777
8791.31 28.4759 2.87654e-008 0.600861
9066.28 29.3775 2.97742e-008 0.623942
9341.27 30.2791 3.12232e-008 0.647019
9616.27 31.1808 3.18636e-008 0.670095
9891.29 32.0824 3.26151e-008 0.693167
10166.3 32.9841 3.36381e-008 0.716236
10441.4 33.8857 3.46155e-008 0.739303
10716.5 34.7874 3.5419e-008 0.762366
10991.6 35.6891 3.58973e-008 0.785427
11266.7 36.5909 3.71739e-008 0.808485
11541.8 37.4926 3.8424e-008 0.831539
11817 38.3943 3.94776e-008 0.854591
12092.1 39.2961 4.05237e-008 0.87764
12367.3 40.1978 4.23108e-008 0.900686
12642.5 41.0996 4.24776e-008 0.923729
12917.7 42.0014 4.35022e-008 0.946769
13193 42.9032 4.45114e-008 0.969805
13468.3 43.8051 4.54829e-008 0.992839
13743.5 44.7069 4.6492e-008 1.01587
14018.9 45.6087 4.73702e-008 1.0389
