274.535 0.427682 -7.77092e-010 -0.160734
549.08 1.10005 -1.49001e-009 -0.141806
823.636 1.77243 -1.80465e-009 -0.122886
1098.2 2.44482 -3.02791e-009 -0.103972
1372.78 3.11723 -3.40597e-009 -0.0850656
1647.37 3.78966 -4.80858e-009 -0.0661655
1921.97 4.46211 -5.34262e-009 -0.0472722
2196.58 5.13457 -6.16669e-009 -0.0283855
2471.21 5.80705 -6.88333e-009 -0.00950564
2745.84 6.47954 -7.44802e-009 0.00936752
3020.49 7.15205 -8.7081e-009 0.028234
3295.15 7.82458 -9.08342e-009 0.0470937
3569.83 8.49712 -1.05456e-008 0.0659468
3844.51 9.16969 -1.09549e-008 0.0847931
4119.21 9.84227 -1.17791e-008 0.103633
4393.92 10.5149 -1.26231e-008 0.122466
4668.65 11.1875 -1.35765e-008 0.141292
4943.39 11.8601 -1.42756e-008 0.160112
5218.15 12.5328 -1.50916e-008 0.178925
5492.91 13.2054 -1.59935e-008 0.197731
5767.7 13.8781 -1.68557e-008 0.216531
6042.49 14.5508 -1.78689e-008 0.235324
6317.3 15.2235 -1.86941e-008 0.25411
6592.13 15.8963 -1.95541e-008 0.27289
6866.97 16.5691 -2.03629e-008 0.291663
7141.83 17.2418 -2.13729e-008 0.31043
7416.7 17.9146 -2.19065e-008 0.32919
7691.59 18.5874 -2.33335e-008 0.347943
7966.5 19.2603 -2.40933e-008 0.36669
8241.42 19.9331 -2.49879e-008 0.38543
8516.35 20.606 -2.5837e-008 0.404164
8791.31 21.2789 -2.68399e-008 0.422891
9066.28 21.9518 -2.74522e-008 0.441612
9341.27 22.6248 -2.89425e-008 0.460326
9616.27 23.2977 -3.00133e-008 0.479033
9891.29 23.9707 -3.03632e-008 0.497734
10166.3 24.6437 -3.15893e-008 0.516429
10441.4 25.3167 -3.25431e-008 0.535116
10716.5 25.9897 -3.36335e-008 0.553798
10991.6 26.6628 -3.32561e-008 0.572473
11266.7 27.3359 -3.52682e-008 0.591141
11541.8 28.009 -3.64367e-008 0.609803
11817 28.6821 -3.73626e-008 0.628458
12092.1 29.3552 -3.84959e-008 0.647107
12367.3 30.0284 -3.96905e-008 0.66575
12642.5 30.7016 -4.04909e-008 0.684386
12917.7 31.3748 -4.14737e-008 0.703016
13193 32.048 -4.25179e-008 0.721639
13468.3 32.7213 -4.3538e-008 0.740255
13743.5 33.3946 -4.45823e-008 0.758866
14018.9 34.0679 -4.55362e-008 0.77747
