274.535 0.0233468 -2.50831e-009 -0.0511749
549.08 0.0537752 -4.90191e-009 -0.0606623
823.636 0.0842168 -7.26847e-009 -0.0701577
1098.2 0.114672 -9.73017e-009 -0.079661
1372.78 0.14514 -1.21147e-008 -0.0891723
1647.37 0.175621 -1.4627e-008 -0.0986915
1921.97 0.206116 -1.70223e-008 -0.108219
2196.58 0.236624 -1.94788e-008 -0.117754
2471.21 0.267146 -2.1924e-008 -0.127297
2745.84 0.297681 -2.43683e-008 -0.136849
3020.49 0.328229 -2.68766e-008 -0.146408
3295.15 0.358791 -2.92862e-008 -0.155976
3569.83 0.389366 -3.1911e-008 -0.165551
3844.51 0.419955 -3.43112e-008 -0.175135
4119.21 0.450557 -3.68121e-008 -0.184727
4393.92 0.481172 -3.93183e-008 -0.194327
4668.65 0.511801 -4.18335e-008 -0.203936
4943.39 0.542444 -4.43439e-008 -0.213552
5218.15 0.5731 -4.68791e-008 -0.223177
5492.91 0.603769 -4.94144e-008 -0.23281
5767.7 0.634452 -5.19511e-008 -0.242452
6042.49 0.665149 -5.45278e-008 -0.252102
6317.3 0.695859 -5.7081e-008 -0.26176
6592.13 0.726583 -5.96459e-008 -0.271426
6866.97 0.757321 -6.22138e-008 -0.281101
7141.83 0.788072 -6.48064e-008 -0.290785
7416.7 0.818837 -6.73544e-008 -0.300477
7691.59 0.849616 -7.00398e-008 -0.310177
7966.5 0.880408 -7.25968e-008 -0.319886
8241.42 0.911214 -7.52049e-008 -0.329603
8516.35 0.942034 -7.78209e-008 -0.339329
8791.31 0.972868 -8.04496e-008 -0.349063
9066.28 1.00372 -8.30643e-008 -0.358806
9341.27 1.03458 -8.57862e-008 -0.368557
9616.27 1.06545 -8.84146e-008 -0.378317
9891.29 1.09634 -9.1011e-008 -0.388086
10166.3 1.12724 -9.36987e-008 -0.397864
10441.4 1.15816 -9.63698e-008 -0.40765
10716.5 1.18909 -9.90258e-008 -0.417444
10991.6 1.22003 -1.01595e-007 -0.427248
11266.7 1.25099 -1.04379e-007 -0.43706
11541.8 1.28197 -1.07084e-007 -0.446881
11817 1.31295 -1.09831e-007 -0.456711
12092.1 1.34395 -1.12562e-007 -0.46655
12367.3 1.37497 -1.15312e-007 -0.476397
12642.5 1.40599 -1.18013e-007 -0.486254
12917.7 1.43704 -1.20751e-007 -0.496119
13193 1.46809 -1.235e-007 -0.505993
13468.3 1.49916 -1.26248e-007 -0.515876
13743.5 1.53025 -1.29014e-007 -0.525768
14018.9 1.56135 -1.31766e-007 -0.535669
