274.535 0.564895 8.70801e-011 -0.138894
549.08 1.5649 2.09923e-011 -0.176412
823.636 2.5649 8.45222e-011 -0.213926
1098.2 3.5649 5.60396e-013 -0.251436
1372.78 4.5649 2.1241e-010 -0.288942
1647.37 5.5649 1.79306e-010 -0.326444
1921.97 6.5649 -6.33663e-011 -0.363942
2196.58 7.5649 3.45719e-011 -0.401437
2471.21 8.5649 2.21151e-011 -0.438927
2745.84 9.5649 1.14506e-010 -0.476413
3020.49 10.5649 2.99924e-011 -0.513895
3295.15 11.5649 -4.23459e-010 -0.551373
3569.83 12.5649 6.1347e-010 -0.588847
3844.51 13.5649 1.24063e-011 -0.626317
4119.21 14.5649 3.31626e-011 -0.663783
4393.92 15.5649 1.87473e-011 -0.701244
4668.65 16.5649 -4.94889e-011 -0.738702
4943.39 17.5649 -1.252e-011 -0.776156
5218.15 18.5649 4.52833e-011 -0.813605
5492.91 19.5649 -2.7639e-011 -0.85105
5767.7 20.5649 -5.1713e-012 -0.888492
6042.49 21.5649 -1.46894e-012 -0.925929
6317.3 22.5649 -4.08826e-012 -0.963362
6592.13 23.5649 9.54578e-012 -1.00079
6866.97 24.5649 2.93223e-011 -1.03821
7141.83 25.5649 7.33838e-012 -1.07564
7416.7 26.5649 5.84512e-011 -1.11305
7691.59 27.5649 9.10193e-011 -1.15046
7966.5 28.5649 -1.95875e-015 -1.18787
8241.42 29.5649 1.2713e-012 -1.22528
8516.35 30.5649 2.27835e-011 -1.26267
8791.31 31.5649 -5.13144e-011 -1.30007
9066.28 32.5649 1.07569e-010 -1.33746
9341.27 33.5649 3.28817e-010 -1.37485
9616.27 34.5649 4.71301e-011 -1.41223
9891.29 35.5649 8.57425e-011 -1.44961
10166.3 36.5649 1.01399e-012 -1.48698
10441.4 37.5649 7.91698e-012 -1.52435
10716.5 38.5649 -9.39661e-011 -1.56172
10991.6 39.5649 8.64676e-011 -1.59908
11266.7 40.5649 -1.48716e-010 -1.63643
11541.8 41.5649 4.58999e-011 -1.67379
11817 42.5649 1.68128e-011 -1.71113
12092.1 43.5649 2.43056e-013 -1.74848
12367.3 44.5649 5.86203e-010 -1.78582
12642.5 45.5649 -1.43392e-011 -1.82315
12917.7 46.5649 1.27317e-011 -1.86048
13193 47.5649 1.16939e-011 -1.89781
13468.3 48.5649 2.26177e-012 -1.93513
13743.5 49.5649 -7.68089e-013 -1.97245
14018.9 50.5649 -7.88793e-011 -2.00976
