274.535 0.521188 3.62616e-011 -0.142699
549.08 1.41257 1.26696e-011 -0.0497738
823.636 2.30396 3.73688e-010 0.0431417
1098.2 3.19536 -9.65577e-013 0.136048
1372.78 4.08677 2.87275e-010 0.228944
1647.37 4.97818 4.50193e-011 0.321831
1921.97 5.8696 -2.66406e-011 0.414708
2196.58 6.76102 1.56572e-011 0.507575
2471.21 7.65246 6.41637e-011 0.600433
2745.84 8.5439 2.91858e-010 0.693281
3020.49 9.43534 -9.65305e-011 0.786119
3295.15 10.3268 -1.06148e-010 0.878948
3569.83 11.2183 2.32354e-010 0.971767
3844.51 12.1097 5.67252e-011 1.06458
4119.21 13.0012 8.48999e-011 1.15737
4393.92 13.8927 5.58376e-011 1.25016
4668.65 14.7842 -5.87878e-011 1.34294
4943.39 15.6757 5.22696e-011 1.43571
5218.15 16.5672 1.38757e-010 1.52847
5492.91 17.4587 2.77692e-011 1.62122
5767.7 18.3502 3.22998e-012 1.71396
6042.49 19.2417 -3.08196e-011 1.80669
6317.3 20.1333 3.73988e-012 1.89941
6592.13 21.0248 2.79169e-011 1.99212
6866.97 21.9164 1.00518e-010 2.08482
7141.83 22.8079 5.1894e-012 2.17751
7416.7 23.6995 2.80425e-010 2.27019
7691.59 24.5911 -3.06645e-011 2.36286
7966.5 25.4826 -3.73803e-013 2.45552
8241.42 26.3742 1.43819e-011 2.54816
8516.35 27.2658 9.15534e-011 2.6408
8791.31 28.1574 -5.84643e-012 2.73343
9066.28 29.049 3.45751e-010 2.82605
9341.27 29.9407 -1.8501e-012 2.91866
9616.27 30.8323 -2.54666e-010 3.01125
9891.29 31.7239 2.35238e-010 3.10384
10166.3 32.6156 5.62108e-013 3.19642
10441.4 33.5072 2.16366e-011 3.28899
10716.5 34.3989 -3.00502e-010 3.38154
10991.6 35.2906 9.59891e-010 3.47409
11266.7 36.1822 -6.8104e-011 3.56662
11541.8 37.0739 -7.40757e-011 3.65915
11817 37.9656 8.74084e-011 3.75166
12092.1 38.8573 -4.69754e-012 3.84416
12367.3 39.7491 2.25296e-011 3.93666
12642.5 40.6408 -1.30266e-012 4.02914
12917.7 41.5325 5.2585e-011 4.12161
13193 42.4243 3.07708e-011 4.21407
13468.3 43.316 8.18704e-012 4.30652
13743.5 44.2078 4.04618e-012 4.39896
14018.9 45.0995 4.15434e-011 4.49139
