274.535 0.0746879 4.05368e-010 -0.012403
549.08 0.168627 7.52063e-010 0.0263699
823.636 0.262574 1.0663e-009 0.065149
1098.2 0.356527 1.50606e-009 0.103934
1372.78 0.450488 1.83634e-009 0.142726
1647.37 0.544455 2.37079e-009 0.181524
1921.97 0.63843 2.67287e-009 0.220328
2196.58 0.732413 3.10305e-009 0.259139
2471.21 0.826403 3.50023e-009 0.297956
2745.84 0.9204 3.90414e-009 0.33678
3020.49 1.01441 4.37761e-009 0.37561
3295.15 1.10842 4.66296e-009 0.414447
3569.83 1.20244 5.42201e-009 0.45329
3844.51 1.29647 5.66615e-009 0.49214
4119.21 1.3905 6.12421e-009 0.530997
4393.92 1.48455 6.57858e-009 0.569861
4668.65 1.5786 7.03618e-009 0.608731
4943.39 1.67266 7.49501e-009 0.647608
5218.15 1.76673 7.99075e-009 0.686492
5492.91 1.86081 8.4677e-009 0.725383
5767.7 1.95489 8.94307e-009 0.76428
6042.49 2.04899 9.48503e-009 0.803185
6317.3 2.14309 9.98064e-009 0.842097
6592.13 2.2372 1.04907e-008 0.881016
6866.97 2.33132 1.10012e-008 0.919942
7141.83 2.42545 1.15403e-008 0.958875
7416.7 2.51959 1.20146e-008 0.997815
7691.59 2.61374 1.27012e-008 1.03676
7966.5 2.7079 1.31532e-008 1.07572
8241.42 2.80206 1.3699e-008 1.11468
8516.35 2.89624 1.42543e-008 1.15365
8791.31 2.99042 1.48139e-008 1.19263
9066.28 3.08461 1.53735e-008 1.23161
9341.27 3.17882 1.60985e-008 1.2706
9616.27 3.27303 1.66177e-008 1.3096
9891.29 3.36725 1.71156e-008 1.34861
10166.3 3.46148 1.77412e-008 1.38762
10441.4 3.55572 1.83448e-008 1.42664
10716.5 3.64997 1.88999e-008 1.46567
10991.6 3.74424 1.93605e-008 1.50471
11266.7 3.83851 2.00913e-008 1.54376
11541.8 3.93279 2.07355e-008 1.58281
11817 4.02708 2.14459e-008 1.62187
12092.1 4.12138 2.21094e-008 1.66094
12367.3 4.2157 2.28359e-008 1.70001
12642.5 4.31002 2.34046e-008 1.7391
12917.7 4.40435 2.40691e-008 1.77819
13193 4.4987 2.47411e-008 1.81729
13468.3 4.59305 2.54043e-008 1.8564
13743.5 4.68742 2.60926e-008 1.89552
14018.9 4.78179 2.67491e-008 1.93464
