274.535 0.0915454 8.13952e-010 -0.012403
549.08 0.2082 1.54964e-009 0.0263699
823.636 0.324865 2.25459e-009 0.065149
1098.2 0.441538 3.08359e-009 0.103934
1372.78 0.558222 3.80707e-009 0.142726
1647.37 0.674915 4.73162e-009 0.181524
1921.97 0.791618 5.42061e-009 0.220328
2196.58 0.908331 6.24297e-009 0.259139
2471.21 1.02505 7.03061e-009 0.297956
2745.84 1.14179 7.8266e-009 0.33678
3020.49 1.25853 8.69009e-009 0.37561
3295.15 1.37528 9.35913e-009 0.414447
3569.83 1.49205 1.05253e-008 0.45329
3844.51 1.60882 1.11518e-008 0.49214
4119.21 1.72561 1.20016e-008 0.530997
4393.92 1.8424 1.28472e-008 0.569861
4668.65 1.95921 1.36954e-008 0.608731
4943.39 2.07603 1.45465e-008 0.647608
5218.15 2.19286 1.5435e-008 0.686492
5492.91 2.3097 1.6303e-008 0.725383
5767.7 2.42655 1.71708e-008 0.76428
6042.49 2.54341 1.8105e-008 0.803185
6317.3 2.66028 1.8993e-008 0.842097
6592.13 2.77717 1.98957e-008 0.881016
6866.97 2.89407 2.0799e-008 0.919942
7141.83 3.01097 2.17305e-008 0.958875
7416.7 3.12789 2.25982e-008 0.997815
7691.59 3.24483 2.36796e-008 1.03676
7966.5 3.36177 2.45221e-008 1.07572
8241.42 3.47873 2.54611e-008 1.11468
8516.35 3.59569 2.64099e-008 1.15365
8791.31 3.71268 2.73619e-008 1.19263
9066.28 3.82967 2.83172e-008 1.23161
9341.27 3.94667 2.94413e-008 1.2706
9616.27 4.06369 3.03493e-008 1.3096
9891.29 4.18072 3.12404e-008 1.34861
10166.3 4.29777 3.22589e-008 1.38762
10441.4 4.41482 3.32567e-008 1.42664
10716.5 4.53189 3.4205e-008 1.46567
10991.6 4.64897 3.50617e-008 1.50471
11266.7 4.76607 3.61841e-008 1.54376
11541.8 4.88318 3.72263e-008 1.58281
11817 5.0003 3.83305e-008 1.62187
12092.1 5.11744 3.93888e-008 1.66094
12367.3 5.23459 4.05193e-008 1.70001
12642.5 5.35175 4.14739e-008 1.7391
12917.7 5.46893 4.25341e-008 1.77819
13193 5.58612 4.36015e-008 1.81729
13468.3 5.70332 4.46601e-008 1.8564
13743.5 5.82054 4.5744e-008 1.89552
14018.9 5.93777 4.67951e-008 1.93464
