274.535 0.221515 -4.35875e-010 -0.131159
549.08 0.533999 -8.29527e-010 -0.134901
823.636 0.846499 -1.02224e-009 -0.138647
1098.2 1.15902 -1.6915e-009 -0.142397
1372.78 1.47155 -1.93251e-009 -0.146151
1647.37 1.7841 -2.69814e-009 -0.14991
1921.97 2.09666 -2.99937e-009 -0.153672
2196.58 2.40925 -3.47329e-009 -0.157439
2471.21 2.72185 -3.88403e-009 -0.161209
2745.84 3.03446 -4.22985e-009 -0.164984
3020.49 3.3471 -4.90913e-009 -0.168764
3295.15 3.65975 -5.12316e-009 -0.172547
3569.83 3.97242 -6.05098e-009 -0.176335
3844.51 4.28511 -6.22806e-009 -0.180126
4119.21 4.59782 -6.70857e-009 -0.183923
4393.92 4.91054 -7.19917e-009 -0.187723
4668.65 5.22329 -7.72534e-009 -0.191528
4943.39 5.53605 -8.15017e-009 -0.195337
5218.15 5.84883 -8.65077e-009 -0.19915
5492.91 6.16163 -9.16686e-009 -0.202968
5767.7 6.47445 -9.66311e-009 -0.20679
6042.49 6.78729 -1.02674e-008 -0.210616
6317.3 7.10015 -1.07566e-008 -0.214447
6592.13 7.41303 -1.12688e-008 -0.218282
6866.97 7.72593 -1.17596e-008 -0.222122
7141.83 8.03885 -1.23493e-008 -0.225966
7416.7 8.35179 -1.26842e-008 -0.229815
7691.59 8.66475 -1.35512e-008 -0.233668
7966.5 8.97773 -1.3977e-008 -0.237525
8241.42 9.29074 -1.45126e-008 -0.241387
8516.35 9.60376 -1.50412e-008 -0.245254
8791.31 9.91681 -1.56303e-008 -0.249125
9066.28 10.2299 -1.60538e-008 -0.253001
9341.27 10.543 -1.69848e-008 -0.256881
9616.27 10.8561 -1.75338e-008 -0.260766
9891.29 11.1692 -1.78013e-008 -0.264656
10166.3 11.4824 -1.85149e-008 -0.26855
10441.4 11.7955 -1.90994e-008 -0.272449
10716.5 12.1087 -1.96777e-008 -0.276352
10991.6 12.422 -1.96493e-008 -0.28026
11266.7 12.7352 -2.07147e-008 -0.284173
11541.8 13.0485 -2.14304e-008 -0.288091
11817 13.3618 -2.20678e-008 -0.292013
12092.1 13.6751 -2.2757e-008 -0.295941
12367.3 13.9884 -2.34937e-008 -0.299873
12642.5 14.3018 -2.39894e-008 -0.303809
12917.7 14.6152 -2.46089e-008 -0.307751
13193 14.9286 -2.52554e-008 -0.311697
13468.3 15.242 -2.58814e-008 -0.315648
13743.5 15.5555 -2.65417e-008 -0.319604
14018.9 15.869 -2.71336e-008 -0.323565
