274.535 0.427682 7.12958e-010 -0.160734
549.08 1.10005 1.5111e-009 -0.141806
823.636 1.77243 2.71909e-009 -0.122886
1098.2 2.44482 3.03004e-009 -0.103972
1372.78 3.11723 4.19777e-009 -0.0850656
1647.37 3.78966 4.35252e-009 -0.0661655
1921.97 4.46211 5.38742e-009 -0.0472722
2196.58 5.13457 6.14386e-009 -0.0283855
2471.21 5.80705 7.01931e-009 -0.00950564
2745.84 6.47954 8.05828e-009 0.00936752
3020.49 7.15205 8.41344e-009 0.028234
3295.15 7.82458 9.66492e-009 0.0470937
3569.83 8.49712 9.8411e-009 0.0659468
3844.51 9.16969 1.10818e-008 0.0847931
4119.21 9.84227 1.19192e-008 0.103633
4393.92 10.5149 1.27482e-008 0.122466
4668.65 11.1875 1.34795e-008 0.141292
4943.39 11.8601 1.44767e-008 0.160112
5218.15 12.5328 1.53685e-008 0.178925
5492.91 13.2054 1.6186e-008 0.197731
5767.7 13.8781 1.70548e-008 0.216531
6042.49 14.5508 1.77842e-008 0.235324
6317.3 15.2235 1.8713e-008 0.25411
6592.13 15.8963 1.96187e-008 0.27289
6866.97 16.5691 2.05873e-008 0.291663
7141.83 17.2418 2.13661e-008 0.31043
7416.7 17.9146 2.26329e-008 0.32919
7691.59 18.5874 2.30179e-008 0.347943
7966.5 19.2603 2.40817e-008 0.36669
8241.42 19.9331 2.50221e-008 0.38543
8516.35 20.606 2.60198e-008 0.404164
8791.31 21.2789 2.68751e-008 0.422891
9066.28 21.9518 2.81327e-008 0.441612
9341.27 22.6248 2.85238e-008 0.460326
9616.27 23.2977 2.93459e-008 0.479033
9891.29 23.9707 3.09005e-008 0.497734
10166.3 24.6437 3.15906e-008 0.516429
10441.4 25.3167 3.25644e-008 0.535116
10716.5 25.9897 3.34132e-008 0.553798
10991.6 26.6628 3.57414e-008 0.572473
11266.7 27.3359 3.56917e-008 0.591141
11541.8 28.009 3.64972e-008 0.609803
11817 28.6821 3.75568e-008 0.628458
12092.1 29.3552 3.84204e-008 0.647107
12367.3 30.0284 3.92345e-008 0.66575
12642.5 30.7016 4.04543e-008 0.684386
12917.7 31.3748 4.15032e-008 0.703016
13193 32.048 4.25023e-008 0.721639
13468.3 32.7213 4.35371e-008 0.740255
13743.5 33.3946 4.45591e-008 0.758866
14018.9 34.0679 4.56833e-008 0.77747
