274.535 0.221515 3.92352e-010 -0.131159
549.08 0.533999 8.4241e-010 -0.134901
823.636 0.846499 1.50265e-009 -0.138647
1098.2 1.15902 1.69557e-009 -0.142397
1372.78 1.47155 2.32598e-009 -0.146151
1647.37 1.7841 2.441e-009 -0.14991
1921.97 2.09666 3.02966e-009 -0.153672
2196.58 2.40925 3.45488e-009 -0.157439
2471.21 2.72185 3.9525e-009 -0.161209
2745.84 3.03446 4.52429e-009 -0.164984
3020.49 3.3471 4.77186e-009 -0.168764
3295.15 3.65975 5.49391e-009 -0.172547
3569.83 3.97242 5.51142e-009 -0.176335
3844.51 4.28511 6.28891e-009 -0.180126
4119.21 4.59782 6.77222e-009 -0.183923
4393.92 4.91054 7.25467e-009 -0.187723
4668.65 5.22329 7.7108e-009 -0.191528
4943.39 5.53605 8.27752e-009 -0.195337
5218.15 5.84883 8.77771e-009 -0.19915
5492.91 6.16163 9.27167e-009 -0.202968
5767.7 6.47445 9.7947e-009 -0.20679
6042.49 6.78729 1.02189e-008 -0.210616
6317.3 7.10015 1.07675e-008 -0.214447
6592.13 7.41303 1.13024e-008 -0.218282
6866.97 7.72593 1.18679e-008 -0.222122
7141.83 8.03885 1.23437e-008 -0.225966
7416.7 8.35179 1.30837e-008 -0.229815
7691.59 8.66475 1.33007e-008 -0.233668
7966.5 8.97773 1.39683e-008 -0.237525
8241.42 9.29074 1.45353e-008 -0.241387
8516.35 9.60376 1.51185e-008 -0.245254
8791.31 9.91681 1.56506e-008 -0.249125
9066.28 10.2299 1.63574e-008 -0.253001
9341.27 10.543 1.65661e-008 -0.256881
9616.27 10.8561 1.7166e-008 -0.260766
9891.29 11.1692 1.80568e-008 -0.264656
10166.3 11.4824 1.85107e-008 -0.26855
10441.4 11.7955 1.91029e-008 -0.272449
10716.5 12.1087 1.97107e-008 -0.276352
10991.6 12.422 2.09344e-008 -0.28026
11266.7 12.7352 2.10736e-008 -0.284173
11541.8 13.0485 2.15718e-008 -0.288091
11817 13.3618 2.21576e-008 -0.292013
12092.1 13.6751 2.27009e-008 -0.295941
12367.3 13.9884 2.32059e-008 -0.299873
12642.5 14.3018 2.39612e-008 -0.303809
12917.7 14.6152 2.46021e-008 -0.307751
13193 14.9286 2.52253e-008 -0.311697
13468.3 15.242 2.58783e-008 -0.315648
13743.5 15.5555 2.65062e-008 -0.319604
14018.9 15.869 2.7212e-008 -0.323565
