274.535 0.366079 -7.09475e-010 -0.154613
549.08 0.91975 -1.35885e-009 -0.14334
823.636 1.47344 -1.67175e-009 -0.132074
1098.2 2.02714 -2.75916e-009 -0.120815
1372.78 2.58086 -3.14105e-009 -0.109563
1647.37 3.1346 -4.37393e-009 -0.0983176
1921.97 3.68836 -4.88181e-009 -0.087079
2196.58 4.24213 -5.64014e-009 -0.0758472
2471.21 4.79592 -6.30585e-009 -0.0646222
2745.84 5.34973 -6.84652e-009 -0.0534039
3020.49 5.90356 -7.97025e-009 -0.0421924
3295.15 6.45741 -8.34216e-009 -0.0309877
3569.83 7.01128 -9.69018e-009 -0.0197898
3844.51 7.56516 -1.00785e-008 -0.00859858
4119.21 8.11906 -1.08474e-008 0.00258587
4393.92 8.67299 -1.16338e-008 0.0137636
4668.65 9.22693 -1.24953e-008 0.0249345
4943.39 9.78089 -1.3172e-008 0.0360988
5218.15 10.3349 -1.39521e-008 0.0472563
5492.91 10.8889 -1.47883e-008 0.0584071
5767.7 11.4429 -1.559e-008 0.0695512
6042.49 11.9969 -1.65405e-008 0.0806886
6317.3 12.551 -1.73214e-008 0.0918192
6592.13 13.1051 -1.8136e-008 0.102943
6866.97 13.6592 -1.89103e-008 0.114061
7141.83 14.2133 -1.98529e-008 0.125171
7416.7 14.7674 -2.03871e-008 0.136275
7691.59 15.3216 -2.17003e-008 0.147372
7966.5 15.8758 -2.2434e-008 0.158463
8241.42 16.43 -2.32845e-008 0.169547
8516.35 16.9842 -2.41077e-008 0.180624
8791.31 17.5385 -2.50528e-008 0.191695
9066.28 18.0928 -2.56847e-008 0.202759
9341.27 18.6471 -2.71115e-008 0.213816
9616.27 19.2014 -2.80713e-008 0.224867
9891.29 19.7557 -2.84564e-008 0.235911
10166.3 20.3101 -2.95985e-008 0.246949
10441.4 20.8645 -3.05183e-008 0.257979
10716.5 21.4189 -3.1527e-008 0.269004
10991.6 21.9733 -3.13755e-008 0.280021
11266.7 22.5278 -3.31347e-008 0.291032
11541.8 23.0822 -3.426e-008 0.302037
11817 23.6367 -3.51737e-008 0.313035
12092.1 24.1913 -3.62565e-008 0.324026
12367.3 24.7458 -3.73909e-008 0.335011
12642.5 25.3004 -3.81909e-008 0.345989
12917.7 25.855 -3.91505e-008 0.356961
13193 26.4096 -4.01631e-008 0.367926
13468.3 26.9643 -4.11528e-008 0.378885
13743.5 27.5189 -4.21671e-008 0.389837
14018.9 28.0736 -4.3111e-008 0.400782
