274.535 0.478155 6.32228e-010 -0.163652
549.08 1.2602 1.3713e-009 -0.137501
823.636 2.04225 2.58111e-009 -0.111356
1098.2 2.82432 2.75938e-009 -0.085217
1372.78 3.6064 3.94377e-009 -0.0590846
1647.37 4.38849 3.92226e-009 -0.0329584
1921.97 5.1706 4.91651e-009 -0.00683842
2196.58 5.95272 5.6019e-009 0.0192753
2471.21 6.73485 6.41739e-009 0.0453829
2745.84 7.517 7.39966e-009 0.0714842
3020.49 8.29916 7.62186e-009 0.0975793
3295.15 9.08133 8.84409e-009 0.123668
3569.83 9.86352 8.90389e-009 0.149751
3844.51 10.6457 1.01018e-008 0.175827
4119.21 11.4279 1.08607e-008 0.201898
4393.92 12.2102 1.16121e-008 0.227962
4668.65 12.9924 1.2226e-008 0.25402
4943.39 13.7747 1.31733e-008 0.280072
5218.15 14.5569 1.39986e-008 0.306117
5492.91 15.3392 1.4721e-008 0.332157
5767.7 16.1215 1.54836e-008 0.35819
6042.49 16.9038 1.61228e-008 0.384217
6317.3 17.6862 1.69668e-008 0.410238
6592.13 18.4685 1.77855e-008 0.436253
6866.97 19.2509 1.86762e-008 0.462262
7141.83 20.0332 1.93448e-008 0.488264
7416.7 20.8156 2.05505e-008 0.514261
7691.59 21.598 2.07731e-008 0.540251
7966.5 22.3804 2.17738e-008 0.566235
8241.42 23.1629 2.26125e-008 0.592214
8516.35 23.9453 2.35287e-008 0.618186
8791.31 24.7278 2.42702e-008 0.644151
9066.28 25.5103 2.54804e-008 0.670111
9341.27 26.2928 2.57277e-008 0.696065
9616.27 27.0753 2.64149e-008 0.722013
9891.29 27.8578 2.79243e-008 0.747954
10166.3 28.6403 2.84593e-008 0.77389
10441.4 29.4229 2.9329e-008 0.799819
10716.5 30.2055 3.00068e-008 0.825743
10991.6 30.9881 3.25111e-008 0.85166
11266.7 31.7707 3.20886e-008 0.877571
11541.8 32.5533 3.28393e-008 0.903476
11817 33.3359 3.37692e-008 0.929376
12092.1 34.1186 3.45004e-008 0.955269
12367.3 34.9013 3.51491e-008 0.981156
12642.5 35.6839 3.62997e-008 1.00704
12917.7 36.4666 3.72373e-008 1.03291
13193 37.2494 3.81083e-008 1.05878
13468.3 38.0321 3.90209e-008 1.08464
13743.5 38.8149 3.99186e-008 1.1105
14018.9 39.5976 4.09265e-008 1.13635
