274.535 0.29413 -5.24782e-010 -0.144952
549.08 0.722606 -1.00125e-009 -0.141426
823.636 1.1511 -1.21163e-009 -0.137906
1098.2 1.57961 -2.0463e-009 -0.134392
1372.78 2.00813 -2.32448e-009 -0.130885
1647.37 2.43668 -3.27222e-009 -0.127383
1921.97 2.86524 -3.63868e-009 -0.123887
2196.58 3.29382 -4.21636e-009 -0.120397
2471.21 3.72241 -4.71677e-009 -0.116914
2745.84 4.15103 -5.1244e-009 -0.113436
3020.49 4.57966 -5.98681e-009 -0.109965
3295.15 5.00831 -6.23975e-009 -0.1065
3569.83 5.43697 -7.35636e-009 -0.10304
3844.51 5.86566 -7.59957e-009 -0.0995871
4119.21 6.29437 -8.19257e-009 -0.09614
4393.92 6.72309 -8.79853e-009 -0.092699
4668.65 7.15184 -9.45624e-009 -0.089264
4943.39 7.5806 -9.98293e-009 -0.0858352
5218.15 8.00938 -1.05952e-008 -0.0824124
5492.91 8.43818 -1.12377e-008 -0.0789957
5767.7 8.86701 -1.18621e-008 -0.0755851
6042.49 9.29585 -1.26159e-008 -0.0721806
6317.3 9.72471 -1.32262e-008 -0.0687823
6592.13 10.1536 -1.38657e-008 -0.06539
6866.97 10.5825 -1.44758e-008 -0.0620038
7141.83 11.0114 -1.52191e-008 -0.0586237
7416.7 11.4404 -1.5634e-008 -0.0552497
7691.59 11.8693 -1.66982e-008 -0.0518818
7966.5 12.2983 -1.72629e-008 -0.04852
8241.42 12.7273 -1.79367e-008 -0.0451643
8516.35 13.1564 -1.85967e-008 -0.0418148
8791.31 13.5854 -1.93464e-008 -0.0384713
9066.28 14.0145 -1.98615e-008 -0.035134
9341.27 14.4436 -2.10361e-008 -0.0318027
9616.27 14.8727 -2.17625e-008 -0.0284776
9891.29 15.3019 -2.20782e-008 -0.0251586
10166.3 15.731 -2.29928e-008 -0.0218458
10441.4 16.1602 -2.37336e-008 -0.018539
10716.5 16.5894 -2.4512e-008 -0.0152384
10991.6 17.0187 -2.44342e-008 -0.0119439
11266.7 17.4479 -2.58173e-008 -0.00865556
11541.8 17.8772 -2.67404e-008 -0.00537333
11817 18.3065 -2.75059e-008 -0.00209722
12092.1 18.7359 -2.8385e-008 0.00117274
12367.3 19.1652 -2.93211e-008 0.00443657
12642.5 19.5946 -2.99613e-008 0.00769427
12917.7 20.024 -3.07507e-008 0.0109458
13193 20.4535 -3.15767e-008 0.0141912
13468.3 20.8829 -3.23829e-008 0.0174305
13743.5 21.3124 -3.32187e-008 0.0206636
14018.9 21.7419 -3.39912e-008 0.0238906
