274.535 0.491994 6.28057e-011 -0.132866
549.08 1.28906 1.51714e-011 -0.169218
823.636 2.08615 5.7242e-011 -0.205567
1098.2 2.88326 4.23591e-013 -0.241912
1372.78 3.6804 1.51172e-010 -0.278253
1647.37 4.47755 1.28649e-010 -0.314591
1921.97 5.27472 -4.6289e-011 -0.350925
2196.58 6.07191 2.55063e-011 -0.387256
2471.21 6.86912 1.53976e-011 -0.423583
2745.84 7.66636 8.03637e-011 -0.459906
3020.49 8.46361 2.32499e-011 -0.496226
3295.15 9.26089 -3.10959e-010 -0.532542
3569.83 10.0582 4.39044e-010 -0.568854
3844.51 10.8555 8.45037e-012 -0.605163
4119.21 11.6528 2.37874e-011 -0.641468
4393.92 12.4502 1.29668e-011 -0.677769
4668.65 13.2476 -3.51532e-011 -0.714067
4943.39 14.045 -1.13884e-011 -0.750361
5218.15 14.8424 3.13118e-011 -0.786651
5492.91 15.6399 -2.00586e-011 -0.822937
5767.7 16.4373 -3.71618e-012 -0.85922
6042.49 17.2348 -8.94406e-013 -0.895499
6317.3 18.0323 -2.9498e-012 -0.931774
6592.13 18.8299 6.71346e-012 -0.968045
6866.97 19.6274 2.00184e-011 -1.00431
7141.83 20.425 5.34004e-012 -1.04058
7416.7 21.2226 4.06164e-011 -1.07684
7691.59 22.0202 8.10335e-011 -1.11309
7966.5 22.8179 1.13454e-014 -1.14935
8241.42 23.6156 8.98341e-013 -1.18559
8516.35 24.4133 1.535e-011 -1.22184
8791.31 25.211 -3.7303e-011 -1.25808
9066.28 26.0087 7.48426e-011 -1.29432
9341.27 26.8065 2.52288e-010 -1.33055
9616.27 27.6043 4.58397e-011 -1.36678
9891.29 28.4021 5.99631e-011 -1.40301
10166.3 29.1999 7.38917e-013 -1.43923
10441.4 29.9977 5.51276e-012 -1.47544
10716.5 30.7956 -6.34871e-011 -1.51166
10991.6 31.5935 5.81136e-011 -1.54787
11266.7 32.3914 -1.08615e-010 -1.58407
11541.8 33.1894 3.85642e-011 -1.62028
11817 33.9874 1.13848e-011 -1.65647
12092.1 34.7854 2.46183e-013 -1.69267
12367.3 35.5834 4.2179e-010 -1.72886
12642.5 36.3814 -1.07028e-011 -1.76505
12917.7 37.1795 8.54139e-012 -1.80123
13193 37.9776 8.19591e-012 -1.83741
13468.3 38.7757 1.45049e-012 -1.87358
13743.5 39.5738 -6.34995e-013 -1.90975
14018.9 40.372 -5.7102e-011 -1.94592
