274.535 0.468328 3.78589e-010 -0.163652
549.08 1.22664 8.87573e-010 -0.137501
823.636 1.98497 1.85485e-009 -0.111356
1098.2 2.74331 1.81421e-009 -0.085217
1372.78 3.50166 2.75656e-009 -0.0590846
1647.37 4.26003 2.51373e-009 -0.0329584
1921.97 5.01841 3.27968e-009 -0.00683842
2196.58 5.77681 3.73267e-009 0.0192753
2471.21 6.53522 4.31582e-009 0.0453829
2745.84 7.29364 5.06097e-009 0.0714842
3020.49 8.05208 5.06444e-009 0.0975793
3295.15 8.81054 6.05724e-009 0.123668
3569.83 9.56901 5.87225e-009 0.149751
3844.51 10.3275 6.84745e-009 0.175827
4119.21 11.086 7.37492e-009 0.201898
4393.92 11.8445 7.89657e-009 0.227962
4668.65 12.603 8.28431e-009 0.25402
4943.39 13.3616 8.99735e-009 0.280072
5218.15 14.1201 9.58898e-009 0.306117
5492.91 14.8787 1.00854e-008 0.332157
5767.7 15.6373 1.06182e-008 0.35819
6042.49 16.3959 1.10282e-008 0.384217
6317.3 17.1545 1.1641e-008 0.410238
6592.13 17.9132 1.22289e-008 0.436253
6866.97 18.6718 1.28871e-008 0.462262
7141.83 19.4305 1.33287e-008 0.488264
7416.7 20.1892 1.42965e-008 0.514261
7691.59 20.9479 1.42975e-008 0.540251
7966.5 21.7066 1.50681e-008 0.566235
8241.42 22.4653 1.56767e-008 0.592214
8516.35 23.2241 1.63601e-008 0.618186
8791.31 23.9828 1.68752e-008 0.644151
9066.28 24.7416 1.78441e-008 0.670111
9341.27 25.5004 1.78716e-008 0.696065
9616.27 26.2592 1.83378e-008 0.722013
9891.29 27.0181 1.96022e-008 0.747954
10166.3 27.7769 1.99158e-008 0.77389
10441.4 28.5358 2.05552e-008 0.799819
10716.5 29.2947 2.10151e-008 0.825743
10991.6 30.0536 2.32475e-008 0.85166
11266.7 30.8125 2.26301e-008 0.877571
11541.8 31.5715 2.31503e-008 0.903476
11817 32.3304 2.38466e-008 0.929376
12092.1 33.0894 2.43514e-008 0.955269
12367.3 33.8484 2.47687e-008 0.981156
12642.5 34.6074 2.56923e-008 1.00704
12917.7 35.3664 2.6399e-008 1.03291
13193 36.1255 2.70416e-008 1.05878
13468.3 36.8845 2.77261e-008 1.08464
13743.5 37.6436 2.8395e-008 1.1105
14018.9 38.4027 2.9173e-008 1.13635
