274.535 0.2965 1.05854e-009 -0.0627069
549.08 0.715784 1.97659e-009 -0.0209894
823.636 1.1351 2.82759e-009 0.0207313
1098.2 1.55444 3.94851e-009 0.0624552
1372.78 1.97381 4.8579e-009 0.104182
1647.37 2.39321 6.18239e-009 0.145913
1921.97 2.81265 6.91812e-009 0.187646
2196.58 3.23211 8.01082e-009 0.229383
2471.21 3.6516 8.99567e-009 0.271122
2745.84 4.07113 1.00036e-008 0.312865
3020.49 4.49068 1.11429e-008 0.354611
3295.15 4.91027 1.17252e-008 0.39636
3569.83 5.32988 1.37339e-008 0.438113
3844.51 5.74953 1.42166e-008 0.479868
4119.21 6.16921 1.52974e-008 0.521627
4393.92 6.58892 1.63515e-008 0.563388
4668.65 7.00867 1.74141e-008 0.605153
4943.39 7.42844 1.84636e-008 0.646921
5218.15 7.84825 1.95938e-008 0.688692
5492.91 8.26809 2.0645e-008 0.730466
5767.7 8.68796 2.17302e-008 0.772243
6042.49 9.10787 2.29369e-008 0.814023
6317.3 9.52781 2.40313e-008 0.855807
6592.13 9.94778 2.51531e-008 0.897593
6866.97 10.3678 2.62665e-008 0.939382
7141.83 10.7878 2.7432e-008 0.981175
7416.7 11.2079 2.84576e-008 1.02297
7691.59 11.628 2.98675e-008 1.06477
7966.5 12.0482 3.08749e-008 1.10657
8241.42 12.4683 3.20263e-008 1.14837
8516.35 12.8885 3.31877e-008 1.19018
8791.31 13.3088 3.43444e-008 1.23199
9066.28 13.7291 3.55192e-008 1.27381
9341.27 14.1494 3.71005e-008 1.31562
9616.27 14.5697 3.80898e-008 1.35744
9891.29 14.9901 3.90836e-008 1.39927
10166.3 15.4106 4.03472e-008 1.44109
10441.4 15.831 4.15657e-008 1.48292
10716.5 16.2515 4.26642e-008 1.52475
10991.6 16.672 4.36128e-008 1.56659
11266.7 17.0926 4.49744e-008 1.60842
11541.8 17.5132 4.64143e-008 1.65026
11817 17.9339 4.77071e-008 1.69211
12092.1 18.3546 4.90083e-008 1.73395
12367.3 18.7753 5.05871e-008 1.7758
12642.5 19.196 5.15161e-008 1.81766
12917.7 19.6168 5.28022e-008 1.85951
13193 20.0377 5.40863e-008 1.90137
13468.3 20.4585 5.53478e-008 1.94323
13743.5 20.8794 5.66479e-008 1.98509
14018.9 21.3004 5.78828e-008 2.02696
