274.535 0.380575 -6.45424e-010 -0.0790495
549.08 0.946057 -1.45942e-009 -0.0410742
823.636 1.51157 -2.35006e-009 -0.00309697
1098.2 2.07711 -2.96008e-009 0.034882
1372.78 2.64268 -3.80494e-009 0.0728627
1647.37 3.20828 -4.18025e-009 0.110845
1921.97 3.77392 -5.30689e-009 0.148829
2196.58 4.33958 -5.98421e-009 0.186815
2471.21 4.90527 -6.81339e-009 0.224803
2745.84 5.471 -7.62299e-009 0.262792
3020.49 6.03675 -8.30162e-009 0.300783
3295.15 6.60254 -9.69255e-009 0.338776
3569.83 7.16835 -9.29069e-009 0.376771
3844.51 7.7342 -1.08249e-008 0.414767
4119.21 8.30008 -1.16246e-008 0.452764
4393.92 8.866 -1.24733e-008 0.490763
4668.65 9.43194 -1.33234e-008 0.528764
4943.39 9.99792 -1.42063e-008 0.566767
5218.15 10.5639 -1.50038e-008 0.60477
5492.91 11.13 -1.59156e-008 0.642776
5767.7 11.696 -1.67956e-008 0.680783
6042.49 12.2621 -1.75528e-008 0.718791
6317.3 12.8283 -1.84527e-008 0.756802
6592.13 13.3945 -1.93331e-008 0.794813
6866.97 13.9607 -2.02381e-008 0.832826
7141.83 14.5269 -2.10993e-008 0.87084
7416.7 15.0932 -2.21298e-008 0.908856
7691.59 15.6595 -2.27426e-008 0.946874
7966.5 16.2258 -2.38278e-008 0.984892
8241.42 16.7922 -2.47596e-008 1.02291
8516.35 17.3586 -2.56961e-008 1.06093
8791.31 17.9251 -2.66571e-008 1.09896
9066.28 18.4915 -2.75936e-008 1.13698
9341.27 19.058 -2.8095e-008 1.17501
9616.27 19.6246 -2.92713e-008 1.21303
9891.29 20.1912 -3.04782e-008 1.25106
10166.3 20.7578 -3.13876e-008 1.28909
10441.4 21.3245 -3.23539e-008 1.32712
10716.5 21.8911 -3.34687e-008 1.36515
10991.6 22.4579 -3.47769e-008 1.40319
11266.7 23.0246 -3.56324e-008 1.44122
11541.8 23.5914 -3.63813e-008 1.47926
11817 24.1583 -3.73564e-008 1.51729
12092.1 24.7251 -3.83144e-008 1.55533
12367.3 25.292 -3.8912e-008 1.59337
12642.5 25.859 -4.03844e-008 1.63141
12917.7 26.426 -4.14032e-008 1.66945
13193 26.993 -4.24361e-008 1.7075
13468.3 27.56 -4.35088e-008 1.74554
13743.5 28.1271 -4.45582e-008 1.78358
14018.9 28.6943 -4.56974e-008 1.82163
