274.535 0.563895 -2.1203e-009 -0.120538
549.08 1.56073 -4.37917e-009 -0.0999088
823.636 2.55756 -6.67683e-009 -0.0792831
1098.2 3.55439 -8.64814e-009 -0.058661
1372.78 4.55122 -1.08683e-008 -0.0380426
1647.37 5.54806 -1.23776e-008 -0.0174277
1921.97 6.54489 -1.51494e-008 0.00318347
2196.58 7.54172 -1.71133e-008 0.023791
2471.21 8.53856 -1.93171e-008 0.0443949
2745.84 9.53539 -2.14041e-008 0.0649951
3020.49 10.5322 -2.34455e-008 0.0855915
3295.15 11.5291 -2.65676e-008 0.106184
3569.83 12.5259 -2.66176e-008 0.126773
3844.51 13.5227 -3.00449e-008 0.147359
4119.21 14.5196 -3.21552e-008 0.16794
4393.92 15.5164 -3.43484e-008 0.188518
4668.65 16.5132 -3.65355e-008 0.209092
4943.39 17.5101 -3.87221e-008 0.229662
5218.15 18.5069 -4.08274e-008 0.250228
5492.91 19.5038 -4.30869e-008 0.270791
5767.7 20.5006 -4.52358e-008 0.291349
6042.49 21.4974 -4.72877e-008 0.311904
6317.3 22.4943 -4.94864e-008 0.332455
6592.13 23.4911 -5.16514e-008 0.353002
6866.97 24.488 -5.38398e-008 0.373545
7141.83 25.4848 -5.5985e-008 0.394084
7416.7 26.4816 -5.82772e-008 0.414619
7691.59 27.4785 -6.01707e-008 0.43515
7966.5 28.4753 -6.25398e-008 0.455678
8241.42 29.4722 -6.47291e-008 0.476201
8516.35 30.469 -6.69332e-008 0.49672
8791.31 31.4659 -6.91944e-008 0.517235
9066.28 32.4627 -7.13114e-008 0.537747
9341.27 33.4596 -7.2928e-008 0.558254
9616.27 34.4564 -7.55762e-008 0.578757
9891.29 35.4532 -7.7951e-008 0.599256
10166.3 36.4501 -8.01036e-008 0.619751
10441.4 37.4469 -8.22989e-008 0.640242
10716.5 38.4438 -8.46613e-008 0.660728
10991.6 39.4406 -8.74292e-008 0.681211
11266.7 40.4375 -8.93085e-008 0.701689
11541.8 41.4343 -9.12732e-008 0.722163
11817 42.4312 -9.33896e-008 0.742633
12092.1 43.428 -9.55557e-008 0.763099
12367.3 44.4249 -9.6849e-008 0.783561
12642.5 45.4217 -1.00033e-007 0.804018
12917.7 46.4186 -1.02236e-007 0.824472
13193 47.4154 -1.04458e-007 0.84492
13468.3 48.4123 -1.06714e-007 0.865365
13743.5 49.4091 -1.08942e-007 0.885805
14018.9 50.406 -1.11331e-007 0.906241
