274.535 0.07688 2.26443e-012 -0.0502679
549.08 0.179488 1.0631e-012 -0.0123396
823.636 0.282115 3.46301e-011 0.0255878
1098.2 0.38476 4.08775e-014 0.0635142
1372.78 0.487424 1.86001e-011 0.10144
1647.37 0.590108 3.46275e-012 0.139364
1921.97 0.692811 -1.7877e-012 0.177288
2196.58 0.795532 1.11088e-012 0.21521
2471.21 0.898273 5.57459e-012 0.253132
2745.84 1.00103 2.86738e-011 0.291053
3020.49 1.10381 -7.81168e-012 0.328973
3295.15 1.20661 -5.3852e-012 0.366891
3569.83 1.30943 1.19623e-011 0.404809
3844.51 1.41227 5.24672e-012 0.442726
4119.21 1.51513 7.79428e-012 0.480642
4393.92 1.61801 4.25094e-012 0.518557
4668.65 1.7209 -3.54701e-012 0.556472
4943.39 1.82382 5.65502e-012 0.594385
5218.15 1.92676 1.11448e-011 0.632297
5492.91 2.02972 3.76774e-012 0.670209
5767.7 2.13269 7.1048e-013 0.708119
6042.49 2.23569 -3.40716e-012 0.746029
6317.3 2.33871 4.80163e-013 0.783937
6592.13 2.44175 2.72904e-012 0.821845
6866.97 2.54481 9.00368e-012 0.859752
7141.83 2.64789 4.50571e-013 0.897658
7416.7 2.75099 2.94309e-011 0.935563
7691.59 2.85411 -7.01108e-012 0.973467
7966.5 2.95725 -8.52444e-014 1.01137
8241.42 3.06041 2.26598e-012 1.04927
8516.35 3.1636 7.61167e-012 1.08717
8791.31 3.2668 -3.34225e-013 1.12507
9066.28 3.37003 3.00425e-011 1.16297
9341.27 3.47327 -3.6765e-012 1.20087
9616.27 3.57654 -2.86472e-011 1.23877
9891.29 3.67983 1.93256e-011 1.27667
10166.3 3.78314 2.48839e-014 1.31456
10441.4 3.88647 1.7426e-012 1.35246
10716.5 3.98983 -2.05621e-011 1.39035
10991.6 4.0932 8.46734e-011 1.42824
11266.7 4.1966 -1.69922e-012 1.46614
11541.8 4.30002 -6.69689e-012 1.50403
11817 4.40346 8.27731e-012 1.54192
12092.1 4.50692 -5.59408e-013 1.57981
12367.3 4.6104 -2.99302e-012 1.6177
12642.5 4.71391 7.25729e-014 1.65558
12917.7 4.81744 4.47023e-012 1.69347
13193 4.92099 2.44808e-012 1.73136
13468.3 5.02456 7.53451e-013 1.76924
13743.5 5.12816 2.43681e-013 1.80713
14018.9 5.23178 4.75119e-012 1.84501
