274.535 0.0749295 8.3311e-010 -0.0860617
549.08 0.174819 1.65671e-009 -0.0980202
823.636 0.274727 2.56675e-009 -0.10998
1098.2 0.374654 3.28979e-009 -0.121941
1372.78 0.4746 4.20224e-009 -0.133904
1647.37 0.574564 4.87956e-009 -0.145868
1921.97 0.674548 5.80158e-009 -0.157833
2196.58 0.774551 6.63391e-009 -0.1698
2471.21 0.874574 7.50819e-009 -0.181768
2745.84 0.974615 8.41301e-009 -0.193738
3020.49 1.07468 9.19354e-009 -0.205709
3295.15 1.17476 1.01948e-008 -0.217682
3569.83 1.27486 1.08249e-008 -0.229657
3844.51 1.37498 1.188e-008 -0.241633
4119.21 1.47511 1.27732e-008 -0.253612
4393.92 1.57527 1.3675e-008 -0.265592
4668.65 1.67545 1.45795e-008 -0.277574
4943.39 1.77565 1.55192e-008 -0.289557
5218.15 1.87587 1.64327e-008 -0.301543
5492.91 1.97611 1.7359e-008 -0.313531
5767.7 2.07637 1.83087e-008 -0.32552
6042.49 2.17664 1.92026e-008 -0.337512
6317.3 2.27694 2.01642e-008 -0.349506
6592.13 2.37726 2.11237e-008 -0.361502
6866.97 2.4776 2.21001e-008 -0.3735
7141.83 2.57796 2.30445e-008 -0.3855
7416.7 2.67834 2.41082e-008 -0.397502
7691.59 2.77874 2.49109e-008 -0.409507
7966.5 2.87917 2.59888e-008 -0.421514
8241.42 2.97961 2.69912e-008 -0.433524
8516.35 3.08007 2.8001e-008 -0.445536
8791.31 3.18056 2.90019e-008 -0.45755
9066.28 3.28106 3.00657e-008 -0.469567
9341.27 3.38159 3.09238e-008 -0.481586
9616.27 3.48214 3.19732e-008 -0.493608
9891.29 3.58271 3.31461e-008 -0.505633
10166.3 3.6833 3.41349e-008 -0.51766
10441.4 3.78391 3.51842e-008 -0.52969
10716.5 3.88454 3.62667e-008 -0.541722
10991.6 3.98519 3.75956e-008 -0.553758
11266.7 4.08587 3.84585e-008 -0.565796
11541.8 4.18657 3.95223e-008 -0.577837
11817 4.28729 4.05408e-008 -0.589881
12092.1 4.38803 4.15969e-008 -0.601928
12367.3 4.48879 4.26391e-008 -0.613978
12642.5 4.58958 4.37995e-008 -0.626031
12917.7 4.69038 4.49093e-008 -0.638087
13193 4.79121 4.60169e-008 -0.650146
13468.3 4.89206 4.71462e-008 -0.662208
13743.5 4.99294 4.82649e-008 -0.674273
14018.9 5.09383 4.943e-008 -0.686342
