274.535 0.531948 7.49164e-011 -0.137046
549.08 1.43319 1.80799e-011 -0.174216
823.636 2.33444 7.05979e-011 -0.211382
1098.2 3.2357 4.92326e-013 -0.248544
1372.78 4.13698 1.8161e-010 -0.285703
1647.37 5.03826 1.53851e-010 -0.322858
1921.97 5.93956 -5.4826e-011 -0.360009
2196.58 6.84087 3.0048e-011 -0.397156
2471.21 7.74219 1.87086e-011 -0.434299
2745.84 8.64352 9.72716e-011 -0.471438
3020.49 9.54486 2.67097e-011 -0.508573
3295.15 10.4462 -3.67243e-010 -0.545705
3569.83 11.3476 5.25544e-010 -0.582832
3844.51 12.249 1.03866e-011 -0.619956
4119.21 13.1504 2.8432e-011 -0.657075
4393.92 14.0518 1.5811e-011 -0.694191
4668.65 14.9532 -4.21456e-011 -0.731303
4943.39 15.8546 -1.20634e-011 -0.76841
5218.15 16.756 3.81882e-011 -0.805514
5492.91 17.6575 -2.38867e-011 -0.842614
5767.7 18.559 -4.43505e-012 -0.87971
6042.49 19.4604 -1.1639e-012 -0.916802
6317.3 20.3619 -3.51501e-012 -0.95389
6592.13 21.2634 8.11172e-012 -0.990973
6866.97 22.1649 2.45829e-011 -1.02805
7141.83 23.0665 6.33422e-012 -1.06513
7416.7 23.968 4.939e-011 -1.1022
7691.59 24.8695 8.66865e-011 -1.13927
7966.5 25.7711 5.21119e-015 -1.17633
8241.42 26.6727 1.08163e-012 -1.21339
8516.35 27.5743 1.89859e-011 -1.25045
8791.31 28.4759 -4.42919e-011 -1.2875
9066.28 29.3775 9.09555e-011 -1.32455
9341.27 30.2791 2.90478e-010 -1.36159
9616.27 31.1808 4.68155e-011 -1.39863
9891.29 32.0824 7.2677e-011 -1.43566
10166.3 32.9841 8.75498e-013 -1.47269
10441.4 33.8857 6.69779e-012 -1.50972
10716.5 34.7874 -7.8476e-011 -1.54674
10991.6 35.6891 7.17256e-011 -1.58376
11266.7 36.5909 -1.28705e-010 -1.62077
11541.8 37.4926 4.23162e-011 -1.65778
11817 38.3943 1.40345e-011 -1.69479
12092.1 39.2961 2.47332e-013 -1.73179
12367.3 40.1978 5.03474e-010 -1.76879
12642.5 41.0996 -1.25337e-011 -1.80578
12917.7 42.0014 1.05918e-011 -1.84277
13193 42.9032 9.9237e-012 -1.87975
13468.3 43.8051 1.84286e-012 -1.91673
13743.5 44.7069 -7.06808e-013 -1.95371
14018.9 45.6087 -6.7975e-011 -1.99068
