274.535 0.0618075 1.18722e-009 -0.0860617
549.08 0.143408 2.35059e-009 -0.0980202
823.636 0.225028 3.59386e-009 -0.10998
1098.2 0.306666 4.66316e-009 -0.121941
1372.78 0.388323 5.91164e-009 -0.133904
1647.37 0.469999 6.9319e-009 -0.145868
1921.97 0.551694 8.19496e-009 -0.157833
2196.58 0.633408 9.36678e-009 -0.1698
2471.21 0.71514 1.05804e-008 -0.181768
2745.84 0.796892 1.18211e-008 -0.193738
3020.49 0.878663 1.29489e-008 -0.205709
3295.15 0.960453 1.42903e-008 -0.217682
3569.83 1.04226 1.52572e-008 -0.229657
3844.51 1.12409 1.66546e-008 -0.241633
4119.21 1.20594 1.7888e-008 -0.253612
4393.92 1.28781 1.91314e-008 -0.265592
4668.65 1.36969 2.03784e-008 -0.277574
4943.39 1.4516 2.16574e-008 -0.289557
5218.15 1.53352 2.2911e-008 -0.301543
5492.91 1.61547 2.41799e-008 -0.313531
5767.7 1.69744 2.54716e-008 -0.32552
6042.49 1.77942 2.67077e-008 -0.337512
6317.3 1.86143 2.80102e-008 -0.349506
6592.13 1.94345 2.93109e-008 -0.361502
6866.97 2.02549 3.06279e-008 -0.3735
7141.83 2.10756 3.19158e-008 -0.3855
7416.7 2.18964 3.33161e-008 -0.397502
7691.59 2.27175 3.44675e-008 -0.409507
7966.5 2.35387 3.58864e-008 -0.421514
8241.42 2.43602 3.72307e-008 -0.433524
8516.35 2.51818 3.85819e-008 -0.445536
8791.31 2.60037 3.99268e-008 -0.45755
9066.28 2.68258 4.13274e-008 -0.469567
9341.27 2.7648 4.25346e-008 -0.481586
9616.27 2.84705 4.39313e-008 -0.493608
9891.29 2.92932 4.54383e-008 -0.505633
10166.3 3.01161 4.67738e-008 -0.51766
10441.4 3.09392 4.81659e-008 -0.52969
10716.5 3.17625 4.95962e-008 -0.541722
10991.6 3.2586 5.12482e-008 -0.553758
11266.7 3.34097 5.24712e-008 -0.565796
11541.8 3.42336 5.38794e-008 -0.577837
11817 3.50577 5.52387e-008 -0.589881
12092.1 3.58821 5.66402e-008 -0.601928
12367.3 3.67066 5.80266e-008 -0.613978
12642.5 3.75314 5.95306e-008 -0.626031
12917.7 3.83564 6.09837e-008 -0.638087
13193 3.91816 6.24359e-008 -0.650146
13468.3 4.0007 6.39098e-008 -0.662208
13743.5 4.08326 6.53731e-008 -0.674273
14018.9 4.16584 6.6882e-008 -0.686342
