274.535 0.350144 2.51555e-010 -0.154613
549.08 0.874028 6.03205e-010 -0.14334
823.636 1.39793 1.29096e-009 -0.132074
1098.2 1.92185 1.24359e-009 -0.120815
1372.78 2.44578 1.89087e-009 -0.109563
1647.37 2.96973 1.72053e-009 -0.0983176
1921.97 3.49371 2.28207e-009 -0.087079
2196.58 4.01769 2.6022e-009 -0.0758472
2471.21 4.5417 3.02814e-009 -0.0646222
2745.84 5.06572 3.58599e-009 -0.0534039
3020.49 5.58977 3.59627e-009 -0.0421924
3295.15 6.11383 4.35824e-009 -0.0309877
3569.83 6.63791 4.14384e-009 -0.0197898
3844.51 7.16201 4.92243e-009 -0.00859858
4119.21 7.68613 5.32582e-009 0.00258587
4393.92 8.21027 5.72703e-009 0.0137636
4668.65 8.73442 6.06976e-009 0.0249346
4943.39 9.2586 6.6023e-009 0.0360988
5218.15 9.7828 7.04558e-009 0.0472563
5492.91 10.307 7.45346e-009 0.0584071
5767.7 10.8312 7.90579e-009 0.0695512
6042.49 11.3555 8.22298e-009 0.0806886
6317.3 11.8798 8.7208e-009 0.0918192
6592.13 12.4041 9.19858e-009 0.102943
6866.97 12.9284 9.7282e-009 0.114061
7141.83 13.4527 1.01089e-008 0.125171
7416.7 13.9771 1.08983e-008 0.136275
7691.59 14.5015 1.09424e-008 0.147372
7966.5 15.0259 1.15676e-008 0.158463
8241.42 15.5503 1.20899e-008 0.169547
8516.35 16.0748 1.26503e-008 0.180624
8791.31 16.5992 1.31085e-008 0.191695
9066.28 17.1237 1.38771e-008 0.202759
9341.27 17.6483 1.38894e-008 0.213816
9616.27 18.1728 1.43781e-008 0.224867
9891.29 18.6974 1.54288e-008 0.235911
10166.3 19.2219 1.57617e-008 0.246949
10441.4 19.7465 1.6321e-008 0.257979
10716.5 20.2712 1.68178e-008 0.269004
10991.6 20.7958 1.84295e-008 0.280021
11266.7 21.3205 1.82278e-008 0.291032
11541.8 21.8452 1.86354e-008 0.302037
11817 22.3699 1.92623e-008 0.313035
12092.1 22.8947 1.97426e-008 0.324026
12367.3 23.4195 2.01801e-008 0.335011
12642.5 23.9443 2.09676e-008 0.345989
12917.7 24.4691 2.16058e-008 0.356961
13193 24.9939 2.22071e-008 0.367926
13468.3 25.5188 2.28447e-008 0.378885
13743.5 26.0437 2.34703e-008 0.389837
14018.9 26.5686 2.41782e-008 0.400782
