274.535 0.203121 2.31616e-011 -0.131159
549.08 0.48674 6.81407e-011 -0.134901
823.636 0.770375 3.02179e-010 -0.138647
1098.2 1.05403 8.24528e-011 -0.142397
1372.78 1.33769 2.71479e-010 -0.146151
1647.37 1.62138 -4.97396e-011 -0.14991
1921.97 1.90508 8.90673e-011 -0.153672
2196.58 2.1888 5.186e-011 -0.157439
2471.21 2.47253 7.7521e-011 -0.161209
2745.84 2.75628 1.62015e-010 -0.164984
3020.49 3.04005 -6.71215e-011 -0.168764
3295.15 3.32384 1.56536e-010 -0.172547
3569.83 3.60765 -3.42275e-010 -0.176335
3844.51 3.89147 -7.71277e-011 -0.180126
4119.21 4.17531 -1.20754e-010 -0.183923
4393.92 4.45917 -1.72514e-010 -0.187723
4668.65 4.74305 -2.5768e-010 -0.191528
4943.39 5.02695 -2.48031e-010 -0.195337
5218.15 5.31086 -3.13274e-010 -0.19915
5492.91 5.5948 -3.88589e-010 -0.202968
5767.7 5.87875 -4.46175e-010 -0.20679
6042.49 6.16273 -6.11672e-010 -0.210616
6317.3 6.44672 -6.64328e-010 -0.214447
6592.13 6.73074 -7.39567e-010 -0.218282
6866.97 7.01477 -7.94857e-010 -0.222122
7141.83 7.29882 -9.44049e-010 -0.225966
7416.7 7.5829 -8.50218e-010 -0.229814
7691.59 7.86699 -1.26935e-009 -0.233668
7966.5 8.15111 -1.25861e-009 -0.237525
8241.42 8.43525 -1.35721e-009 -0.241387
8516.35 8.7194 -1.45036e-009 -0.245254
8791.31 9.00358 -1.59891e-009 -0.249125
9066.28 9.28778 -1.59558e-009 -0.253001
9341.27 9.572 -2.07755e-009 -0.256881
9616.27 9.85625 -2.18167e-009 -0.260766
9891.29 10.1405 -2.02681e-009 -0.264656
10166.3 10.4248 -2.29586e-009 -0.26855
10441.4 10.7091 -2.44349e-009 -0.272449
10716.5 10.9934 -2.57475e-009 -0.276352
10991.6 11.2778 -2.1467e-009 -0.28026
11266.7 11.5622 -2.74365e-009 -0.284173
11541.8 11.8466 -3.02082e-009 -0.288091
11817 12.131 -3.22643e-009 -0.292013
12092.1 12.4155 -3.47526e-009 -0.295941
12367.3 12.6999 -3.77471e-009 -0.299873
12642.5 12.9844 -3.83293e-009 -0.303809
12917.7 13.2689 -4.01656e-009 -0.307751
13193 13.5535 -4.22495e-009 -0.311697
13468.3 13.8381 -4.41286e-009 -0.315648
13743.5 14.1227 -4.63563e-009 -0.319604
14018.9 14.4073 -4.79132e-009 -0.323565
