274.535 0.240101 1.97445e-011 -0.0903696
549.08 0.570334 4.84562e-012 -0.116292
823.636 0.900593 1.52402e-011 -0.142212
1098.2 1.23088 1.57635e-013 -0.168131
1372.78 1.56119 4.52175e-011 -0.194049
1647.37 1.89153 3.98068e-011 -0.219964
1921.97 2.2219 -1.50005e-011 -0.245878
2196.58 2.55229 8.50344e-012 -0.271791
2471.21 2.88271 4.44867e-012 -0.297702
2745.84 3.21316 2.32992e-011 -0.323611
3020.49 3.54364 8.50672e-012 -0.349518
3295.15 3.87414 -1.02751e-010 -0.375424
3569.83 4.20467 1.38242e-010 -0.401328
3844.51 4.53523 2.33293e-012 -0.427231
4119.21 4.86582 7.51072e-012 -0.453132
4393.92 5.19644 3.6764e-012 -0.479031
4668.65 5.52709 -1.24434e-011 -0.504929
4943.39 5.85777 -5.52132e-012 -0.530825
5218.15 6.18847 8.84035e-012 -0.556719
5492.91 6.51921 -5.84726e-012 -0.582612
5767.7 6.84998 -1.05665e-012 -0.608503
6042.49 7.18077 -1.79439e-013 -0.634392
6317.3 7.5116 -9.60904e-013 -0.66028
6592.13 7.84246 2.00359e-012 -0.686166
6866.97 8.17334 5.4846e-012 -0.71205
7141.83 8.50426 1.69411e-012 -0.737933
7416.7 8.83521 1.1608e-011 -0.763814
7691.59 9.16619 3.7152e-011 -0.789693
7966.5 9.4972 1.40573e-014 -0.81557
8241.42 9.82824 2.61627e-013 -0.841446
8516.35 10.1593 4.09065e-012 -0.867321
8791.31 10.4904 -1.21043e-011 -0.893193
9066.28 10.8216 2.16748e-011 -0.919064
9341.27 11.1527 9.90355e-011 -0.944933
9616.27 11.4839 2.5113e-011 -0.9708
9891.29 11.8152 1.76119e-011 -0.996666
10166.3 12.1464 2.45557e-013 -1.02253
10441.4 12.4777 1.59977e-012 -1.04839
10716.5 12.8091 -1.62086e-011 -1.07425
10991.6 13.1404 1.32258e-011 -1.10011
11266.7 13.4718 -3.44001e-011 -1.12597
11541.8 13.8033 1.66256e-011 -1.15183
11817 14.1348 3.14718e-012 -1.17768
12092.1 14.4663 1.42551e-013 -1.20353
12367.3 14.7978 1.35995e-010 -1.22938
12642.5 15.1294 -3.65136e-012 -1.25523
12917.7 15.461 2.18899e-012 -1.28108
13193 15.7926 2.3857e-012 -1.30692
13468.3 16.1243 3.33608e-013 -1.33277
13743.5 16.456 -2.58898e-013 -1.35861
14018.9 16.7878 -1.82573e-011 -1.38445
