274.535 0.491994 -5.77837e-010 -0.106583
549.08 1.28906 -1.41757e-009 -0.0787786
823.636 2.08615 -2.31003e-009 -0.0509746
1098.2 2.88326 -2.90024e-009 -0.0231715
1372.78 3.6804 -3.73101e-009 0.00463064
1647.37 4.47755 -3.96561e-009 0.0324318
1921.97 5.27472 -5.22786e-009 0.060232
2196.58 6.07191 -5.84134e-009 0.0880312
2471.21 6.86912 -6.65964e-009 0.115829
2745.84 7.66636 -7.41114e-009 0.143626
3020.49 8.46361 -8.06145e-009 0.171423
3295.15 9.26089 -9.65175e-009 0.199218
3569.83 10.0582 -8.73061e-009 0.227011
3844.51 10.8555 -1.05283e-008 0.254804
4119.21 11.6528 -1.12812e-008 0.282596
4393.92 12.4502 -1.21042e-008 0.310387
4668.65 13.2476 -1.28944e-008 0.338176
4943.39 14.045 -1.37595e-008 0.365964
5218.15 14.8424 -1.45054e-008 0.393751
5492.91 15.6399 -1.54046e-008 0.421537
5767.7 16.4373 -1.62074e-008 0.449322
6042.49 17.2348 -1.69082e-008 0.477105
6317.3 18.0323 -1.77579e-008 0.504887
6592.13 18.8299 -1.85806e-008 0.532668
6866.97 19.6274 -1.94303e-008 0.560447
7141.83 20.425 -2.02292e-008 0.588225
7416.7 21.2226 -2.11931e-008 0.616002
7691.59 22.0202 -2.16826e-008 0.643778
7966.5 22.8179 -2.2771e-008 0.671552
8241.42 23.6156 -2.3629e-008 0.699325
8516.35 24.4133 -2.45008e-008 0.727096
8791.31 25.211 -2.5411e-008 0.754866
9066.28 26.0087 -2.62436e-008 0.782635
9341.27 26.8065 -2.66553e-008 0.810402
9616.27 27.6043 -2.77941e-008 0.838167
9891.29 28.4021 -2.89015e-008 0.865931
10166.3 29.1999 -2.97281e-008 0.893694
10441.4 29.9977 -3.06094e-008 0.921455
10716.5 30.7956 -3.16608e-008 0.949214
10991.6 31.5935 -3.30029e-008 0.976972
11266.7 32.3914 -3.36587e-008 1.00473
11541.8 33.1894 -3.43102e-008 1.03248
11817 33.9874 -3.51569e-008 1.06024
12092.1 34.7854 -3.6013e-008 1.08799
12367.3 35.5834 -3.62645e-008 1.11574
12642.5 36.3814 -3.78882e-008 1.14349
12917.7 37.1795 -3.8795e-008 1.17123
13193 37.9776 -3.9719e-008 1.19898
13468.3 38.7757 -4.06915e-008 1.22672
13743.5 39.5738 -4.16289e-008 1.25446
14018.9 40.372 -4.26929e-008 1.2822
