274.535 0.161482 -1.46513e-010 -0.0283035
549.08 0.374987 -3.67576e-010 0.0148538
823.636 0.588511 -6.39909e-010 0.0580172
1098.2 0.802055 -7.44403e-010 0.101187
1372.78 1.01562 -1.00494e-009 0.144362
1647.37 1.2292 -9.85617e-010 0.187544
1921.97 1.4428 -1.32852e-009 0.230732
2196.58 1.65643 -1.47499e-009 0.273926
2471.21 1.87007 -1.68582e-009 0.317126
2745.84 2.08373 -1.88812e-009 0.360332
3020.49 2.29741 -2.01223e-009 0.403545
3295.15 2.51112 -2.44469e-009 0.446764
3569.83 2.72484 -2.09134e-009 0.489989
3844.51 2.93859 -2.61282e-009 0.533221
4119.21 3.15235 -2.78958e-009 0.576459
4393.92 3.36614 -2.98227e-009 0.619704
4668.65 3.57995 -3.17468e-009 0.662955
4943.39 3.79378 -3.38468e-009 0.706212
5218.15 4.00763 -3.54179e-009 0.749476
5492.91 4.2215 -3.74344e-009 0.792746
5767.7 4.4354 -3.94976e-009 0.836024
6042.49 4.64931 -4.06952e-009 0.879307
6317.3 4.86325 -4.26679e-009 0.922597
6592.13 5.07722 -4.45149e-009 0.965894
6866.97 5.2912 -4.64551e-009 1.0092
7141.83 5.50521 -4.8084e-009 1.05251
7416.7 5.71924 -5.07208e-009 1.09583
7691.59 5.93329 -5.04477e-009 1.13915
7966.5 6.14737 -5.35715e-009 1.18248
8241.42 6.36147 -5.54582e-009 1.22582
8516.35 6.57559 -5.73134e-009 1.26916
8791.31 6.78974 -5.92267e-009 1.31251
9066.28 7.00391 -6.11322e-009 1.35587
9341.27 7.2181 -6.07119e-009 1.39924
9616.27 7.43232 -6.36198e-009 1.44261
9891.29 7.64656 -6.66874e-009 1.48599
10166.3 7.86083 -6.81216e-009 1.52937
10441.4 8.07512 -6.99144e-009 1.57277
10716.5 8.28944 -7.26123e-009 1.61617
10991.6 8.50378 -7.64765e-009 1.65957
11266.7 8.71815 -7.7056e-009 1.70299
11541.8 8.93254 -7.81083e-009 1.74641
11817 9.14696 -7.9088e-009 1.78984
12092.1 9.3614 -8.05778e-009 1.83328
12367.3 9.57587 -8.08012e-009 1.87672
12642.5 9.79036 -8.42972e-009 1.92017
12917.7 10.0049 -8.60306e-009 1.96363
13193 10.2194 -8.77759e-009 2.00709
13468.3 10.434 -8.97362e-009 2.05057
13743.5 10.6486 -9.13978e-009 2.09405
14018.9 10.8632 -9.36636e-009 2.13753
