274.535 0.07688 7.80472e-010 -0.0860617
549.08 0.179488 1.55357e-009 -0.0980202
823.636 0.282115 2.41408e-009 -0.10998
1098.2 0.38476 3.08565e-009 -0.121941
1372.78 0.487424 3.94814e-009 -0.133904
1647.37 0.590108 4.57448e-009 -0.145868
1921.97 0.692811 5.44581e-009 -0.157833
2196.58 0.795532 6.22767e-009 -0.1698
2471.21 0.898273 7.05151e-009 -0.181768
2745.84 1.00103 7.9064e-009 -0.193738
3020.49 1.10381 8.63531e-009 -0.205709
3295.15 1.20661 9.58601e-009 -0.217682
3569.83 1.30943 1.0166e-008 -0.229657
3844.51 1.41227 1.11702e-008 -0.241633
4119.21 1.51513 1.20129e-008 -0.253612
4393.92 1.61801 1.28639e-008 -0.265592
4668.65 1.7209 1.37175e-008 -0.277574
4943.39 1.82382 1.46068e-008 -0.289557
5218.15 1.92676 1.54697e-008 -0.301543
5492.91 2.02972 1.6345e-008 -0.313531
5767.7 2.13269 1.7244e-008 -0.32552
6042.49 2.23569 1.8087e-008 -0.337512
6317.3 2.33871 1.89979e-008 -0.349506
6592.13 2.44175 1.99067e-008 -0.361502
6866.97 2.54481 2.08324e-008 -0.3735
7141.83 2.64789 2.17258e-008 -0.3855
7416.7 2.75099 2.27395e-008 -0.397502
7691.59 2.85411 2.34903e-008 -0.409507
7966.5 2.95725 2.45175e-008 -0.421514
8241.42 3.06041 2.54691e-008 -0.433524
8516.35 3.1636 2.64282e-008 -0.445536
8791.31 3.2668 2.73779e-008 -0.45755
9066.28 3.37003 2.83917e-008 -0.469567
9341.27 3.47327 2.91979e-008 -0.481586
9616.27 3.57654 3.01956e-008 -0.493608
9891.29 3.67983 3.13189e-008 -0.505633
10166.3 3.78314 3.22561e-008 -0.51766
10441.4 3.88647 3.32544e-008 -0.52969
10716.5 3.98983 3.42853e-008 -0.541722
10991.6 4.0932 3.55662e-008 -0.553758
11266.7 4.1966 3.63756e-008 -0.565796
11541.8 4.30002 3.73881e-008 -0.577837
11817 4.40346 3.8356e-008 -0.589881
12092.1 4.50692 3.93607e-008 -0.601928
12367.3 4.6104 4.03518e-008 -0.613978
12642.5 4.71391 4.14611e-008 -0.626031
12917.7 4.81744 4.25198e-008 -0.638087
13193 4.92099 4.35763e-008 -0.650146
13468.3 5.02456 4.46543e-008 -0.662208
13743.5 5.12816 4.57218e-008 -0.674273
14018.9 5.23178 4.68358e-008 -0.686342
