274.535 0.425904 6.68003e-010 -0.160734
549.08 1.09454 1.42463e-009 -0.141806
823.636 1.76319 2.58928e-009 -0.122886
1098.2 2.43186 2.86036e-009 -0.103972
1372.78 3.10054 3.98489e-009 -0.0850656
1647.37 3.76924 4.09934e-009 -0.0661655
1921.97 4.43796 5.09299e-009 -0.0472722
2196.58 5.10669 5.80759e-009 -0.0283855
2471.21 5.77544 6.6412e-009 -0.00950564
2745.84 6.44421 7.63756e-009 0.00936752
3020.49 7.11299 7.95293e-009 0.028234
3295.15 7.78179 9.16295e-009 0.0470937
3569.83 8.45061 9.29563e-009 0.0659468
3844.51 9.11944 1.04958e-008 0.0847931
4119.21 9.7883 1.12914e-008 0.103633
4393.92 10.4572 1.2079e-008 0.122466
4668.65 11.1261 1.27694e-008 0.141292
4943.39 11.795 1.37245e-008 0.160112
5218.15 12.4639 1.45742e-008 0.178925
5492.91 13.1328 1.53509e-008 0.197731
5767.7 13.8018 1.61781e-008 0.216531
6042.49 14.4708 1.68662e-008 0.235324
6317.3 15.1398 1.77534e-008 0.25411
6592.13 15.8088 1.86174e-008 0.27289
6866.97 16.4778 1.95441e-008 0.291663
7141.83 17.1469 2.02819e-008 0.31043
7416.7 17.8159 2.1506e-008 0.32919
7691.59 18.485 2.18508e-008 0.347943
7966.5 19.1541 2.2873e-008 0.36669
8241.42 19.8233 2.3772e-008 0.38543
8516.35 20.4924 2.47278e-008 0.404164
8791.31 21.1616 2.55421e-008 0.422891
9066.28 21.8308 2.67565e-008 0.441612
9341.27 22.5 2.71077e-008 0.460326
9616.27 23.1692 2.78896e-008 0.479033
9891.29 23.8385 2.94006e-008 0.497734
10166.3 24.5077 3.00503e-008 0.516429
10441.4 25.177 3.09827e-008 0.535116
10716.5 25.8463 3.17917e-008 0.553798
10991.6 26.5157 3.40723e-008 0.572473
11266.7 27.185 3.39862e-008 0.591141
11541.8 27.8544 3.47502e-008 0.609803
11817 28.5238 3.57677e-008 0.628458
12092.1 29.1932 3.65905e-008 0.647107
12367.3 29.8627 3.73629e-008 0.66575
12642.5 30.5321 3.85416e-008 0.684386
12917.7 31.2016 3.95489e-008 0.703016
13193 31.8711 4.05067e-008 0.721639
13468.3 32.5406 4.15002e-008 0.740255
13743.5 33.2102 4.2481e-008 0.758866
14018.9 33.8798 4.35637e-008 0.77747
