274.535 0.143651 -8.00433e-011 -0.112137
549.08 0.34009 -1.33538e-010 -0.121622
823.636 0.536547 -5.01336e-011 -0.131109
1098.2 0.733022 -2.87047e-010 -0.140596
1372.78 0.929513 -2.23761e-010 -0.150086
1647.37 1.12602 -5.39987e-010 -0.159576
1921.97 1.32255 -5.00457e-010 -0.169068
2196.58 1.51909 -5.95156e-010 -0.178562
2471.21 1.71566 -6.37988e-010 -0.188057
2745.84 1.91224 -6.38444e-010 -0.197554
3020.49 2.10884 -8.56192e-010 -0.207052
3295.15 2.30546 -7.42552e-010 -0.216552
3569.83 2.50209 -1.17788e-009 -0.226054
3844.51 2.69875 -1.00841e-009 -0.235557
4119.21 2.89542 -1.08124e-009 -0.245063
4393.92 3.09211 -1.15527e-009 -0.25457
4668.65 3.28883 -1.24581e-009 -0.264078
4943.39 3.48556 -1.26963e-009 -0.273589
5218.15 3.68231 -1.34854e-009 -0.283102
5492.91 3.87908 -1.42605e-009 -0.292616
5767.7 4.07587 -1.47889e-009 -0.302133
6042.49 4.27268 -1.62212e-009 -0.311651
6317.3 4.46951 -1.67221e-009 -0.321172
6592.13 4.66636 -1.73557e-009 -0.330694
6866.97 4.86323 -1.7806e-009 -0.340219
7141.83 5.06012 -1.89092e-009 -0.349746
7416.7 5.25703 -1.81648e-009 -0.359275
7691.59 5.45396 -2.15162e-009 -0.368807
7966.5 5.65091 -2.10271e-009 -0.37834
8241.42 5.84789 -2.16152e-009 -0.387876
8516.35 6.04488 -2.21425e-009 -0.397414
8791.31 6.2419 -2.30008e-009 -0.406955
9066.28 6.43894 -2.27887e-009 -0.416498
9341.27 6.636 -2.59235e-009 -0.426043
9616.27 6.83308 -2.64662e-009 -0.435591
9891.29 7.03018 -2.49881e-009 -0.445141
10166.3 7.2273 -2.65485e-009 -0.454694
10441.4 7.42445 -2.72074e-009 -0.464249
10716.5 7.62162 -2.75653e-009 -0.473808
10991.6 7.81881 -2.38861e-009 -0.483368
11266.7 8.01602 -2.78129e-009 -0.492932
11541.8 8.21326 -2.90629e-009 -0.502498
11817 8.41052 -3.03209e-009 -0.512067
12092.1 8.6078 -3.15039e-009 -0.521638
12367.3 8.80511 -3.30147e-009 -0.531213
12642.5 9.00244 -3.27403e-009 -0.54079
12917.7 9.19979 -3.3351e-009 -0.55037
13193 9.39716 -3.41106e-009 -0.559953
13468.3 9.59456 -3.46616e-009 -0.569539
13743.5 9.79199 -3.54739e-009 -0.579128
14018.9 9.98943 -3.56787e-009 -0.588721
