274.535 0.530799 -7.24979e-010 -0.115951
549.08 1.42875 -1.73499e-009 -0.0927908
823.636 2.32671 -2.79007e-009 -0.0696331
1098.2 3.22469 -3.52907e-009 -0.0464776
1372.78 4.12268 -4.50995e-009 -0.0233245
1647.37 5.02068 -4.84713e-009 -0.000173806
1921.97 5.91869 -6.31725e-009 0.0229745
2196.58 6.81671 -7.06179e-009 0.0461205
2471.21 7.71475 -8.03069e-009 0.069264
2745.84 8.61279 -8.9031e-009 0.0924051
3020.49 9.51085 -9.70612e-009 0.115544
3295.15 10.4089 -1.15298e-008 0.13868
3569.83 11.307 -1.0554e-008 0.161814
3844.51 12.2051 -1.26114e-008 0.184945
4119.21 13.1032 -1.34961e-008 0.208073
4393.92 14.0013 -1.44607e-008 0.2312
4668.65 14.8995 -1.54047e-008 0.254323
4943.39 15.7976 -1.63852e-008 0.277444
5218.15 16.6958 -1.72647e-008 0.300563
5492.91 17.5939 -1.82952e-008 0.323679
5767.7 18.4921 -1.92235e-008 0.346792
6042.49 19.3903 -2.0055e-008 0.369902
6317.3 20.2885 -2.10329e-008 0.39301
6592.13 21.1867 -2.19791e-008 0.416116
6866.97 22.085 -2.2954e-008 0.439218
7141.83 22.9832 -2.38753e-008 0.462318
7416.7 23.8815 -2.49512e-008 0.485416
7691.59 24.7798 -2.55816e-008 0.50851
7966.5 25.678 -2.67794e-008 0.531602
8241.42 26.5763 -2.77517e-008 0.554691
8516.35 27.4746 -2.87434e-008 0.577777
8791.31 28.373 -2.97783e-008 0.600861
9066.28 29.2713 -3.07043e-008 0.623942
9341.27 30.1697 -3.11962e-008 0.647019
9616.27 31.068 -3.25012e-008 0.670095
9891.29 31.9664 -3.3703e-008 0.693167
10166.3 32.8648 -3.46387e-008 0.716236
10441.4 33.7632 -3.56267e-008 0.739303
10716.5 34.6616 -3.67943e-008 0.762366
10991.6 35.56 -3.82949e-008 0.785427
11266.7 36.4585 -3.90013e-008 0.808485
11541.8 37.3569 -3.97425e-008 0.831539
11817 38.2554 -4.06855e-008 0.854591
12092.1 39.1539 -4.16424e-008 0.87764
12367.3 40.0524 -4.18672e-008 0.900686
12642.5 40.9509 -4.37132e-008 0.923729
12917.7 41.8494 -4.47105e-008 0.946769
13193 42.7479 -4.57293e-008 0.969805
13468.3 43.6465 -4.6792e-008 0.992839
13743.5 44.5451 -4.78234e-008 1.01587
14018.9 45.4436 -4.89917e-008 1.0389
