274.535 0.312035 6.79122e-010 -0.0627069
549.08 0.757548 1.23395e-009 -0.0209894
823.636 1.20309 1.72492e-009 0.0207313
1098.2 1.64866 2.48234e-009 0.0624552
1372.78 2.09426 3.0356e-009 0.104182
1647.37 2.5399 3.99782e-009 0.145913
1921.97 2.98556 4.36605e-009 0.187646
2196.58 3.43125 5.0999e-009 0.229383
2471.21 3.87698 5.72307e-009 0.271122
2745.84 4.32273 6.37198e-009 0.312865
3020.49 4.76852 7.14798e-009 0.354611
3295.15 5.21434 7.35738e-009 0.39636
3569.83 5.66019 9.03101e-009 0.438113
3844.51 6.10607 9.13759e-009 0.479868
4119.21 6.55198 9.85779e-009 0.521627
4393.92 6.99792 1.05504e-008 0.563388
4668.65 7.4439 1.12503e-008 0.605153
4943.39 7.88991 1.19396e-008 0.646921
5218.15 8.33595 1.27103e-008 0.688692
5492.91 8.78203 1.33987e-008 0.730466
5767.7 9.22814 1.41235e-008 0.772243
6042.49 9.67428 1.49694e-008 0.814023
6317.3 10.1205 1.57029e-008 0.855807
6592.13 10.5667 1.64643e-008 0.897593
6866.97 11.0129 1.72173e-008 0.939382
7141.83 11.4592 1.80215e-008 0.981175
7416.7 11.9055 1.86876e-008 1.02297
7691.59 12.3518 1.97382e-008 1.06477
7966.5 12.7982 2.03821e-008 1.10657
8241.42 13.2446 2.11729e-008 1.14837
8516.35 13.6911 2.19742e-008 1.19018
8791.31 14.1376 2.27685e-008 1.23199
9066.28 14.5841 2.35867e-008 1.27381
9341.27 15.0306 2.48135e-008 1.31562
9616.27 15.4772 2.54353e-008 1.35744
9891.29 15.9239 2.60692e-008 1.39927
10166.3 16.3705 2.69702e-008 1.44109
10441.4 16.8172 2.78286e-008 1.48292
10716.5 17.264 2.85643e-008 1.52475
10991.6 17.7107 2.91571e-008 1.56659
11266.7 18.1575 3.01523e-008 1.60842
11541.8 18.6044 3.12373e-008 1.65026
11817 19.0513 3.21688e-008 1.69211
12092.1 19.4982 3.31095e-008 1.73395
12367.3 19.9451 3.43428e-008 1.7758
12642.5 20.3921 3.48967e-008 1.81766
12917.7 20.8392 3.58235e-008 1.85951
13193 21.2862 3.67474e-008 1.90137
13468.3 21.7334 3.76488e-008 1.94323
13743.5 22.1805 3.85888e-008 1.98509
14018.9 22.6277 3.94619e-008 2.02696
