274.535 0.203121 -6.86832e-011 -0.131159
549.08 0.48674 -5.59537e-011 -0.134901
823.636 0.770375 1.551e-010 -0.138647
1098.2 1.05403 -7.8346e-011 -0.142397
1372.78 1.33769 1.06225e-010 -0.146151
1647.37 1.62138 -2.10183e-010 -0.14991
1921.97 1.90508 -5.73004e-011 -0.153672
2196.58 2.1888 -7.11665e-011 -0.157439
2471.21 2.47253 -1.28983e-011 -0.161209
2745.84 2.75628 1.13469e-010 -0.164984
3020.49 3.04005 -6.45274e-011 -0.168764
3295.15 3.32384 2.19537e-010 -0.172547
3569.83 3.60765 -2.09598e-010 -0.176335
3844.51 3.89147 1.34492e-010 -0.180126
4119.21 4.17531 1.79077e-010 -0.183923
4393.92 4.45917 2.24799e-010 -0.187723
4668.65 4.74305 2.46385e-010 -0.191528
4943.39 5.02695 3.72057e-010 -0.195337
5218.15 5.31086 4.32109e-010 -0.19915
5492.91 5.5948 4.91362e-010 -0.202968
5767.7 5.87875 5.77618e-010 -0.20679
6042.49 6.16273 5.65237e-010 -0.210616
6317.3 6.44672 6.74974e-010 -0.214447
6592.13 6.73074 7.71404e-010 -0.218282
6866.97 7.01477 8.97062e-010 -0.222122
7141.83 7.29882 9.38097e-010 -0.225966
7416.7 7.5829 1.23144e-009 -0.229814
7691.59 7.86699 1.02109e-009 -0.233668
7966.5 8.15111 1.24991e-009 -0.237525
8241.42 8.43525 1.37867e-009 -0.241387
8516.35 8.7194 1.52216e-009 -0.245254
8791.31 9.00358 1.61954e-009 -0.249125
9066.28 9.28778 1.87809e-009 -0.253001
9341.27 9.572 1.66063e-009 -0.256881
9616.27 9.85625 1.83032e-009 -0.260766
9891.29 10.1405 2.26828e-009 -0.264656
10166.3 10.4248 2.29163e-009 -0.26855
10441.4 10.7091 2.44569e-009 -0.272449
10716.5 10.9934 2.62542e-009 -0.276352
10991.6 11.2778 3.37377e-009 -0.28026
11266.7 11.5622 3.10642e-009 -0.284173
11541.8 11.8466 3.16815e-009 -0.288091
11817 12.131 3.31076e-009 -0.292013
12092.1 12.4155 3.41946e-009 -0.295941
12367.3 12.6999 3.48685e-009 -0.299873
12642.5 12.9844 3.80478e-009 -0.303809
12917.7 13.2689 4.00663e-009 -0.307751
13193 13.5535 4.19302e-009 -0.311697
13468.3 13.8381 4.40922e-009 -0.315648
13743.5 14.1227 4.59989e-009 -0.319604
14018.9 14.4073 4.86696e-009 -0.323565
