274.535 0.427682 2.35087e-011 -0.128098
549.08 1.10005 8.46501e-012 -0.0407508
823.636 1.77243 2.64705e-010 0.0465886
1098.2 2.44482 -4.7442e-013 0.13392
1372.78 3.11723 1.87089e-010 0.221243
1647.37 3.78966 3.13765e-011 0.308558
1921.97 4.46211 -1.73699e-011 0.395865
2196.58 5.13457 1.04263e-011 0.483163
2471.21 5.80704 4.4535e-011 0.570454
2745.84 6.47954 2.13814e-010 0.657736
3020.49 7.15205 -6.59619e-011 0.745009
3295.15 7.82458 -6.49372e-011 0.832275
3569.83 8.49712 1.45484e-010 0.919532
3844.51 9.16969 4.02226e-011 1.00678
4119.21 9.84227 6.07691e-011 1.09402
4393.92 10.5149 3.77571e-011 1.18125
4668.65 11.1875 -3.80871e-011 1.26848
4943.39 11.8601 3.82902e-011 1.35569
5218.15 12.5328 9.44934e-011 1.4429
5492.91 13.2054 2.22202e-011 1.5301
5767.7 13.8781 2.66615e-012 1.61729
6042.49 14.5508 -2.29947e-011 1.70447
6317.3 15.2235 3.01541e-012 1.79164
6592.13 15.8963 2.00804e-011 1.87881
6866.97 16.5691 7.09417e-011 1.96597
7141.83 17.2418 3.67524e-012 2.05311
7416.7 17.9146 2.07081e-010 2.14025
7691.59 18.5874 -2.78983e-011 2.22738
7966.5 19.2603 -3.83158e-013 2.3145
8241.42 19.9331 1.24934e-011 2.40162
8516.35 20.606 6.33294e-011 2.48872
8791.31 21.2789 -3.64574e-012 2.57582
9066.28 21.9518 2.42525e-010 2.66291
9341.27 22.6248 -1.38665e-011 2.74998
9616.27 23.2977 -1.88682e-010 2.83705
9891.29 23.9707 1.61684e-010 2.92411
10166.3 24.6437 3.46956e-013 3.01117
10441.4 25.3167 1.46991e-011 3.09821
10716.5 25.9897 -2.03072e-010 3.18525
10991.6 26.6628 6.72117e-010 3.27227
11266.7 27.3359 -4.33277e-011 3.35929
11541.8 28.009 -5.98268e-011 3.4463
11817 28.6821 6.28597e-011 3.5333
12092.1 29.3552 -3.63968e-012 3.62029
12367.3 30.0284 3.69638e-012 3.70727
12642.5 30.7016 -7.29904e-013 3.79424
12917.7 31.3748 3.63666e-011 3.8812
13193 32.048 2.1081e-011 3.96816
13468.3 32.7213 5.78482e-012 4.05511
13743.5 33.3946 2.57286e-012 4.14204
14018.9 34.0679 3.14838e-011 4.22897
