274.535 0.5525 -2.2848e-009 -0.160474
549.08 1.54136 -4.34072e-009 -0.122049
823.636 2.53021 -5.78778e-009 -0.0836263
1098.2 3.51906 -8.56413e-009 -0.0452068
1372.78 4.5079 -1.00253e-008 -0.00678999
1647.37 5.49675 -1.30793e-008 0.0316241
1921.97 6.48559 -1.48763e-008 0.0700355
2196.58 7.47443 -1.70145e-008 0.108444
2471.21 8.46326 -1.90207e-008 0.14685
2745.84 9.45209 -2.08442e-008 0.185253
3020.49 10.4409 -2.35947e-008 0.223654
3295.15 11.4297 -2.52058e-008 0.262052
3569.83 12.4186 -2.79896e-008 0.300447
3844.51 13.4074 -2.96533e-008 0.338839
4119.21 14.3962 -3.1773e-008 0.377229
4393.92 15.385 -3.3913e-008 0.415615
4668.65 16.3738 -3.62215e-008 0.454
4943.39 17.3626 -3.81645e-008 0.492381
5218.15 18.3515 -4.02003e-008 0.53076
5492.91 19.3403 -4.24517e-008 0.569136
5767.7 20.3291 -4.46184e-008 0.607509
6042.49 21.3179 -4.69165e-008 0.64588
6317.3 22.3067 -4.90016e-008 0.684248
6592.13 23.2954 -5.11201e-008 0.722613
6866.97 24.2842 -5.31579e-008 0.760975
7141.83 25.273 -5.54789e-008 0.799335
7416.7 26.2618 -5.71625e-008 0.837692
7691.59 27.2506 -5.99305e-008 0.876047
7966.5 28.2394 -6.1969e-008 0.914398
8241.42 29.2281 -6.41162e-008 0.952747
8516.35 30.2169 -6.61572e-008 0.991094
8791.31 31.2057 -6.84459e-008 1.02944
9066.28 32.1945 -7.01311e-008 1.06778
9341.27 33.1832 -7.30584e-008 1.10612
9616.27 34.172 -7.53659e-008 1.14445
9891.29 35.1607 -7.67686e-008 1.18278
10166.3 36.1495 -7.9361e-008 1.22111
10441.4 37.1383 -8.15248e-008 1.25944
10716.5 38.127 -8.40384e-008 1.29777
10991.6 39.1158 -8.40274e-008 1.33609
11266.7 40.1045 -8.79775e-008 1.37441
11541.8 41.0933 -9.02292e-008 1.41272
11817 42.082 -9.23754e-008 1.45104
12092.1 43.0707 -9.47503e-008 1.48935
12367.3 44.0595 -9.7258e-008 1.52766
12642.5 45.0482 -9.9136e-008 1.56596
12917.7 46.0369 -1.01276e-007 1.60427
13193 47.0257 -1.03519e-007 1.64257
13468.3 48.0144 -1.05741e-007 1.68086
13743.5 49.0031 -1.07968e-007 1.71916
14018.9 49.9918 -1.10066e-007 1.75745
