274.535 0.531948 -6.94367e-010 -0.115951
549.08 1.43319 -1.67758e-009 -0.0927908
823.636 2.33444 -2.70521e-009 -0.0696331
1098.2 3.2357 -3.41757e-009 -0.0464776
1372.78 4.13698 -4.37037e-009 -0.0233245
1647.37 5.03826 -4.68065e-009 -0.000173806
1921.97 5.93956 -6.12481e-009 0.0229745
2196.58 6.84087 -6.84186e-009 0.0461205
2471.21 7.74219 -7.78374e-009 0.069264
2745.84 8.64352 -8.62865e-009 0.0924051
3020.49 9.54486 -9.40508e-009 0.115544
3295.15 10.4462 -1.12037e-008 0.13868
3569.83 11.3476 -1.01961e-008 0.161814
3844.51 12.249 -1.22293e-008 0.184945
4119.21 13.1504 -1.30869e-008 0.208073
4393.92 14.0518 -1.40245e-008 0.2312
4668.65 14.9532 -1.49418e-008 0.254323
4943.39 15.8546 -1.58952e-008 0.277444
5218.15 16.756 -1.67474e-008 0.300563
5492.91 17.6575 -1.77512e-008 0.323679
5767.7 18.559 -1.86525e-008 0.346792
6042.49 19.4604 -1.94571e-008 0.369902
6317.3 20.3619 -2.0408e-008 0.39301
6592.13 21.2634 -2.13271e-008 0.416116
6866.97 22.1649 -2.2275e-008 0.439218
7141.83 23.0665 -2.31695e-008 0.462318
7416.7 23.968 -2.42182e-008 0.485416
7691.59 24.8695 -2.48217e-008 0.50851
7966.5 25.7711 -2.59928e-008 0.531602
8241.42 26.6727 -2.69381e-008 0.554691
8516.35 27.5743 -2.79028e-008 0.577777
8791.31 28.4759 -2.89111e-008 0.600861
9066.28 29.3775 -2.98095e-008 0.623942
9341.27 30.2791 -3.02738e-008 0.647019
9616.27 31.1808 -3.15531e-008 0.670095
9891.29 32.0824 -3.27276e-008 0.693167
10166.3 32.9841 -3.36369e-008 0.716236
10441.4 33.8857 -3.4598e-008 0.739303
10716.5 34.7874 -3.57393e-008 0.762366
10991.6 35.6891 -3.72121e-008 0.785427
11266.7 36.5909 -3.78928e-008 0.808485
11541.8 37.4926 -3.86063e-008 0.831539
11817 38.3943 -3.95225e-008 0.854591
12092.1 39.2961 -4.04526e-008 0.87764
12367.3 40.1978 -4.0648e-008 0.900686
12642.5 41.0996 -4.24699e-008 0.923729
12917.7 42.0014 -4.34402e-008 0.946769
13193 42.9032 -4.44323e-008 0.969805
13468.3 43.8051 -4.54683e-008 0.992839
13743.5 44.7069 -4.64729e-008 1.01587
14018.9 45.6087 -4.76148e-008 1.0389
