274.535 0.145164 -5.42983e-010 -0.0283035
549.08 0.335137 -1.14011e-009 0.0148538
823.636 0.525128 -1.7906e-009 0.0580172
1098.2 0.715136 -2.27115e-009 0.101187
1372.78 0.905161 -2.91261e-009 0.144362
1647.37 1.0952 -3.27018e-009 0.187544
1921.97 1.28527 -3.98618e-009 0.230732
2196.58 1.47534 -4.51191e-009 0.273926
2471.21 1.66544 -5.0999e-009 0.317126
2745.84 1.85556 -5.68122e-009 0.360332
3020.49 2.04569 -6.18162e-009 0.403545
3295.15 2.23584 -6.98297e-009 0.446764
3569.83 2.42601 -7.02607e-009 0.489989
3844.51 2.6162 -7.91453e-009 0.533221
4119.21 2.80641 -8.46935e-009 0.576459
4393.92 2.99664 -9.03943e-009 0.619704
4668.65 3.18689 -9.60833e-009 0.662955
4943.39 3.37716 -1.01966e-008 0.706212
5218.15 3.56744 -1.07327e-008 0.749476
5492.91 3.75775 -1.1311e-008 0.792746
5767.7 3.94807 -1.18955e-008 0.836024
6042.49 4.13842 -1.23933e-008 0.879307
6317.3 4.32879 -1.29684e-008 0.922597
6592.13 4.51917 -1.35313e-008 0.965894
6866.97 4.70958 -1.41036e-008 1.0092
7141.83 4.90001 -1.46443e-008 1.05251
7416.7 5.09046 -1.52869e-008 1.09583
7691.59 5.28092 -1.56394e-008 1.13915
7966.5 5.47141 -1.63273e-008 1.18248
8241.42 5.66193 -1.68942e-008 1.22582
8516.35 5.85246 -1.74582e-008 1.26916
8791.31 6.04301 -1.80266e-008 1.31251
9066.28 6.23359 -1.85981e-008 1.35587
9341.27 6.42419 -1.89402e-008 1.39924
9616.27 6.61481 -1.96037e-008 1.44261
9891.29 6.80545 -2.02885e-008 1.48599
10166.3 6.99611 -2.0809e-008 1.52937
10441.4 7.1868 -2.13669e-008 1.57277
10716.5 7.37751 -2.20137e-008 1.61617
10991.6 7.56824 -2.27814e-008 1.65957
11266.7 7.75899 -2.3214e-008 1.70299
11541.8 7.94977 -2.37019e-008 1.74641
11817 8.14057 -2.41775e-008 1.78984
12092.1 8.3314 -2.4705e-008 1.83328
12367.3 8.52224 -2.51168e-008 1.87672
12642.5 8.71311 -2.58343e-008 1.92017
12917.7 8.90401 -2.6387e-008 1.96363
13193 9.09493 -2.69405e-008 2.00709
13468.3 9.28587 -2.75153e-008 2.05057
13743.5 9.47684 -2.80605e-008 2.09405
14018.9 9.66783 -2.86647e-008 2.13753
