274.535 0.523066 -9.3092e-010 -0.115951
549.08 1.3989 -2.1212e-009 -0.0927908
823.636 2.27475 -3.36093e-009 -0.0696331
1098.2 3.15061 -4.27914e-009 -0.0464776
1372.78 4.02649 -5.44895e-009 -0.0233245
1647.37 4.90238 -5.9671e-009 -0.000173807
1921.97 5.77829 -7.61184e-009 0.0229745
2196.58 6.65421 -8.54133e-009 0.0461205
2471.21 7.53014 -9.69199e-009 0.069264
2745.84 8.40609 -1.07494e-008 0.0924051
3020.49 9.28205 -1.17313e-008 0.115544
3295.15 10.158 -1.37238e-008 0.13868
3569.83 11.034 -1.29614e-008 0.161814
3844.51 11.91 -1.51818e-008 0.184945
4119.21 12.786 -1.62489e-008 0.208073
4393.92 13.6621 -1.73948e-008 0.2312
4668.65 14.5381 -1.85182e-008 0.254323
4943.39 15.4142 -1.96819e-008 0.277444
5218.15 16.2903 -2.07446e-008 0.300563
5492.91 17.1664 -2.19542e-008 0.323679
5767.7 18.0425 -2.30648e-008 0.346792
6042.49 18.9186 -2.40779e-008 0.369902
6317.3 19.7948 -2.52371e-008 0.39301
6592.13 20.6709 -2.63651e-008 0.416116
6866.97 21.5471 -2.7522e-008 0.439218
7141.83 22.4233 -2.86238e-008 0.462318
7416.7 23.2995 -2.98827e-008 0.485416
7691.59 24.1757 -3.06933e-008 0.50851
7966.5 25.0519 -3.20713e-008 0.531602
8241.42 25.9282 -3.32247e-008 0.554691
8516.35 26.8044 -3.43982e-008 0.577777
8791.31 27.6807 -3.56118e-008 0.600861
9066.28 28.557 -3.67239e-008 0.623942
9341.27 29.4333 -3.74016e-008 0.647019
9616.27 30.3096 -3.88791e-008 0.670095
9891.29 31.186 -4.02645e-008 0.693167
10166.3 32.0623 -4.13781e-008 0.716236
10441.4 32.9387 -4.25471e-008 0.739303
10716.5 33.8151 -4.38918e-008 0.762366
10991.6 34.6915 -4.55796e-008 0.785427
11266.7 35.5679 -4.6459e-008 0.808485
11541.8 36.4443 -4.73859e-008 0.831539
11817 37.3208 -4.85093e-008 0.854591
12092.1 38.1973 -4.9646e-008 0.87764
12367.3 39.0738 -5.00694e-008 0.900686
12642.5 39.9503 -5.20772e-008 0.923729
12917.7 40.8268 -5.32556e-008 0.946769
13193 41.7033 -5.44547e-008 0.969805
13468.3 42.5799 -5.56973e-008 0.992839
13743.5 43.4564 -5.69088e-008 1.01587
14018.9 44.333 -5.82548e-008 1.0389
