274.535 0.0749295 -8.58962e-010 -0.0860617
549.08 0.174819 -1.65036e-009 -0.0980202
823.636 0.274727 -2.36878e-009 -0.10998
1098.2 0.374654 -3.28767e-009 -0.121941
1372.78 0.4746 -4.03059e-009 -0.133904
1647.37 0.574564 -5.02209e-009 -0.145868
1921.97 0.674548 -5.78233e-009 -0.157833
2196.58 0.774551 -6.6457e-009 -0.1698
2471.21 0.874574 -7.48054e-009 -0.181768
2745.84 0.974615 -8.29827e-009 -0.193738
3020.49 1.07468 -9.25371e-009 -0.205709
3295.15 1.17476 -1.00018e-008 -0.217682
3569.83 1.27486 -1.11345e-008 -0.229657
3844.51 1.37498 -1.18556e-008 -0.241633
4119.21 1.47511 -1.2752e-008 -0.253612
4393.92 1.57527 -1.36531e-008 -0.265592
4668.65 1.67545 -1.4565e-008 -0.277574
4943.39 1.77565 -1.5455e-008 -0.289557
5218.15 1.87587 -1.63846e-008 -0.301543
5492.91 1.97611 -1.73148e-008 -0.313531
5767.7 2.07637 -1.82349e-008 -0.32552
6042.49 2.17664 -1.92241e-008 -0.337512
6317.3 2.27694 -2.0159e-008 -0.349506
6592.13 2.37726 -2.11094e-008 -0.361502
6866.97 2.4776 -2.20562e-008 -0.3735
7141.83 2.57796 -2.30483e-008 -0.3855
7416.7 2.67834 -2.39344e-008 -0.397502
7691.59 2.77874 -2.50949e-008 -0.409507
7966.5 2.87917 -2.59935e-008 -0.421514
8241.42 2.97961 -2.69809e-008 -0.433524
8516.35 3.08007 -2.79741e-008 -0.445536
8791.31 3.18056 -2.89896e-008 -0.45755
9066.28 3.28106 -2.99554e-008 -0.469567
9341.27 3.38159 -3.11402e-008 -0.481586
9616.27 3.48214 -3.21471e-008 -0.493608
9891.29 3.58271 -3.30436e-008 -0.505633
10166.3 3.6833 -3.41376e-008 -0.51766
10441.4 3.78391 -3.51843e-008 -0.52969
10716.5 3.88454 -3.62109e-008 -0.541722
10991.6 3.98519 -3.70045e-008 -0.553758
11266.7 4.08587 -3.82773e-008 -0.565796
11541.8 4.18657 -3.93625e-008 -0.577837
11817 4.28729 -4.05061e-008 -0.589881
12092.1 4.38803 -4.16255e-008 -0.601928
12367.3 4.48879 -4.27719e-008 -0.613978
12642.5 4.58958 -4.38133e-008 -0.626031
12917.7 4.69038 -4.49185e-008 -0.638087
13193 4.79121 -4.6039e-008 -0.650146
13468.3 4.89206 -4.71512e-008 -0.662208
13743.5 4.99294 -4.8287e-008 -0.674273
14018.9 5.09383 -4.93896e-008 -0.686342
