274.535 0.296408 -5.81354e-010 -0.144952
549.08 0.728756 -1.11167e-009 -0.141426
823.636 1.16112 -1.3742e-009 -0.137906
1098.2 1.5935 -2.26425e-009 -0.134392
1372.78 2.0259 -2.59493e-009 -0.130885
1647.37 2.45831 -3.59741e-009 -0.127383
1921.97 2.89075 -4.01791e-009 -0.123887
2196.58 3.3232 -4.64913e-009 -0.120397
2471.21 3.75566 -5.20304e-009 -0.116914
2745.84 4.18815 -5.66333e-009 -0.113436
3020.49 4.62065 -6.58118e-009 -0.109965
3295.15 5.05317 -6.88784e-009 -0.1065
3569.83 5.48571 -8.05671e-009 -0.10304
3844.51 5.91827 -8.35435e-009 -0.0995871
4119.21 6.35085 -9.0009e-009 -0.09614
4393.92 6.78345 -9.66068e-009 -0.092699
4668.65 7.21606 -1.03725e-008 -0.089264
4943.39 7.6487 -1.09524e-008 -0.0858352
5218.15 8.08135 -1.1618e-008 -0.0824124
5492.91 8.51403 -1.23147e-008 -0.0789957
5767.7 8.94672 -1.29928e-008 -0.0755851
6042.49 9.37943 -1.38003e-008 -0.0721806
6317.3 9.81217 -1.44642e-008 -0.0687823
6592.13 10.2449 -1.51572e-008 -0.06539
6866.97 10.6777 -1.58206e-008 -0.0620038
7141.83 11.1105 -1.66179e-008 -0.0586237
7416.7 11.5433 -1.70853e-008 -0.0552497
7691.59 11.9762 -1.82045e-008 -0.0518818
7966.5 12.409 -1.88227e-008 -0.04852
8241.42 12.8419 -1.955e-008 -0.0451643
8516.35 13.2748 -2.02632e-008 -0.0418148
8791.31 13.7077 -2.1067e-008 -0.0384713
9066.28 14.1407 -2.16341e-008 -0.035134
9341.27 14.5737 -2.28639e-008 -0.0318027
9616.27 15.0066 -2.3645e-008 -0.0284776
9891.29 15.4397 -2.40121e-008 -0.0251586
10166.3 15.8727 -2.49812e-008 -0.0218458
10441.4 16.3058 -2.57756e-008 -0.018539
10716.5 16.7389 -2.6609e-008 -0.0152384
10991.6 17.172 -2.65791e-008 -0.0119439
11266.7 17.6051 -2.80203e-008 -0.00865556
11541.8 18.0383 -2.8997e-008 -0.00537333
11817 18.4714 -2.98153e-008 -0.00209723
12092.1 18.9047 -3.07484e-008 0.00117274
12367.3 19.3379 -3.17379e-008 0.00443657
12642.5 19.7711 -3.24317e-008 0.00769427
12917.7 20.2044 -3.32744e-008 0.0109458
13193 20.6377 -3.4154e-008 0.0141912
13468.3 21.0711 -3.50138e-008 0.0174305
13743.5 21.5044 -3.59031e-008 0.0206636
14018.9 21.9378 -3.6729e-008 0.0238906
