168.076 -3.36165e-007 0.0550312 -0.101356
336.153 -1.34468e-006 0.110062 -0.142259
504.229 -3.02552e-006 0.165094 -0.183164
672.306 -5.37864e-006 0.220125 -0.224068
840.382 -8.40428e-006 0.275156 -0.264973
1008.46 -1.2102e-005 0.330187 -0.305878
1176.53 -1.64722e-005 0.385219 -0.346783
1344.61 -2.15147e-005 0.44025 -0.387689
1512.69 -2.72296e-005 0.495281 -0.428595
1680.76 -3.36168e-005 0.550312 -0.469502
1848.84 -4.06764e-005 0.605343 -0.510409
2016.92 -4.84081e-005 0.660375 -0.551316
2184.99 -5.68123e-005 0.715406 -0.592223
2353.07 -6.58889e-005 0.770437 -0.633131
2521.15 -7.56373e-005 0.825468 -0.67404
2689.22 -8.6059e-005 0.8805 -0.714948
2857.3 -9.71528e-005 0.935531 -0.755857
3025.38 -0.000108919 0.990562 -0.796767
3193.45 -0.000121357 1.04559 -0.837676
3361.53 -0.000134467 1.10062 -0.878586
3529.6 -0.00014825 1.15566 -0.919497
3697.68 -0.000162705 1.21069 -0.960407
3865.76 -0.000177833 1.26572 -1.00132
4033.83 -0.000193633 1.32075 -1.04223
4201.91 -0.000210105 1.37578 -1.08314
4369.99 -0.00022725 1.43081 -1.12405
4538.06 -0.000245067 1.48584 -1.16497
4706.14 -0.000263556 1.54087 -1.20588
4874.22 -0.000282718 1.59591 -1.24679
5042.29 -0.000302552 1.65094 -1.28771
5210.37 -0.000323058 1.70597 -1.32862
5378.45 -0.000344237 1.761 -1.36953
5546.52 -0.000366088 1.81603 -1.41045
5714.6 -0.000388611 1.87106 -1.45136
5882.67 -0.000411807 1.92609 -1.49228
6050.75 -0.000435675 1.98112 -1.53319
6218.83 -0.000460215 2.03616 -1.57411
6386.9 -0.000485428 2.09119 -1.61503
6554.98 -0.000511313 2.14622 -1.65594
6723.06 -0.000537871 2.20125 -1.69686
6891.13 -0.000565101 2.25628 -1.73778
7059.21 -0.000593003 2.31131 -1.7787
7227.29 -0.000621577 2.36634 -1.81961
7395.36 -0.000650824 2.42137 -1.86053
7563.44 -0.000680743 2.4764 -1.90145
7731.52 -0.000711335 2.53144 -1.94237
7899.59 -0.000742599 2.58647 -1.98329
8067.67 -0.000774535 2.6415 -2.02421
8235.74 -0.000807144 2.69653 -2.06513
8403.82 -0.000840425 2.75156 -2.10605
8571.9 -0.000874379 2.80659 -2.14697
