168.076 -1.63669e-006 0.590402 -0.0621451
336.153 -6.54672e-006 1.1808 0.023599
504.229 -1.47301e-005 1.7712 0.109343
672.306 -2.61871e-005 2.36161 0.195087
840.382 -4.09168e-005 2.95201 0.28083
1008.46 -5.89206e-005 3.54241 0.366574
1176.53 -8.01976e-005 4.13281 0.452317
1344.61 -0.000104748 4.72321 0.538061
1512.69 -0.000132572 5.31361 0.623804
1680.76 -0.000163669 5.90402 0.709547
1848.84 -0.000198039 6.49442 0.79529
2016.92 -0.000235683 7.08482 0.881032
2184.99 -0.0002766 7.67522 0.966775
2353.07 -0.000320791 8.26562 1.05252
2521.15 -0.000368256 8.85602 1.13826
2689.22 -0.000418992 9.44643 1.224
2857.3 -0.000473003 10.0368 1.30974
3025.38 -0.000530288 10.6272 1.39549
3193.45 -0.000590846 11.2176 1.48123
3361.53 -0.000654677 11.808 1.56697
3529.6 -0.000721782 12.3984 1.65271
3697.68 -0.00079216 12.9888 1.73845
3865.76 -0.000865812 13.5792 1.82419
4033.83 -0.000942737 14.1696 1.90993
4201.91 -0.00102294 14.76 1.99568
4369.99 -0.00110641 15.3504 2.08142
4538.06 -0.00119315 15.9408 2.16716
4706.14 -0.00128317 16.5312 2.2529
4874.22 -0.00137646 17.1216 2.33864
5042.29 -0.00147303 17.712 2.42438
5210.37 -0.00157287 18.3024 2.51012
5378.45 -0.00167599 18.8929 2.59586
5546.52 -0.00178237 19.4833 2.6816
5714.6 -0.00189203 20.0737 2.76734
5882.67 -0.00200497 20.6641 2.85308
6050.75 -0.00212118 21.2545 2.93882
6218.83 -0.00224066 21.8449 3.02456
6386.9 -0.00236342 22.4353 3.11029
6554.98 -0.00248945 23.0257 3.19603
6723.06 -0.00261875 23.6161 3.28177
6891.13 -0.00275133 24.2065 3.36751
7059.21 -0.00288718 24.7969 3.45325
7227.29 -0.0030263 25.3873 3.53899
7395.36 -0.0031687 25.9777 3.62473
7563.44 -0.00331437 26.5681 3.71047
7731.52 -0.00346332 27.1585 3.7962
7899.59 -0.00361554 27.7489 3.88194
8067.67 -0.00377103 28.3393 3.96768
8235.74 -0.0039298 28.9297 4.05342
8403.82 -0.00409184 29.5201 4.13915
8571.9 -0.00425716 30.1105 4.22489
