168.076 1.01995e-006 0.237928 -0.0378874
336.153 4.07984e-006 0.475855 0.0286918
504.229 9.17964e-006 0.713783 0.0952706
672.306 1.63192e-005 0.95171 0.161849
840.382 2.54991e-005 1.18964 0.228427
1008.46 3.67184e-005 1.42757 0.295005
1176.53 4.99779e-005 1.66549 0.361582
1344.61 6.52772e-005 1.90342 0.42816
1512.69 8.26165e-005 2.14135 0.494736
1680.76 0.000101996 2.37928 0.561313
1848.84 0.000123415 2.6172 0.627889
2016.92 0.000146874 2.85513 0.694465
2184.99 0.000172373 3.09306 0.76104
2353.07 0.000199912 3.33099 0.827615
2521.15 0.00022949 3.56891 0.89419
2689.22 0.000261109 3.80684 0.960764
2857.3 0.000294769 4.04477 1.02734
3025.38 0.000330467 4.2827 1.09391
3193.45 0.000368205 4.52062 1.16048
3361.53 0.000407984 4.75855 1.22706
3529.6 0.000449803 4.99648 1.29363
3697.68 0.000493661 5.23441 1.3602
3865.76 0.000539559 5.47233 1.42677
4033.83 0.000587498 5.71026 1.49335
4201.91 0.000637476 5.94819 1.55992
4369.99 0.000689495 6.18612 1.62649
4538.06 0.000743552 6.42404 1.69306
4706.14 0.000799651 6.66197 1.75963
4874.22 0.00085779 6.8999 1.8262
5042.29 0.000917968 7.13783 1.89277
5210.37 0.000980186 7.37575 1.95934
5378.45 0.00104444 7.61368 2.02591
5546.52 0.00111074 7.85161 2.09247
5714.6 0.00117908 8.08954 2.15904
5882.67 0.00124946 8.32746 2.22561
6050.75 0.00132188 8.56539 2.29218
6218.83 0.00139634 8.80332 2.35874
6386.9 0.00147283 9.04125 2.42531
6554.98 0.00155137 9.27917 2.49188
6723.06 0.00163195 9.5171 2.55844
6891.13 0.00171457 9.75503 2.62501
7059.21 0.00179923 9.99296 2.69157
7227.29 0.00188593 10.2309 2.75814
7395.36 0.00197467 10.4688 2.8247
7563.44 0.00206545 10.7067 2.89127
7731.52 0.00215827 10.9447 2.95783
7899.59 0.00225312 11.1826 3.0244
8067.67 0.00235002 11.4205 3.09096
8235.74 0.00244896 11.6584 3.15752
8403.82 0.00254994 11.8964 3.22408
8571.9 0.00265296 12.1343 3.29065
