168.076 1.77615e-006 1 -0.253764
336.153 7.10456e-006 2 -0.343335
504.229 1.59853e-005 3 -0.432907
672.306 2.84184e-005 4 -0.522478
840.382 4.44033e-005 5 -0.61205
1008.46 6.39415e-005 6 -0.701621
1176.53 8.70312e-005 7 -0.791193
1344.61 0.000113673 8 -0.880764
1512.69 0.000143868 9 -0.970336
1680.76 0.000177615 10 -1.05991
1848.84 0.000214914 11 -1.14948
2016.92 0.000255765 12 -1.23905
2184.99 0.000300169 13 -1.32862
2353.07 0.000348125 14 -1.41819
2521.15 0.000399635 15 -1.50777
2689.22 0.000454694 16 -1.59734
2857.3 0.000513307 17 -1.68691
3025.38 0.000575473 18 -1.77648
3193.45 0.000641191 19 -1.86605
3361.53 0.000710462 20 -1.95562
3529.6 0.000783284 21 -2.0452
3697.68 0.000859659 22 -2.13477
3865.76 0.000939587 23 -2.22434
4033.83 0.00102307 24 -2.31391
4201.91 0.0011101 25 -2.40348
4369.99 0.00120068 26 -2.49305
4538.06 0.00129482 27 -2.58263
4706.14 0.00139251 28 -2.6722
4874.22 0.00149375 29 -2.76177
5042.29 0.00159855 30 -2.85134
5210.37 0.0017069 31 -2.94091
5378.45 0.0018188 32 -3.03049
5546.52 0.00193425 33 -3.12006
5714.6 0.00205326 34 -3.20963
5882.67 0.00217581 35 -3.2992
6050.75 0.00230192 36 -3.38877
6218.83 0.00243159 37 -3.47835
6386.9 0.0025648 38 -3.56792
6554.98 0.00270157 39 -3.65749
6723.06 0.00284189 40 -3.74706
6891.13 0.00298577 41 -3.83663
7059.21 0.0031332 42 -3.9262
7227.29 0.00328418 43 -4.01578
7395.36 0.00343871 44 -4.10535
7563.44 0.00359679 45 -4.19492
7731.52 0.00375843 46 -4.28449
7899.59 0.00392362 47 -4.37406
8067.67 0.00409237 48 -4.46364
8235.74 0.00426467 49 -4.55321
8403.82 0.00444052 50 -4.64278
8571.9 0.00461992 51 -4.73235
