168.076 -1.76385e-006 0.863345 -0.161771
336.153 -7.05541e-006 1.72669 -0.161771
504.229 -1.58747e-005 2.59004 -0.161771
672.306 -2.82217e-005 3.45338 -0.161771
840.382 -4.40963e-005 4.31673 -0.161771
1008.46 -6.34985e-005 5.18007 -0.161771
1176.53 -8.64288e-005 6.04342 -0.161771
1344.61 -0.000112887 6.90676 -0.161771
1512.69 -0.000142872 7.77011 -0.161771
1680.76 -0.000176385 8.63345 -0.161771
1848.84 -0.000213426 9.4968 -0.161771
2016.92 -0.000253995 10.3601 -0.161771
2184.99 -0.000298092 11.2235 -0.161771
2353.07 -0.000345716 12.0868 -0.161771
2521.15 -0.000396868 12.9502 -0.161771
2689.22 -0.000451548 13.8135 -0.161771
2857.3 -0.000509755 14.6769 -0.161771
3025.38 -0.00057149 15.5402 -0.161771
3193.45 -0.000636754 16.4036 -0.161771
3361.53 -0.000705544 17.2669 -0.161771
3529.6 -0.000777863 18.1303 -0.161771
3697.68 -0.00085371 18.9936 -0.161771
3865.76 -0.000933084 19.8569 -0.161771
4033.83 -0.00101599 20.7203 -0.161771
4201.91 -0.00110242 21.5836 -0.161771
4369.99 -0.00119237 22.447 -0.161771
4538.06 -0.00128586 23.3103 -0.161771
4706.14 -0.00138287 24.1737 -0.161771
4874.22 -0.00148342 25.037 -0.161771
5042.29 -0.00158749 25.9004 -0.161771
5210.37 -0.00169508 26.7637 -0.161771
5378.45 -0.00180621 27.627 -0.161771
5546.52 -0.00192086 28.4904 -0.161771
5714.6 -0.00203904 29.3537 -0.161771
5882.67 -0.00216075 30.2171 -0.161771
6050.75 -0.00228599 31.0804 -0.161771
6218.83 -0.00241476 31.9438 -0.161771
6386.9 -0.00254705 32.8071 -0.161771
6554.98 -0.00268287 33.6705 -0.161771
6723.06 -0.00282222 34.5338 -0.161771
6891.13 -0.0029651 35.3972 -0.161771
7059.21 -0.00311151 36.2605 -0.161771
7227.29 -0.00326144 37.1238 -0.161771
7395.36 -0.00341491 37.9872 -0.161771
7563.44 -0.0035719 38.8505 -0.161771
7731.52 -0.00373242 39.7139 -0.161771
7899.59 -0.00389647 40.5772 -0.161771
8067.67 -0.00406404 41.4406 -0.161771
8235.74 -0.00423515 42.3039 -0.161771
8403.82 -0.00440978 43.1673 -0.161771
8571.9 -0.00458794 44.0306 -0.161771
