168.076 7.16734e-007 0.144588 -0.13915
336.153 2.86691e-006 0.289177 -0.194335
504.229 6.45056e-006 0.433765 -0.249519
672.306 1.14677e-005 0.578353 -0.304704
840.382 1.79181e-005 0.722941 -0.35989
1008.46 2.58024e-005 0.86753 -0.415076
1176.53 3.51198e-005 1.01212 -0.470262
1344.61 4.58708e-005 1.15671 -0.525449
1512.69 5.80552e-005 1.30129 -0.580636
1680.76 7.1673e-005 1.44588 -0.635823
1848.84 8.67243e-005 1.59047 -0.691011
2016.92 0.000103209 1.73506 -0.746199
2184.99 0.000121128 1.87965 -0.801387
2353.07 0.000140479 2.02424 -0.856576
2521.15 0.000161265 2.16882 -0.911765
2689.22 0.000183483 2.31341 -0.966955
2857.3 0.000207135 2.458 -1.02214
3025.38 0.000232221 2.60259 -1.07733
3193.45 0.00025874 2.74718 -1.13253
3361.53 0.000286693 2.89177 -1.18772
3529.6 0.000316079 3.03635 -1.24291
3697.68 0.000346898 3.18094 -1.2981
3865.76 0.000379151 3.32553 -1.35329
4033.83 0.000412838 3.47012 -1.40848
4201.91 0.000447958 3.61471 -1.46368
4369.99 0.000484511 3.75929 -1.51887
4538.06 0.000522499 3.90388 -1.57406
4706.14 0.000561919 4.04847 -1.62926
4874.22 0.000602772 4.19306 -1.68445
5042.29 0.00064506 4.33765 -1.73965
5210.37 0.000688781 4.48224 -1.79484
5378.45 0.000733936 4.62682 -1.85004
5546.52 0.000780524 4.77141 -1.90523
5714.6 0.000828545 4.916 -1.96043
5882.67 0.000878 5.06059 -2.01563
6050.75 0.000928889 5.20518 -2.07082
6218.83 0.000981211 5.34977 -2.12602
6386.9 0.00103497 5.49435 -2.18122
6554.98 0.00109016 5.63894 -2.23642
6723.06 0.00114678 5.78353 -2.29162
6891.13 0.00120483 5.92812 -2.34682
7059.21 0.00126432 6.07271 -2.40202
7227.29 0.00132525 6.21729 -2.45721
7395.36 0.0013876 6.36188 -2.51241
7563.44 0.0014514 6.50647 -2.56762
7731.52 0.00151662 6.65106 -2.62282
7899.59 0.00158328 6.79565 -2.67802
8067.67 0.00165137 6.94024 -2.73322
8235.74 0.00172089 7.08482 -2.78842
8403.82 0.00179185 7.22941 -2.84362
8571.9 0.00186424 7.374 -2.89883
