168.076 -1.27821e-006 0.342828 -0.0466636
336.153 -5.11282e-006 0.685655 0.0286269
504.229 -1.15038e-005 1.02848 0.103917
672.306 -2.04514e-005 1.37131 0.179207
840.382 -3.1955e-005 1.71414 0.254496
1008.46 -4.60155e-005 2.05697 0.329786
1176.53 -6.26323e-005 2.39979 0.405075
1344.61 -8.18054e-005 2.74262 0.480364
1512.69 -0.000103535 3.08545 0.555652
1680.76 -0.000127821 3.42828 0.63094
1848.84 -0.000154663 3.7711 0.706228
2016.92 -0.000184062 4.11393 0.781516
2184.99 -0.000216018 4.45676 0.856803
2353.07 -0.000250529 4.79959 0.93209
2521.15 -0.000287599 5.14242 1.00738
2689.22 -0.000327222 5.48524 1.08266
2857.3 -0.000369403 5.82807 1.15795
3025.38 -0.000414141 6.1709 1.23323
3193.45 -0.000461435 6.51373 1.30852
3361.53 -0.000511285 6.85655 1.38381
3529.6 -0.000563692 7.19938 1.45909
3697.68 -0.000618656 7.54221 1.53438
3865.76 -0.000676176 7.88504 1.60966
4033.83 -0.000736252 8.22786 1.68494
4201.91 -0.000798885 8.57069 1.76023
4369.99 -0.000864074 8.91352 1.83551
4538.06 -0.000931821 9.25635 1.91079
4706.14 -0.00100212 9.59917 1.98608
4874.22 -0.00107498 9.942 2.06136
5042.29 -0.0011504 10.2848 2.13664
5210.37 -0.00122837 10.6277 2.21192
5378.45 -0.0013089 10.9705 2.28721
5546.52 -0.00139198 11.3133 2.36249
5714.6 -0.00147763 11.6561 2.43777
5882.67 -0.00156582 11.999 2.51305
6050.75 -0.00165658 12.3418 2.58833
6218.83 -0.00174989 12.6846 2.66361
6386.9 -0.00184576 13.0275 2.73889
6554.98 -0.00194418 13.3703 2.81417
6723.06 -0.00204517 13.7131 2.88945
6891.13 -0.0021487 14.0559 2.96473
7059.21 -0.0022548 14.3988 3.04001
7227.29 -0.00236345 14.7416 3.11529
7395.36 -0.00247466 15.0844 3.19057
7563.44 -0.00258842 15.4272 3.26584
7731.52 -0.00270474 15.7701 3.34112
7899.59 -0.00282362 16.1129 3.4164
8067.67 -0.00294506 16.4557 3.49168
8235.74 -0.00306905 16.7986 3.56695
8403.82 -0.0031956 17.1414 3.64223
8571.9 -0.0033247 17.4842 3.71751
