168.076 -1.47885e-007 0.0211889 -0.0575203
336.153 -5.9155e-007 0.0423779 -0.0811154
504.229 -1.33098e-006 0.0635668 -0.10471
672.306 -2.36616e-006 0.0847557 -0.128306
840.382 -3.69721e-006 0.105945 -0.151901
1008.46 -5.3239e-006 0.127134 -0.175496
1176.53 -7.24643e-006 0.148323 -0.199091
1344.61 -9.46473e-006 0.169511 -0.222686
1512.69 -1.19788e-005 0.1907 -0.246281
1680.76 -1.47887e-005 0.211889 -0.269876
1848.84 -1.78943e-005 0.233078 -0.293471
2016.92 -2.12956e-005 0.254267 -0.317066
2184.99 -2.49928e-005 0.275456 -0.340661
2353.07 -2.89857e-005 0.296645 -0.364256
2521.15 -3.32742e-005 0.317834 -0.387851
2689.22 -3.7859e-005 0.339023 -0.411446
2857.3 -4.27393e-005 0.360212 -0.435041
3025.38 -4.79153e-005 0.381401 -0.458636
3193.45 -5.33871e-005 0.40259 -0.482232
3361.53 -5.91546e-005 0.423779 -0.505827
3529.6 -6.5218e-005 0.444968 -0.529422
3697.68 -7.15771e-005 0.466156 -0.553017
3865.76 -7.8232e-005 0.487345 -0.576612
4033.83 -8.51827e-005 0.508534 -0.600207
4201.91 -9.24291e-005 0.529723 -0.623802
4369.99 -9.99714e-005 0.550912 -0.647397
4538.06 -0.000107809 0.572101 -0.670992
4706.14 -0.000115943 0.59329 -0.694587
4874.22 -0.000124373 0.614479 -0.718182
5042.29 -0.000133098 0.635668 -0.741777
5210.37 -0.000142119 0.656857 -0.765372
5378.45 -0.000151436 0.678046 -0.788967
5546.52 -0.000161049 0.699235 -0.812562
5714.6 -0.000170957 0.720424 -0.836158
5882.67 -0.000181161 0.741613 -0.859753
6050.75 -0.000191661 0.762801 -0.883348
6218.83 -0.000202457 0.78399 -0.906943
6386.9 -0.000213548 0.805179 -0.930538
6554.98 -0.000224936 0.826368 -0.954133
6723.06 -0.000236619 0.847557 -0.977728
6891.13 -0.000248598 0.868746 -1.00132
7059.21 -0.000260872 0.889935 -1.02492
7227.29 -0.000273443 0.911124 -1.04851
7395.36 -0.000286309 0.932313 -1.07211
7563.44 -0.000299471 0.953502 -1.0957
7731.52 -0.000312929 0.974691 -1.1193
7899.59 -0.000326682 0.99588 -1.14289
8067.67 -0.000340731 1.01707 -1.16649
8235.74 -0.000355077 1.03826 -1.19008
8403.82 -0.000369717 1.05945 -1.21368
8571.9 -0.000384654 1.08064 -1.23727
