168.076 1.76384e-006 0.863345 -0.0724853
336.153 7.05542e-006 1.72669 0.0168006
504.229 1.58747e-005 2.59004 0.106086
672.306 2.82215e-005 3.45338 0.195372
840.382 4.40967e-005 4.31673 0.284658
1008.46 6.34988e-005 5.18007 0.373944
1176.53 8.64287e-005 6.04342 0.463229
1344.61 0.000112887 6.90676 0.552515
1512.69 0.000142872 7.77011 0.641801
1680.76 0.000176385 8.63345 0.731086
1848.84 0.000213427 9.4968 0.820372
2016.92 0.000253995 10.3601 0.909658
2184.99 0.000298091 11.2235 0.998943
2353.07 0.000345716 12.0868 1.08823
2521.15 0.000396866 12.9502 1.17751
2689.22 0.000451548 13.8135 1.2668
2857.3 0.000509756 14.6769 1.35609
3025.38 0.000571491 15.5402 1.44537
3193.45 0.000636754 16.4036 1.53466
3361.53 0.000705544 17.2669 1.62394
3529.6 0.000777863 18.1303 1.71323
3697.68 0.00085371 18.9936 1.80251
3865.76 0.000933084 19.8569 1.8918
4033.83 0.00101599 20.7203 1.98108
4201.91 0.00110242 21.5836 2.07037
4369.99 0.00119237 22.447 2.15965
4538.06 0.00128586 23.3103 2.24894
4706.14 0.00138287 24.1737 2.33822
4874.22 0.00148342 25.037 2.42751
5042.29 0.00158749 25.9004 2.51679
5210.37 0.00169508 26.7637 2.60608
5378.45 0.00180621 27.627 2.69536
5546.52 0.00192086 28.4904 2.78465
5714.6 0.00203904 29.3537 2.87393
5882.67 0.00216075 30.2171 2.96322
6050.75 0.00228599 31.0804 3.0525
6218.83 0.00241476 31.9438 3.14179
6386.9 0.00254705 32.8071 3.23107
6554.98 0.00268287 33.6705 3.32036
6723.06 0.00282222 34.5338 3.40964
6891.13 0.0029651 35.3972 3.49893
7059.21 0.00311151 36.2605 3.58821
7227.29 0.00326144 37.1238 3.6775
7395.36 0.00341491 37.9872 3.76678
7563.44 0.0035719 38.8505 3.85607
7731.52 0.00373242 39.7139 3.94535
7899.59 0.00389647 40.5772 4.03464
8067.67 0.00406404 41.4406 4.12392
8235.74 0.00423515 42.3039 4.21321
8403.82 0.00440978 43.1673 4.30249
8571.9 0.00458794 44.0306 4.39178
