168.076 -1.28606e-006 0.346592 -0.0466635
336.153 -5.14419e-006 0.693184 0.0286274
504.229 -1.15744e-005 1.03978 0.103918
672.306 -2.05769e-005 1.38637 0.179209
840.382 -3.21511e-005 1.73296 0.2545
1008.46 -4.62979e-005 2.07955 0.329791
1176.53 -6.30166e-005 2.42615 0.405082
1344.61 -8.23073e-005 2.77274 0.480373
1512.69 -0.00010417 3.11933 0.555664
1680.76 -0.000128605 3.46592 0.630954
1848.84 -0.000155612 3.81251 0.706245
2016.92 -0.000185192 4.15911 0.781536
2184.99 -0.000217343 4.5057 0.856827
2353.07 -0.000252067 4.85229 0.932118
2521.15 -0.000289363 5.19888 1.00741
2689.22 -0.00032923 5.54548 1.0827
2857.3 -0.000371669 5.89207 1.15799
3025.38 -0.000416682 6.23866 1.23328
3193.45 -0.000464266 6.58525 1.30857
3361.53 -0.000514423 6.93184 1.38386
3529.6 -0.000567151 7.27844 1.45915
3697.68 -0.000622452 7.62503 1.53445
3865.76 -0.000680325 7.97162 1.60974
4033.83 -0.00074077 8.31821 1.68503
4201.91 -0.000803787 8.66481 1.76032
4369.99 -0.000869376 9.0114 1.83561
4538.06 -0.000937539 9.35799 1.9109
4706.14 -0.00100827 9.70458 1.98619
4874.22 -0.00108158 10.0512 2.06148
5042.29 -0.00115746 10.3978 2.13677
5210.37 -0.00123591 10.7444 2.21206
5378.45 -0.00131693 11.091 2.28735
5546.52 -0.00140052 11.4375 2.36264
5714.6 -0.00148669 11.7841 2.43794
5882.67 -0.00157543 12.1307 2.51323
6050.75 -0.00166674 12.4773 2.58852
6218.83 -0.00176063 12.8239 2.66381
6386.9 -0.00185708 13.1705 2.7391
6554.98 -0.00195611 13.5171 2.81439
6723.06 -0.00205771 13.8637 2.88968
6891.13 -0.00216189 14.2103 2.96497
7059.21 -0.00226863 14.5569 3.04026
7227.29 -0.00237795 14.9035 3.11555
7395.36 -0.00248984 15.2501 3.19084
7563.44 -0.00260431 15.5966 3.26614
7731.52 -0.00272134 15.9432 3.34143
7899.59 -0.00284095 16.2898 3.41672
8067.67 -0.00296313 16.6364 3.49201
8235.74 -0.00308788 16.983 3.5673
8403.82 -0.00321521 17.3296 3.64259
8571.9 -0.00334511 17.6762 3.71788
