168.076 -1.28606e-006 0.346592 -0.0466636
336.153 -5.14419e-006 0.693184 0.0286269
504.229 -1.15744e-005 1.03978 0.103917
672.306 -2.05769e-005 1.38637 0.179207
840.382 -3.21511e-005 1.73296 0.254496
1008.46 -4.62979e-005 2.07955 0.329786
1176.53 -6.30166e-005 2.42615 0.405075
1344.61 -8.23073e-005 2.77274 0.480364
1512.69 -0.00010417 3.11933 0.555652
1680.76 -0.000128605 3.46592 0.63094
1848.84 -0.000155612 3.81251 0.706228
2016.92 -0.000185192 4.15911 0.781516
2184.99 -0.000217343 4.5057 0.856803
2353.07 -0.000252067 4.85229 0.93209
2521.15 -0.000289363 5.19888 1.00738
2689.22 -0.00032923 5.54548 1.08266
2857.3 -0.000371669 5.89207 1.15795
3025.38 -0.000416682 6.23866 1.23323
3193.45 -0.000464266 6.58525 1.30852
3361.53 -0.000514423 6.93184 1.38381
3529.6 -0.000567151 7.27844 1.45909
3697.68 -0.000622452 7.62503 1.53438
3865.76 -0.000680325 7.97162 1.60966
4033.83 -0.00074077 8.31821 1.68494
4201.91 -0.000803787 8.66481 1.76023
4369.99 -0.000869376 9.0114 1.83551
4538.06 -0.000937539 9.35799 1.91079
4706.14 -0.00100827 9.70458 1.98608
4874.22 -0.00108158 10.0512 2.06136
5042.29 -0.00115746 10.3978 2.13664
5210.37 -0.00123591 10.7444 2.21192
5378.45 -0.00131693 11.091 2.28721
5546.52 -0.00140052 11.4375 2.36249
5714.6 -0.00148669 11.7841 2.43777
5882.67 -0.00157543 12.1307 2.51305
6050.75 -0.00166674 12.4773 2.58833
6218.83 -0.00176063 12.8239 2.66361
6386.9 -0.00185708 13.1705 2.73889
6554.98 -0.00195611 13.5171 2.81417
6723.06 -0.00205771 13.8637 2.88945
6891.13 -0.00216189 14.2103 2.96473
7059.21 -0.00226863 14.5569 3.04001
7227.29 -0.00237795 14.9035 3.11529
7395.36 -0.00248984 15.2501 3.19057
7563.44 -0.00260431 15.5966 3.26584
7731.52 -0.00272134 15.9432 3.34112
7899.59 -0.00284095 16.2898 3.4164
8067.67 -0.00296313 16.6364 3.49168
8235.74 -0.00308788 16.983 3.56695
8403.82 -0.00321521 17.3296 3.64223
8571.9 -0.00334511 17.6762 3.71751
