168.076 -1.75866e-006 0.828848 -0.251057
336.153 -7.03469e-006 1.6577 -0.340343
504.229 -1.5828e-005 2.48655 -0.429629
672.306 -2.81386e-005 3.31539 -0.518915
840.382 -4.3967e-005 4.14424 -0.608201
1008.46 -6.33119e-005 4.97309 -0.697487
1176.53 -8.61747e-005 5.80194 -0.786773
1344.61 -0.000112555 6.63079 -0.876059
1512.69 -0.000142452 7.45964 -0.965345
1680.76 -0.000175867 8.28848 -1.05463
1848.84 -0.000212799 9.11733 -1.14392
2016.92 -0.000253249 9.94618 -1.2332
2184.99 -0.000297215 10.775 -1.32249
2353.07 -0.0003447 11.6039 -1.41178
2521.15 -0.0003957 12.4327 -1.50106
2689.22 -0.000450221 13.2616 -1.59035
2857.3 -0.000508258 14.0904 -1.67963
3025.38 -0.000569811 14.9193 -1.76892
3193.45 -0.000634882 15.7481 -1.85821
3361.53 -0.000703471 16.577 -1.94749
3529.6 -0.000775577 17.4058 -2.03678
3697.68 -0.000851201 18.2347 -2.12607
3865.76 -0.000930342 19.0635 -2.21535
4033.83 -0.001013 19.8924 -2.30464
4201.91 -0.00109918 20.7212 -2.39393
4369.99 -0.00118887 21.5501 -2.48321
4538.06 -0.00128208 22.3789 -2.5725
4706.14 -0.00137881 23.2078 -2.66179
4874.22 -0.00147906 24.0366 -2.75107
5042.29 -0.00158282 24.8655 -2.84036
5210.37 -0.0016901 25.6943 -2.92965
5378.45 -0.0018009 26.5232 -3.01893
5546.52 -0.00191522 27.352 -3.10822
5714.6 -0.00203305 28.1808 -3.19751
5882.67 -0.0021544 29.0097 -3.28679
6050.75 -0.00227927 29.8385 -3.37608
6218.83 -0.00240766 30.6674 -3.46537
6386.9 -0.00253957 31.4962 -3.55465
6554.98 -0.00267499 32.3251 -3.64394
6723.06 -0.00281393 33.1539 -3.73323
6891.13 -0.00295639 33.9828 -3.82251
7059.21 -0.00310237 34.8116 -3.9118
7227.29 -0.00325186 35.6405 -4.00109
7395.36 -0.00340487 36.4693 -4.09037
7563.44 -0.0035614 37.2982 -4.17966
7731.52 -0.00372145 38.127 -4.26895
7899.59 -0.00388502 38.9559 -4.35823
8067.67 -0.0040521 39.7847 -4.44752
8235.74 -0.0042227 40.6136 -4.53681
8403.82 -0.00439682 41.4424 -4.6261
8571.9 -0.00457446 42.2713 -4.71538
