168.076 -1.64041e-006 0.594689 -0.233634
336.153 -6.56166e-006 1.18938 -0.319378
504.229 -1.47637e-005 1.78407 -0.405123
672.306 -2.62465e-005 2.37876 -0.490868
840.382 -4.10105e-005 2.97344 -0.576612
1008.46 -5.90547e-005 3.56813 -0.662357
1176.53 -8.03802e-005 4.16282 -0.748103
1344.61 -0.000104986 4.75751 -0.833848
1512.69 -0.000132873 5.3522 -0.919593
1680.76 -0.000164041 5.94689 -1.00534
1848.84 -0.00019849 6.54158 -1.09108
2016.92 -0.00023622 7.13627 -1.17683
2184.99 -0.00027723 7.73095 -1.26258
2353.07 -0.000321521 8.32564 -1.34832
2521.15 -0.000369093 8.92033 -1.43407
2689.22 -0.000419947 9.51502 -1.51982
2857.3 -0.000474082 10.1097 -1.60556
3025.38 -0.000531496 10.7044 -1.69131
3193.45 -0.000592192 11.2991 -1.77706
3361.53 -0.000656168 11.8938 -1.8628
3529.6 -0.000723426 12.4885 -1.94855
3697.68 -0.000793965 13.0832 -2.0343
3865.76 -0.000867784 13.6778 -2.12004
4033.83 -0.000944884 14.2725 -2.20579
4201.91 -0.00102527 14.8672 -2.29154
4369.99 -0.00110893 15.4619 -2.37729
4538.06 -0.00119587 16.0566 -2.46303
4706.14 -0.0012861 16.6513 -2.54878
4874.22 -0.0013796 17.246 -2.63453
5042.29 -0.00147639 17.8407 -2.72028
5210.37 -0.00157646 18.4354 -2.80603
5378.45 -0.0016798 19.03 -2.89178
5546.52 -0.00178643 19.6247 -2.97753
5714.6 -0.00189634 20.2194 -3.06327
5882.67 -0.00200954 20.8141 -3.14902
6050.75 -0.00212601 21.4088 -3.23477
6218.83 -0.00224576 22.0035 -3.32052
6386.9 -0.0023688 22.5982 -3.40627
6554.98 -0.00249512 23.1929 -3.49202
6723.06 -0.00262471 23.7876 -3.57777
6891.13 -0.00275759 24.3822 -3.66352
7059.21 -0.00289375 24.9769 -3.74927
7227.29 -0.00303319 25.5716 -3.83502
7395.36 -0.00317592 26.1663 -3.92077
7563.44 -0.00332192 26.761 -4.00652
7731.52 -0.00347121 27.3557 -4.09227
7899.59 -0.00362377 27.9504 -4.17802
8067.67 -0.00377962 28.5451 -4.26377
8235.74 -0.00393875 29.1398 -4.34952
8403.82 -0.00410116 29.7344 -4.43527
8571.9 -0.00426685 30.3291 -4.52103
