168.076 -6.3795e-007 0.123267 -0.13915
336.153 -2.55182e-006 0.246534 -0.194335
504.229 -5.7416e-006 0.369802 -0.249519
672.306 -1.02072e-005 0.493069 -0.304704
840.382 -1.5949e-005 0.616336 -0.35989
1008.46 -2.29663e-005 0.739603 -0.415076
1176.53 -3.12597e-005 0.862871 -0.470262
1344.61 -4.08291e-005 0.986138 -0.525449
1512.69 -5.16742e-005 1.10941 -0.580636
1680.76 -6.37954e-005 1.23267 -0.635823
1848.84 -7.71925e-005 1.35594 -0.691011
2016.92 -9.18654e-005 1.47921 -0.746199
2184.99 -0.000107814 1.60247 -0.801387
2353.07 -0.000125039 1.72574 -0.856576
2521.15 -0.000143539 1.84901 -0.911765
2689.22 -0.000163316 1.97228 -0.966955
2857.3 -0.000184369 2.09554 -1.02214
3025.38 -0.000206697 2.21881 -1.07733
3193.45 -0.000230302 2.34208 -1.13253
3361.53 -0.000255182 2.46534 -1.18772
3529.6 -0.000281338 2.58861 -1.24291
3697.68 -0.000308771 2.71188 -1.2981
3865.76 -0.000337479 2.83515 -1.35329
4033.83 -0.000367463 2.95841 -1.40848
4201.91 -0.000398722 3.08168 -1.46368
4369.99 -0.000431258 3.20495 -1.51887
4538.06 -0.00046507 3.32822 -1.57406
4706.14 -0.000500158 3.45148 -1.62926
4874.22 -0.000536522 3.57475 -1.68445
5042.29 -0.000574161 3.69802 -1.73965
5210.37 -0.000613077 3.82128 -1.79484
5378.45 -0.000653268 3.94455 -1.85004
5546.52 -0.000694736 4.06782 -1.90523
5714.6 -0.000737479 4.19109 -1.96043
5882.67 -0.000781498 4.31435 -2.01563
6050.75 -0.000826794 4.43762 -2.07082
6218.83 -0.000873365 4.56089 -2.12602
6386.9 -0.000921212 4.68416 -2.18122
6554.98 -0.000970335 4.80742 -2.23642
6723.06 -0.00102073 4.93069 -2.29162
6891.13 -0.00107241 5.05396 -2.34682
7059.21 -0.00112536 5.17722 -2.40202
7227.29 -0.00117959 5.30049 -2.45721
7395.36 -0.00123509 5.42376 -2.51241
7563.44 -0.00129187 5.54703 -2.56762
7731.52 -0.00134992 5.67029 -2.62282
7899.59 -0.00140926 5.79356 -2.67802
8067.67 -0.00146986 5.91683 -2.73322
8235.74 -0.00153175 6.04009 -2.78842
8403.82 -0.0015949 6.16336 -2.84362
8571.9 -0.00165934 6.28663 -2.89883
