168.076 1.01996e-006 0.237928 -0.104467
336.153 4.07983e-006 0.475855 -0.104467
504.229 9.17962e-006 0.713783 -0.104467
672.306 1.63193e-005 0.95171 -0.104467
840.382 2.54989e-005 1.18964 -0.104467
1008.46 3.67185e-005 1.42757 -0.104467
1176.53 4.99779e-005 1.66549 -0.104467
1344.61 6.52773e-005 1.90342 -0.104467
1512.69 8.26165e-005 2.14135 -0.104467
1680.76 0.000101996 2.37928 -0.104467
1848.84 0.000123415 2.6172 -0.104467
2016.92 0.000146874 2.85513 -0.104467
2184.99 0.000172373 3.09306 -0.104467
2353.07 0.000199912 3.33099 -0.104467
2521.15 0.000229491 3.56891 -0.104467
2689.22 0.000261109 3.80684 -0.104467
2857.3 0.000294768 4.04477 -0.104467
3025.38 0.000330467 4.2827 -0.104467
3193.45 0.000368205 4.52062 -0.104467
3361.53 0.000407984 4.75855 -0.104467
3529.6 0.000449803 4.99648 -0.104467
3697.68 0.000493661 5.23441 -0.104467
3865.76 0.000539559 5.47233 -0.104467
4033.83 0.000587498 5.71026 -0.104467
4201.91 0.000637476 5.94819 -0.104467
4369.99 0.000689494 6.18612 -0.104467
4538.06 0.000743553 6.42404 -0.104467
4706.14 0.000799651 6.66197 -0.104467
4874.22 0.000857789 6.8999 -0.104467
5042.29 0.000917968 7.13783 -0.104467
5210.37 0.000980186 7.37575 -0.104467
5378.45 0.00104444 7.61368 -0.104467
5546.52 0.00111074 7.85161 -0.104467
5714.6 0.00117908 8.08954 -0.104467
5882.67 0.00124946 8.32746 -0.104467
6050.75 0.00132188 8.56539 -0.104467
6218.83 0.00139634 8.80332 -0.104467
6386.9 0.00147283 9.04125 -0.104467
6554.98 0.00155137 9.27917 -0.104467
6723.06 0.00163195 9.5171 -0.104467
6891.13 0.00171457 9.75503 -0.104467
7059.21 0.00179923 9.99296 -0.104467
7227.29 0.00188593 10.2309 -0.104467
7395.36 0.00197467 10.4688 -0.104467
7563.44 0.00206545 10.7067 -0.104467
7731.52 0.00215826 10.9447 -0.104467
7899.59 0.00225312 11.1826 -0.104467
8067.67 0.00235002 11.4205 -0.104467
8235.74 0.00244896 11.6584 -0.104467
8403.82 0.00254994 11.8964 -0.104467
8571.9 0.00265296 12.1343 -0.104467
