168.076 -9.21641e-008 0.0120727 -0.0103303
336.153 -3.68646e-007 0.0241453 0.0132644
504.229 -8.29456e-007 0.036218 0.0368588
672.306 -1.47463e-006 0.0482906 0.0604529
840.382 -2.30401e-006 0.0603633 0.0840468
1008.46 -3.31786e-006 0.0724359 0.10764
1176.53 -4.51597e-006 0.0845086 0.131234
1344.61 -5.89841e-006 0.0965812 0.154827
1512.69 -7.46518e-006 0.108654 0.17842
1680.76 -9.21624e-006 0.120727 0.202012
1848.84 -1.11516e-005 0.132799 0.225604
2016.92 -1.32714e-005 0.144872 0.249197
2184.99 -1.55755e-005 0.156945 0.272788
2353.07 -1.80639e-005 0.169017 0.29638
2521.15 -2.07368e-005 0.18109 0.319971
2689.22 -2.35936e-005 0.193162 0.343562
2857.3 -2.66349e-005 0.205235 0.367153
3025.38 -2.98606e-005 0.217308 0.390743
3193.45 -3.32707e-005 0.22938 0.414333
3361.53 -3.6865e-005 0.241453 0.437923
3529.6 -4.06437e-005 0.253526 0.461513
3697.68 -4.46066e-005 0.265598 0.485102
3865.76 -4.8754e-005 0.277671 0.508691
4033.83 -5.30856e-005 0.289744 0.53228
4201.91 -5.76016e-005 0.301816 0.555869
4369.99 -6.23019e-005 0.313889 0.579457
4538.06 -6.71867e-005 0.325962 0.603045
4706.14 -7.22554e-005 0.338034 0.626633
4874.22 -7.75085e-005 0.350107 0.65022
5042.29 -8.29463e-005 0.36218 0.673808
5210.37 -8.85682e-005 0.374252 0.697395
5378.45 -9.43745e-005 0.386325 0.720981
5546.52 -0.000100365 0.398398 0.744568
5714.6 -0.00010654 0.41047 0.768154
5882.67 -0.000112899 0.422543 0.79174
6050.75 -0.000119443 0.434616 0.815326
6218.83 -0.000126171 0.446688 0.838911
6386.9 -0.000133083 0.458761 0.862496
6554.98 -0.000140179 0.470834 0.886081
6723.06 -0.00014746 0.482906 0.909666
6891.13 -0.000154925 0.494979 0.93325
7059.21 -0.000162575 0.507051 0.956834
7227.29 -0.000170409 0.519124 0.980418
7395.36 -0.000178427 0.531197 1.004
7563.44 -0.000186629 0.543269 1.02758
7731.52 -0.000195016 0.555342 1.05117
7899.59 -0.000203587 0.567415 1.07475
8067.67 -0.000212343 0.579487 1.09833
8235.74 -0.000221283 0.59156 1.12192
8403.82 -0.000230407 0.603633 1.1455
8571.9 -0.000239715 0.615705 1.16908
