168.076 1.6116e-006 0.56156 -0.0621451
336.153 6.44643e-006 1.12312 0.023599
504.229 1.45045e-005 1.68468 0.109343
672.306 2.57855e-005 2.24624 0.195087
840.382 4.02904e-005 2.8078 0.28083
1008.46 5.80178e-005 3.36936 0.366574
1176.53 7.89685e-005 3.93092 0.452317
1344.61 0.000103143 4.49248 0.538061
1512.69 0.00013054 5.05404 0.623804
1680.76 0.000161161 5.6156 0.709547
1848.84 0.000195004 6.17716 0.79529
2016.92 0.000232071 6.73872 0.881032
2184.99 0.000272361 7.30028 0.966775
2353.07 0.000315875 7.86184 1.05252
2521.15 0.00036261 8.4234 1.13826
2689.22 0.000412572 8.98497 1.224
2857.3 0.000465756 9.54653 1.30974
3025.38 0.000522162 10.1081 1.39549
3193.45 0.000581791 10.6696 1.48123
3361.53 0.000644645 11.2312 1.56697
3529.6 0.000710721 11.7928 1.65271
3697.68 0.000780021 12.3543 1.73845
3865.76 0.000852544 12.9159 1.82419
4033.83 0.00092829 13.4774 1.90993
4201.91 0.00100726 14.039 1.99568
4369.99 0.00108945 14.6006 2.08142
4538.06 0.00117487 15.1621 2.16716
4706.14 0.00126351 15.7237 2.2529
4874.22 0.00135537 16.2852 2.33864
5042.29 0.00145046 16.8468 2.42438
5210.37 0.00154877 17.4084 2.51012
5378.45 0.0016503 17.9699 2.59586
5546.52 0.00175506 18.5315 2.6816
5714.6 0.00186304 19.0931 2.76734
5882.67 0.00197424 19.6546 2.85308
6050.75 0.00208867 20.2162 2.93882
6218.83 0.00220632 20.7777 3.02456
6386.9 0.0023272 21.3393 3.11029
6554.98 0.00245129 21.9009 3.19603
6723.06 0.00257862 22.4624 3.28177
6891.13 0.00270916 23.024 3.36751
7059.21 0.00284293 23.5855 3.45325
7227.29 0.00297992 24.1471 3.53899
7395.36 0.00312014 24.7087 3.62473
7563.44 0.00326358 25.2702 3.71047
7731.52 0.00341024 25.8318 3.7962
7899.59 0.00356013 26.3933 3.88194
8067.67 0.00371324 26.9549 3.96768
8235.74 0.00386958 27.5165 4.05342
8403.82 0.00402913 28.078 4.13915
8571.9 0.00419192 28.6396 4.22489
