168.076 4.10375e-007 0.0708347 -0.0195493
336.153 1.64152e-006 0.141669 0.0213539
504.229 3.69342e-006 0.212504 0.0622571
672.306 6.566e-006 0.283339 0.10316
840.382 1.02596e-005 0.354174 0.144063
1008.46 1.47736e-005 0.425008 0.184967
1176.53 2.01085e-005 0.495843 0.22587
1344.61 2.62642e-005 0.566678 0.266773
1512.69 3.32406e-005 0.637512 0.307676
1680.76 4.10379e-005 0.708347 0.348579
1848.84 4.96558e-005 0.779182 0.389482
2016.92 5.90944e-005 0.850017 0.430386
2184.99 6.93539e-005 0.920851 0.471289
2353.07 8.04341e-005 0.991686 0.512192
2521.15 9.23347e-005 1.06252 0.553095
2689.22 0.000105057 1.13336 0.593998
2857.3 0.0001186 1.20419 0.634901
3025.38 0.000132963 1.27502 0.675805
3193.45 0.000148147 1.34586 0.716708
3361.53 0.000164152 1.41669 0.757611
3529.6 0.000180977 1.48753 0.798514
3697.68 0.000198623 1.55836 0.839417
3865.76 0.000217091 1.6292 0.88032
4033.83 0.000236378 1.70003 0.921224
4201.91 0.000256487 1.77087 0.962127
4369.99 0.000277416 1.8417 1.00303
4538.06 0.000299166 1.91254 1.04393
4706.14 0.000321738 1.98337 1.08484
4874.22 0.00034513 2.05421 1.12574
5042.29 0.000369342 2.12504 1.16664
5210.37 0.000394375 2.19588 1.20755
5378.45 0.000420229 2.26671 1.24845
5546.52 0.000446904 2.33755 1.28935
5714.6 0.000474399 2.40838 1.33026
5882.67 0.000502716 2.47922 1.37116
6050.75 0.000531853 2.55005 1.41206
6218.83 0.000561811 2.62088 1.45296
6386.9 0.000592589 2.69172 1.49387
6554.98 0.000624188 2.76255 1.53477
6723.06 0.000656609 2.83339 1.57567
6891.13 0.00068985 2.90422 1.61658
7059.21 0.000723912 2.97506 1.65748
7227.29 0.000758794 3.04589 1.69838
7395.36 0.000794498 3.11673 1.73929
7563.44 0.000831022 3.18756 1.78019
7731.52 0.000868367 3.2584 1.82109
7899.59 0.000906532 3.32923 1.862
8067.67 0.000945519 3.40007 1.9029
8235.74 0.000985326 3.4709 1.9438
8403.82 0.00102595 3.54174 1.98471
8571.9 0.0010674 3.61257 2.02561
