168.076 4.10381e-007 0.0708347 -0.101356
336.153 1.64151e-006 0.141669 -0.142259
504.229 3.6934e-006 0.212504 -0.183162
672.306 6.5661e-006 0.283339 -0.224065
840.382 1.02594e-005 0.354174 -0.264968
1008.46 1.47737e-005 0.425008 -0.305871
1176.53 2.01086e-005 0.495843 -0.346775
1344.61 2.62642e-005 0.566678 -0.387678
1512.69 3.32407e-005 0.637512 -0.428581
1680.76 4.10378e-005 0.708347 -0.469484
1848.84 4.96558e-005 0.779182 -0.510387
2016.92 5.90946e-005 0.850017 -0.55129
2184.99 6.9354e-005 0.920851 -0.592194
2353.07 8.04343e-005 0.991686 -0.633097
2521.15 9.23357e-005 1.06252 -0.674
2689.22 0.000105057 1.13336 -0.714903
2857.3 0.000118599 1.20419 -0.755806
3025.38 0.000132963 1.27502 -0.796709
3193.45 0.000148147 1.34586 -0.837613
3361.53 0.000164152 1.41669 -0.878516
3529.6 0.000180977 1.48753 -0.919419
3697.68 0.000198623 1.55836 -0.960322
3865.76 0.000217091 1.6292 -1.00123
4033.83 0.000236378 1.70003 -1.04213
4201.91 0.000256487 1.77087 -1.08303
4369.99 0.000277416 1.8417 -1.12393
4538.06 0.000299167 1.91254 -1.16484
4706.14 0.000321737 1.98337 -1.20574
4874.22 0.000345129 2.05421 -1.24664
5042.29 0.000369342 2.12504 -1.28755
5210.37 0.000394375 2.19588 -1.32845
5378.45 0.000420229 2.26671 -1.36935
5546.52 0.000446904 2.33755 -1.41026
5714.6 0.000474399 2.40838 -1.45116
5882.67 0.000502716 2.47922 -1.49206
6050.75 0.000531853 2.55005 -1.53297
6218.83 0.000561811 2.62088 -1.57387
6386.9 0.000592589 2.69172 -1.61477
6554.98 0.000624189 2.76255 -1.65568
6723.06 0.000656609 2.83339 -1.69658
6891.13 0.00068985 2.90422 -1.73748
7059.21 0.000723912 2.97506 -1.77839
7227.29 0.000758794 3.04589 -1.81929
7395.36 0.000794498 3.11673 -1.86019
7563.44 0.000831022 3.18756 -1.9011
7731.52 0.000868367 3.2584 -1.942
7899.59 0.000906532 3.32923 -1.9829
8067.67 0.000945519 3.40007 -2.0238
8235.74 0.000985326 3.4709 -2.06471
8403.82 0.00102595 3.54174 -2.10561
8571.9 0.0010674 3.61257 -2.14651
