168.076 -1.47888e-007 0.0211889 -0.0103303
336.153 -5.91542e-007 0.0423779 0.0132644
504.229 -1.33097e-006 0.0635668 0.0368588
672.306 -2.36621e-006 0.0847557 0.0604529
840.382 -3.69711e-006 0.105945 0.0840468
1008.46 -5.32392e-006 0.127134 0.10764
1176.53 -7.24645e-006 0.148323 0.131234
1344.61 -9.46474e-006 0.169511 0.154827
1512.69 -1.19788e-005 0.1907 0.17842
1680.76 -1.47886e-005 0.211889 0.202012
1848.84 -1.78942e-005 0.233078 0.225604
2016.92 -2.12957e-005 0.254267 0.249197
2184.99 -2.49928e-005 0.275456 0.272788
2353.07 -2.89858e-005 0.296645 0.29638
2521.15 -3.32747e-005 0.317834 0.319971
2689.22 -3.78589e-005 0.339023 0.343562
2857.3 -4.27391e-005 0.360212 0.367153
3025.38 -4.79152e-005 0.381401 0.390743
3193.45 -5.3387e-005 0.40259 0.414333
3361.53 -5.91546e-005 0.423779 0.437923
3529.6 -6.5218e-005 0.444968 0.461513
3697.68 -7.15771e-005 0.466156 0.485102
3865.76 -7.8232e-005 0.487345 0.508691
4033.83 -8.51827e-005 0.508534 0.53228
4201.91 -9.24292e-005 0.529723 0.555869
4369.99 -9.99713e-005 0.550912 0.579457
4538.06 -0.00010781 0.572101 0.603045
4706.14 -0.000115943 0.59329 0.626633
4874.22 -0.000124372 0.614479 0.65022
5042.29 -0.000133098 0.635668 0.673808
5210.37 -0.000142119 0.656857 0.697395
5378.45 -0.000151436 0.678046 0.720981
5546.52 -0.000161049 0.699235 0.744568
5714.6 -0.000170957 0.720424 0.768154
5882.67 -0.000181161 0.741613 0.79174
6050.75 -0.000191661 0.762801 0.815326
6218.83 -0.000202457 0.78399 0.838911
6386.9 -0.000213548 0.805179 0.862496
6554.98 -0.000224936 0.826368 0.886081
6723.06 -0.000236619 0.847557 0.909666
6891.13 -0.000248598 0.868746 0.93325
7059.21 -0.000260872 0.889935 0.956834
7227.29 -0.000273443 0.911124 0.980418
7395.36 -0.000286309 0.932313 1.004
7563.44 -0.000299471 0.953502 1.02758
7731.52 -0.000312929 0.974691 1.05117
7899.59 -0.000326682 0.99588 1.07475
8067.67 -0.000340732 1.01707 1.09833
8235.74 -0.000355077 1.03826 1.12192
8403.82 -0.000369717 1.05945 1.1455
8571.9 -0.000384654 1.08064 1.16908
