168.076 1.77379e-006 0.965393 -0.253764
336.153 7.09514e-006 1.93079 -0.343335
504.229 1.59641e-005 2.89618 -0.432907
672.306 2.83807e-005 3.86157 -0.522478
840.382 4.43444e-005 4.82696 -0.61205
1008.46 6.38567e-005 5.79236 -0.701621
1176.53 8.69157e-005 6.75775 -0.791193
1344.61 0.000113523 7.72314 -0.880764
1512.69 0.000143677 8.68854 -0.970336
1680.76 0.000177379 9.65393 -1.05991
1848.84 0.000214629 10.6193 -1.14948
2016.92 0.000255426 11.5847 -1.23905
2184.99 0.000299771 12.5501 -1.32862
2353.07 0.000347664 13.5155 -1.41819
2521.15 0.000399105 14.4809 -1.50777
2689.22 0.000454091 15.4463 -1.59734
2857.3 0.000512626 16.4117 -1.68691
3025.38 0.00057471 17.3771 -1.77648
3193.45 0.000640341 18.3425 -1.86605
3361.53 0.000709519 19.3079 -1.95562
3529.6 0.000782245 20.2732 -2.0452
3697.68 0.000858519 21.2386 -2.13477
3865.76 0.000938341 22.204 -2.22434
4033.83 0.00102171 23.1694 -2.31391
4201.91 0.00110863 24.1348 -2.40348
4369.99 0.00119909 25.1002 -2.49305
4538.06 0.00129311 26.0656 -2.58263
4706.14 0.00139067 27.031 -2.6722
4874.22 0.00149177 27.9964 -2.76177
5042.29 0.00159643 28.9618 -2.85134
5210.37 0.00170463 29.9272 -2.94091
5378.45 0.00181639 30.8926 -3.03049
5546.52 0.00193168 31.858 -3.12006
5714.6 0.00205053 32.8234 -3.20963
5882.67 0.00217293 33.7887 -3.2992
6050.75 0.00229887 34.7541 -3.38877
6218.83 0.00242836 35.7195 -3.47835
6386.9 0.0025614 36.6849 -3.56792
6554.98 0.00269799 37.6503 -3.65749
6723.06 0.00283812 38.6157 -3.74706
6891.13 0.00298181 39.5811 -3.83663
7059.21 0.00312904 40.5465 -3.9262
7227.29 0.00327982 41.5119 -4.01578
7395.36 0.00343415 42.4773 -4.10535
7563.44 0.00359202 43.4427 -4.19492
7731.52 0.00375345 44.4081 -4.28449
7899.59 0.00391842 45.3735 -4.37406
8067.67 0.00408694 46.3389 -4.46364
8235.74 0.00425901 47.3042 -4.55321
8403.82 0.00443463 48.2696 -4.64278
8571.9 0.00461379 49.235 -4.73235
