168.076 -1.01995e-006 0.237928 -0.171047
336.153 -4.07984e-006 0.475855 -0.237627
504.229 -9.17963e-006 0.713783 -0.304208
672.306 -1.63192e-005 0.95171 -0.370789
840.382 -2.54991e-005 1.18964 -0.43737
1008.46 -3.67184e-005 1.42757 -0.503951
1176.53 -4.99779e-005 1.66549 -0.570533
1344.61 -6.52773e-005 1.90342 -0.637116
1512.69 -8.26165e-005 2.14135 -0.703698
1680.76 -0.000101996 2.37928 -0.770281
1848.84 -0.000123415 2.6172 -0.836865
2016.92 -0.000146874 2.85513 -0.903448
2184.99 -0.000172373 3.09306 -0.970033
2353.07 -0.000199912 3.33099 -1.03662
2521.15 -0.00022949 3.56891 -1.1032
2689.22 -0.000261109 3.80684 -1.16979
2857.3 -0.000294769 4.04477 -1.23637
3025.38 -0.000330467 4.2827 -1.30296
3193.45 -0.000368205 4.52062 -1.36954
3361.53 -0.000407984 4.75855 -1.43613
3529.6 -0.000449803 4.99648 -1.50272
3697.68 -0.000493661 5.23441 -1.5693
3865.76 -0.000539559 5.47233 -1.63589
4033.83 -0.000587498 5.71026 -1.70248
4201.91 -0.000637476 5.94819 -1.76907
4369.99 -0.000689495 6.18612 -1.83566
4538.06 -0.000743552 6.42404 -1.90225
4706.14 -0.000799651 6.66197 -1.96883
4874.22 -0.00085779 6.8999 -2.03542
5042.29 -0.000917968 7.13783 -2.10201
5210.37 -0.000980186 7.37575 -2.1686
5378.45 -0.00104444 7.61368 -2.2352
5546.52 -0.00111074 7.85161 -2.30179
5714.6 -0.00117908 8.08954 -2.36838
5882.67 -0.00124946 8.32746 -2.43497
6050.75 -0.00132188 8.56539 -2.50156
6218.83 -0.00139634 8.80332 -2.56815
6386.9 -0.00147283 9.04125 -2.63475
6554.98 -0.00155137 9.27917 -2.70134
6723.06 -0.00163195 9.5171 -2.76793
6891.13 -0.00171457 9.75503 -2.83453
7059.21 -0.00179923 9.99296 -2.90112
7227.29 -0.00188593 10.2309 -2.96772
7395.36 -0.00197467 10.4688 -3.03431
7563.44 -0.00206545 10.7067 -3.10091
7731.52 -0.00215827 10.9447 -3.1675
7899.59 -0.00225312 11.1826 -3.2341
8067.67 -0.00235002 11.4205 -3.30069
8235.74 -0.00244896 11.6584 -3.36729
8403.82 -0.00254994 11.8964 -3.43389
8571.9 -0.00265296 12.1343 -3.50048
