168.076 1.76319e-006 0.858881 -0.251057
336.153 7.05271e-006 1.71776 -0.340343
504.229 1.58686e-005 2.57664 -0.429629
672.306 2.8211e-005 3.43552 -0.518915
840.382 4.40792e-005 4.29441 -0.608201
1008.46 6.34747e-005 5.15329 -0.697487
1176.53 8.6396e-005 6.01217 -0.786773
1344.61 0.000112844 6.87105 -0.876059
1512.69 0.000142818 7.72993 -0.965345
1680.76 0.000176318 8.58881 -1.05463
1848.84 0.000213345 9.44769 -1.14392
2016.92 0.000253899 10.3066 -1.2332
2184.99 0.000297978 11.1655 -1.32249
2353.07 0.000345585 12.0243 -1.41178
2521.15 0.000396718 12.8832 -1.50106
2689.22 0.000451376 13.7421 -1.59035
2857.3 0.000509561 14.601 -1.67963
3025.38 0.000571273 15.4599 -1.76892
3193.45 0.000636511 16.3187 -1.85821
3361.53 0.000705276 17.1776 -1.94749
3529.6 0.000777567 18.0365 -2.03678
3697.68 0.000853385 18.8954 -2.12607
3865.76 0.000932729 19.7543 -2.21535
4033.83 0.0010156 20.6131 -2.30464
4201.91 0.001102 21.472 -2.39393
4369.99 0.00119192 22.3309 -2.48321
4538.06 0.00128537 23.1898 -2.5725
4706.14 0.00138235 24.0487 -2.66179
4874.22 0.00148285 24.9075 -2.75107
5042.29 0.00158688 25.7664 -2.84036
5210.37 0.00169444 26.6253 -2.92965
5378.45 0.00180552 27.4842 -3.01893
5546.52 0.00192013 28.3431 -3.10822
5714.6 0.00203827 29.202 -3.19751
5882.67 0.00215993 30.0608 -3.28679
6050.75 0.00228512 30.9197 -3.37608
6218.83 0.00241384 31.7786 -3.46537
6386.9 0.00254608 32.6375 -3.55465
6554.98 0.00268185 33.4964 -3.64394
6723.06 0.00282115 34.3552 -3.73323
6891.13 0.00296398 35.2141 -3.82251
7059.21 0.00311033 36.073 -3.9118
7227.29 0.0032602 36.9319 -4.00109
7395.36 0.00341361 37.7908 -4.09037
7563.44 0.00357054 38.6496 -4.17966
7731.52 0.003731 39.5085 -4.26895
7899.59 0.00389498 40.3674 -4.35823
8067.67 0.0040625 41.2263 -4.44752
8235.74 0.00423354 42.0852 -4.53681
8403.82 0.0044081 42.9441 -4.6261
8571.9 0.0045862 43.8029 -4.71538
