168.076 -1.75868e-006 0.828848 -0.0724853
336.153 -7.03466e-006 1.6577 0.0168006
504.229 -1.5828e-005 2.48655 0.106086
672.306 -2.81389e-005 3.31539 0.195372
840.382 -4.39663e-005 4.14424 0.284658
1008.46 -6.3312e-005 4.97309 0.373944
1176.53 -8.61749e-005 5.80194 0.463229
1344.61 -0.000112555 6.63079 0.552515
1512.69 -0.000142452 7.45964 0.641801
1680.76 -0.000175867 8.28848 0.731086
1848.84 -0.000212799 9.11733 0.820372
2016.92 -0.000253249 9.94618 0.909658
2184.99 -0.000297216 10.775 0.998943
2353.07 -0.0003447 11.6039 1.08823
2521.15 -0.000395703 12.4327 1.17751
2689.22 -0.000450221 13.2616 1.2668
2857.3 -0.000508256 14.0904 1.35609
3025.38 -0.000569811 14.9193 1.44537
3193.45 -0.000634882 15.7481 1.53466
3361.53 -0.000703471 16.577 1.62394
3529.6 -0.000775577 17.4058 1.71323
3697.68 -0.000851201 18.2347 1.80251
3865.76 -0.000930342 19.0635 1.8918
4033.83 -0.001013 19.8924 1.98108
4201.91 -0.00109918 20.7212 2.07037
4369.99 -0.00118887 21.5501 2.15965
4538.06 -0.00128208 22.3789 2.24894
4706.14 -0.00137881 23.2078 2.33822
4874.22 -0.00147906 24.0366 2.42751
5042.29 -0.00158282 24.8655 2.51679
5210.37 -0.0016901 25.6943 2.60608
5378.45 -0.0018009 26.5232 2.69536
5546.52 -0.00191522 27.352 2.78465
5714.6 -0.00203305 28.1808 2.87393
5882.67 -0.0021544 29.0097 2.96322
6050.75 -0.00227927 29.8385 3.0525
6218.83 -0.00240766 30.6674 3.14179
6386.9 -0.00253957 31.4962 3.23107
6554.98 -0.00267499 32.3251 3.32036
6723.06 -0.00281393 33.1539 3.40964
6891.13 -0.00295639 33.9828 3.49893
7059.21 -0.00310237 34.8116 3.58821
7227.29 -0.00325186 35.6405 3.6775
7395.36 -0.00340487 36.4693 3.76678
7563.44 -0.0035614 37.2982 3.85607
7731.52 -0.00372145 38.127 3.94535
7899.59 -0.00388502 38.9559 4.03464
8067.67 -0.0040521 39.7847 4.12392
8235.74 -0.0042227 40.6136 4.21321
8403.82 -0.00439682 41.4424 4.30249
8571.9 -0.00457446 42.2713 4.39178
