168.076 1.0105e-006 0.234599 -0.171047
336.153 4.04197e-006 0.469197 -0.237627
504.229 9.09445e-006 0.703796 -0.304208
672.306 1.6168e-005 0.938394 -0.370789
840.382 2.52623e-005 1.17299 -0.43737
1008.46 3.6378e-005 1.40759 -0.503951
1176.53 4.95143e-005 1.64219 -0.570533
1344.61 6.46718e-005 1.87679 -0.637116
1512.69 8.18503e-005 2.11139 -0.703698
1680.76 0.00010105 2.34599 -0.770281
1848.84 0.00012227 2.58058 -0.836865
2016.92 0.000145512 2.81518 -0.903448
2184.99 0.000170774 3.04978 -0.970033
2353.07 0.000198058 3.28438 -1.03662
2521.15 0.000227363 3.51898 -1.1032
2689.22 0.000258687 3.75358 -1.16979
2857.3 0.000292034 3.98818 -1.23637
3025.38 0.000327401 4.22277 -1.30296
3193.45 0.00036479 4.45737 -1.36954
3361.53 0.0004042 4.69197 -1.43613
3529.6 0.00044563 4.92657 -1.50272
3697.68 0.000489082 5.16117 -1.5693
3865.76 0.000534555 5.39577 -1.63589
4033.83 0.000582048 5.63036 -1.70248
4201.91 0.000631563 5.86496 -1.76907
4369.99 0.000683099 6.09956 -1.83566
4538.06 0.000736656 6.33416 -1.90225
4706.14 0.000792234 6.56876 -1.96883
4874.22 0.000849832 6.80336 -2.03542
5042.29 0.000909453 7.03796 -2.10201
5210.37 0.000971094 7.27255 -2.1686
5378.45 0.00103476 7.50715 -2.2352
5546.52 0.00110044 7.74175 -2.30179
5714.6 0.00116814 7.97635 -2.36838
5882.67 0.00123787 8.21095 -2.43497
6050.75 0.00130962 8.44555 -2.50156
6218.83 0.00138338 8.68015 -2.56815
6386.9 0.00145917 8.91474 -2.63475
6554.98 0.00153698 9.14934 -2.70134
6723.06 0.00161681 9.38394 -2.76793
6891.13 0.00169867 9.61854 -2.83453
7059.21 0.00178254 9.85314 -2.90112
7227.29 0.00186843 10.0877 -2.96772
7395.36 0.00195635 10.3223 -3.03431
7563.44 0.00204629 10.5569 -3.10091
7731.52 0.00213825 10.7915 -3.1675
7899.59 0.00223222 11.0261 -3.2341
8067.67 0.00232823 11.2607 -3.30069
8235.74 0.00242625 11.4953 -3.36729
8403.82 0.00252629 11.7299 -3.43389
8571.9 0.00262835 11.9645 -3.50048
