168.076 -1.28605e-006 0.346592 -0.197245
336.153 -5.14422e-006 0.693184 -0.272536
504.229 -1.15745e-005 1.03978 -0.347827
672.306 -2.05767e-005 1.38637 -0.423118
840.382 -3.21514e-005 1.73296 -0.498409
1008.46 -4.62977e-005 2.07955 -0.5737
1176.53 -6.30165e-005 2.42615 -0.648991
1344.61 -8.23073e-005 2.77274 -0.724281
1512.69 -0.00010417 3.11933 -0.799572
1680.76 -0.000128605 3.46592 -0.874863
1848.84 -0.000155612 3.81251 -0.950154
2016.92 -0.000185191 4.15911 -1.02544
2184.99 -0.000217343 4.5057 -1.10074
2353.07 -0.000252066 4.85229 -1.17603
2521.15 -0.000289361 5.19888 -1.25132
2689.22 -0.00032923 5.54548 -1.32661
2857.3 -0.00037167 5.89207 -1.4019
3025.38 -0.000416682 6.23866 -1.47719
3193.45 -0.000464266 6.58525 -1.55248
3361.53 -0.000514423 6.93184 -1.62777
3529.6 -0.000567151 7.27844 -1.70306
3697.68 -0.000622452 7.62503 -1.77835
3865.76 -0.000680325 7.97162 -1.85364
4033.83 -0.00074077 8.31821 -1.92894
4201.91 -0.000803787 8.66481 -2.00423
4369.99 -0.000869377 9.0114 -2.07952
4538.06 -0.000937538 9.35799 -2.15481
4706.14 -0.00100827 9.70458 -2.2301
4874.22 -0.00108158 10.0512 -2.30539
5042.29 -0.00115746 10.3978 -2.38068
5210.37 -0.00123591 10.7444 -2.45597
5378.45 -0.00131693 11.091 -2.53126
5546.52 -0.00140052 11.4375 -2.60655
5714.6 -0.00148669 11.7841 -2.68184
5882.67 -0.00157543 12.1307 -2.75714
6050.75 -0.00166674 12.4773 -2.83243
6218.83 -0.00176063 12.8239 -2.90772
6386.9 -0.00185708 13.1705 -2.98301
6554.98 -0.00195611 13.5171 -3.0583
6723.06 -0.00205771 13.8637 -3.13359
6891.13 -0.00216189 14.2103 -3.20888
7059.21 -0.00226863 14.5569 -3.28417
7227.29 -0.00237795 14.9035 -3.35946
7395.36 -0.00248984 15.2501 -3.43475
7563.44 -0.00260431 15.5966 -3.51004
7731.52 -0.00272134 15.9432 -3.58533
7899.59 -0.00284095 16.2898 -3.66063
8067.67 -0.00296313 16.6364 -3.73592
8235.74 -0.00308788 16.983 -3.81121
8403.82 -0.00321521 17.3296 -3.8865
8571.9 -0.00334511 17.6762 -3.96179
