168.076 -1.40674e-007 0.0200092 -0.0575204
336.153 -5.62704e-007 0.0400184 -0.0811159
504.229 -1.26608e-006 0.0600275 -0.104712
672.306 -2.25078e-006 0.0800367 -0.128308
840.382 -3.51693e-006 0.100046 -0.151904
1008.46 -5.06429e-006 0.120055 -0.1755
1176.53 -6.89307e-006 0.140064 -0.199097
1344.61 -9.00321e-006 0.160073 -0.222694
1512.69 -1.13947e-005 0.180083 -0.246292
1680.76 -1.40675e-005 0.200092 -0.269889
1848.84 -1.70217e-005 0.220101 -0.293487
2016.92 -2.02572e-005 0.24011 -0.317085
2184.99 -2.37741e-005 0.260119 -0.340683
2353.07 -2.75723e-005 0.280128 -0.364282
2521.15 -3.16517e-005 0.300138 -0.387881
2689.22 -3.60129e-005 0.320147 -0.41148
2857.3 -4.06552e-005 0.340156 -0.43508
3025.38 -4.55788e-005 0.360165 -0.458679
3193.45 -5.07838e-005 0.380174 -0.482279
3361.53 -5.62701e-005 0.400184 -0.50588
3529.6 -6.20378e-005 0.420193 -0.52948
3697.68 -6.80868e-005 0.440202 -0.553081
3865.76 -7.44172e-005 0.460211 -0.576682
4033.83 -8.10289e-005 0.48022 -0.600283
4201.91 -8.7922e-005 0.500229 -0.623885
4369.99 -9.50965e-005 0.520239 -0.647486
4538.06 -0.000102552 0.540248 -0.671089
4706.14 -0.000110289 0.560257 -0.694691
4874.22 -0.000118308 0.580266 -0.718293
5042.29 -0.000126608 0.600275 -0.741896
5210.37 -0.000135189 0.620284 -0.7655
5378.45 -0.000144052 0.640294 -0.789103
5546.52 -0.000153195 0.660303 -0.812707
5714.6 -0.000162621 0.680312 -0.836311
5882.67 -0.000172327 0.700321 -0.859915
6050.75 -0.000182315 0.72033 -0.883519
6218.83 -0.000192585 0.74034 -0.907124
6386.9 -0.000203135 0.760349 -0.930729
6554.98 -0.000213967 0.780358 -0.954334
6723.06 -0.000225081 0.800367 -0.97794
6891.13 -0.000236475 0.820376 -1.00155
7059.21 -0.000248152 0.840385 -1.02515
7227.29 -0.000260109 0.860395 -1.04876
7395.36 -0.000272348 0.880404 -1.07236
7563.44 -0.000284868 0.900413 -1.09597
7731.52 -0.000297669 0.920422 -1.11958
7899.59 -0.000310752 0.940431 -1.14319
8067.67 -0.000324116 0.96044 -1.16679
8235.74 -0.000337762 0.98045 -1.1904
8403.82 -0.000351689 1.00046 -1.21401
8571.9 -0.000365897 1.02047 -1.23762
