168.076 1.77614e-006 1 -0.164192
336.153 7.10458e-006 2 -0.164192
504.229 1.59853e-005 3 -0.164192
672.306 2.84183e-005 4 -0.164192
840.382 4.44037e-005 5 -0.164192
1008.46 6.39414e-005 6 -0.164192
1176.53 8.70311e-005 7 -0.164192
1344.61 0.000113673 8 -0.164192
1512.69 0.000143868 9 -0.164192
1680.76 0.000177615 10 -0.164192
1848.84 0.000214914 11 -0.164192
2016.92 0.000255765 12 -0.164192
2184.99 0.000300169 13 -0.164192
2353.07 0.000348125 14 -0.164192
2521.15 0.000399634 15 -0.164192
2689.22 0.000454695 16 -0.164192
2857.3 0.000513308 17 -0.164192
3025.38 0.000575473 18 -0.164192
3193.45 0.000641191 19 -0.164192
3361.53 0.000710462 20 -0.164192
3529.6 0.000783284 21 -0.164192
3697.68 0.00085966 22 -0.164192
3865.76 0.000939587 23 -0.164192
4033.83 0.00102307 24 -0.164192
4201.91 0.0011101 25 -0.164192
4369.99 0.00120068 26 -0.164192
4538.06 0.00129482 27 -0.164192
4706.14 0.00139251 28 -0.164192
4874.22 0.00149375 29 -0.164192
5042.29 0.00159855 30 -0.164192
5210.37 0.0017069 31 -0.164192
5378.45 0.0018188 32 -0.164192
5546.52 0.00193425 33 -0.164192
5714.6 0.00205326 34 -0.164192
5882.67 0.00217581 35 -0.164192
6050.75 0.00230192 36 -0.164192
6218.83 0.00243159 37 -0.164192
6386.9 0.0025648 38 -0.164192
6554.98 0.00270157 39 -0.164192
6723.06 0.00284189 40 -0.164192
6891.13 0.00298577 41 -0.164192
7059.21 0.0031332 42 -0.164192
7227.29 0.00328418 43 -0.164192
7395.36 0.00343871 44 -0.164192
7563.44 0.00359679 45 -0.164192
7731.52 0.00375843 46 -0.164192
7899.59 0.00392362 47 -0.164192
8067.67 0.00409237 48 -0.164192
8235.74 0.00426466 49 -0.164192
8403.82 0.00444052 50 -0.164192
8571.9 0.00461992 51 -0.164192
