168.076 -1.47887e-007 0.0211889 -0.0339252
336.153 -5.91546e-007 0.0423779 -0.0339252
504.229 -1.33098e-006 0.0635668 -0.0339252
672.306 -2.36618e-006 0.0847557 -0.0339252
840.382 -3.69716e-006 0.105945 -0.0339252
1008.46 -5.32391e-006 0.127134 -0.0339252
1176.53 -7.24644e-006 0.148323 -0.0339252
1344.61 -9.46474e-006 0.169511 -0.0339252
1512.69 -1.19788e-005 0.1907 -0.0339252
1680.76 -1.47886e-005 0.211889 -0.0339252
1848.84 -1.78943e-005 0.233078 -0.0339252
2016.92 -2.12957e-005 0.254267 -0.0339252
2184.99 -2.49928e-005 0.275456 -0.0339252
2353.07 -2.89858e-005 0.296645 -0.0339252
2521.15 -3.32745e-005 0.317834 -0.0339252
2689.22 -3.78589e-005 0.339023 -0.0339252
2857.3 -4.27392e-005 0.360212 -0.0339252
3025.38 -4.79152e-005 0.381401 -0.0339252
3193.45 -5.3387e-005 0.40259 -0.0339252
3361.53 -5.91546e-005 0.423779 -0.0339252
3529.6 -6.5218e-005 0.444968 -0.0339252
3697.68 -7.15771e-005 0.466156 -0.0339252
3865.76 -7.8232e-005 0.487345 -0.0339252
4033.83 -8.51827e-005 0.508534 -0.0339252
4201.91 -9.24291e-005 0.529723 -0.0339252
4369.99 -9.99713e-005 0.550912 -0.0339252
4538.06 -0.000107809 0.572101 -0.0339252
4706.14 -0.000115943 0.59329 -0.0339252
4874.22 -0.000124373 0.614479 -0.0339252
5042.29 -0.000133098 0.635668 -0.0339252
5210.37 -0.000142119 0.656857 -0.0339252
5378.45 -0.000151436 0.678046 -0.0339252
5546.52 -0.000161049 0.699235 -0.0339252
5714.6 -0.000170957 0.720424 -0.0339252
5882.67 -0.000181161 0.741613 -0.0339252
6050.75 -0.000191661 0.762801 -0.0339252
6218.83 -0.000202457 0.78399 -0.0339252
6386.9 -0.000213548 0.805179 -0.0339252
6554.98 -0.000224936 0.826368 -0.0339252
6723.06 -0.000236619 0.847557 -0.0339252
6891.13 -0.000248598 0.868746 -0.0339252
7059.21 -0.000260872 0.889935 -0.0339252
7227.29 -0.000273443 0.911124 -0.0339252
7395.36 -0.000286309 0.932313 -0.0339252
7563.44 -0.000299471 0.953502 -0.0339252
7731.52 -0.000312929 0.974691 -0.0339252
7899.59 -0.000326682 0.99588 -0.0339252
8067.67 -0.000340731 1.01707 -0.0339252
8235.74 -0.000355077 1.03826 -0.0339252
8403.82 -0.000369717 1.05945 -0.0339252
8571.9 -0.000384654 1.08064 -0.0339252
