168.076 1.22545e-006 0.317503 -0.197245
336.153 4.90177e-006 0.635005 -0.272537
504.229 1.1029e-005 0.952508 -0.347828
672.306 1.96072e-005 1.27001 -0.42312
840.382 3.0636e-005 1.58751 -0.498412
1008.46 4.41161e-005 1.90502 -0.573705
1176.53 6.00468e-005 2.22252 -0.648998
1344.61 7.84285e-005 2.54002 -0.724291
1512.69 9.92612e-005 2.85752 -0.799584
1680.76 0.000122545 3.17503 -0.874878
1848.84 0.000148279 3.49253 -0.950171
2016.92 0.000176464 3.81003 -1.02547
2184.99 0.000207101 4.12753 -1.10076
2353.07 0.000240188 4.44504 -1.17605
2521.15 0.000275727 4.76254 -1.25135
2689.22 0.000313715 5.08004 -1.32665
2857.3 0.000354154 5.39754 -1.40194
3025.38 0.000397045 5.71505 -1.47724
3193.45 0.000442387 6.03255 -1.55253
3361.53 0.00049018 6.35005 -1.62783
3529.6 0.000540423 6.66755 -1.70313
3697.68 0.000593118 6.98506 -1.77842
3865.76 0.000648263 7.30256 -1.85372
4033.83 0.00070586 7.62006 -1.92902
4201.91 0.000765908 7.93756 -2.00432
4369.99 0.000828406 8.25507 -2.07961
4538.06 0.000893356 8.57257 -2.15491
4706.14 0.000960756 8.89007 -2.23021
4874.22 0.00103061 9.20757 -2.30551
5042.29 0.00110291 9.52508 -2.38081
5210.37 0.00117766 9.84258 -2.45611
5378.45 0.00125487 10.1601 -2.53141
5546.52 0.00133452 10.4776 -2.60671
5714.6 0.00141663 10.7951 -2.68201
5882.67 0.00150119 11.1126 -2.75731
6050.75 0.0015882 11.4301 -2.83261
6218.83 0.00167766 11.7476 -2.90791
6386.9 0.00176957 12.0651 -2.98322
6554.98 0.00186393 12.3826 -3.05852
6723.06 0.00196074 12.7001 -3.13382
6891.13 0.00206001 13.0176 -3.20912
7059.21 0.00216172 13.3351 -3.28443
7227.29 0.00226589 13.6526 -3.35973
7395.36 0.0023725 13.9701 -3.43503
7563.44 0.00248157 14.2876 -3.51034
7731.52 0.00259309 14.6051 -3.58564
7899.59 0.00270706 14.9226 -3.66094
8067.67 0.00282349 15.2401 -3.73625
8235.74 0.00294236 15.5576 -3.81155
8403.82 0.00306368 15.8751 -3.88686
8571.9 0.00318746 16.1926 -3.96216
