168.076 -1.45029e-006 0.435154 -0.0548542
336.153 -5.80113e-006 0.870307 0.0267198
504.229 -1.30525e-005 1.30546 0.108294
672.306 -2.32047e-005 1.74061 0.189867
840.382 -3.62569e-005 2.17577 0.271441
1008.46 -5.22102e-005 2.61092 0.353014
1176.53 -7.1064e-005 3.04608 0.434587
1344.61 -9.28183e-005 3.48123 0.51616
1512.69 -0.000117473 3.91638 0.597732
1680.76 -0.000145029 4.35154 0.679304
1848.84 -0.000175485 4.78669 0.760877
2016.92 -0.000208841 5.22184 0.842448
2184.99 -0.000245099 5.657 0.92402
2353.07 -0.000284257 6.09215 1.00559
2521.15 -0.000326316 6.5273 1.08716
2689.22 -0.000371274 6.96246 1.16873
2857.3 -0.000419133 7.39761 1.2503
3025.38 -0.000469894 7.83277 1.33188
3193.45 -0.000523555 8.26792 1.41345
3361.53 -0.000580116 8.70307 1.49502
3529.6 -0.000639578 9.13823 1.57659
3697.68 -0.000701941 9.57338 1.65816
3865.76 -0.000767205 10.0085 1.73973
4033.83 -0.000835369 10.4437 1.82129
4201.91 -0.000906434 10.8788 1.90286
4369.99 -0.000980399 11.314 1.98443
4538.06 -0.00105727 11.7491 2.066
4706.14 -0.00113703 12.1843 2.14757
4874.22 -0.0012197 12.6195 2.22914
5042.29 -0.00130527 13.0546 2.31071
5210.37 -0.00139374 13.4898 2.39227
5378.45 -0.00148511 13.9249 2.47384
5546.52 -0.00157938 14.3601 2.55541
5714.6 -0.00167655 14.7952 2.63698
5882.67 -0.00177662 15.2304 2.71854
6050.75 -0.0018796 15.6655 2.80011
6218.83 -0.00198547 16.1007 2.88168
6386.9 -0.00209424 16.5358 2.96324
6554.98 -0.00220592 16.971 3.04481
6723.06 -0.0023205 17.4061 3.12638
6891.13 -0.00243797 17.8413 3.20794
7059.21 -0.00255835 18.2765 3.28951
7227.29 -0.00268163 18.7116 3.37107
7395.36 -0.00280781 19.1468 3.45264
7563.44 -0.00293689 19.5819 3.5342
7731.52 -0.00306887 20.0171 3.61577
7899.59 -0.00320376 20.4522 3.69733
8067.67 -0.00334154 20.8874 3.7789
8235.74 -0.00348223 21.3225 3.86046
8403.82 -0.00362581 21.7577 3.94202
8571.9 -0.0037723 22.1928 4.02359
