168.076 7.16726e-007 0.144588 -0.0287825
336.153 2.86693e-006 0.289177 0.0264012
504.229 6.45059e-006 0.433765 0.081585
672.306 1.14676e-005 0.578353 0.136769
840.382 1.79184e-005 0.722941 0.191953
1008.46 2.58023e-005 0.86753 0.247136
1176.53 3.51198e-005 1.01212 0.30232
1344.61 4.58707e-005 1.15671 0.357504
1512.69 5.80551e-005 1.30129 0.412688
1680.76 7.16731e-005 1.44588 0.467871
1848.84 8.67245e-005 1.59047 0.523055
2016.92 0.000103209 1.73506 0.578239
2184.99 0.000121127 1.87965 0.633423
2353.07 0.000140479 2.02424 0.688607
2521.15 0.000161264 2.16882 0.74379
2689.22 0.000183483 2.31341 0.798974
2857.3 0.000207136 2.458 0.854158
3025.38 0.000232221 2.60259 0.909342
3193.45 0.00025874 2.74718 0.964526
3361.53 0.000286693 2.89177 1.01971
3529.6 0.000316079 3.03635 1.07489
3697.68 0.000346898 3.18094 1.13008
3865.76 0.000379151 3.32553 1.18526
4033.83 0.000412838 3.47012 1.24044
4201.91 0.000447958 3.61471 1.29563
4369.99 0.000484511 3.75929 1.35081
4538.06 0.000522498 3.90388 1.406
4706.14 0.000561919 4.04847 1.46118
4874.22 0.000602773 4.19306 1.51636
5042.29 0.00064506 4.33765 1.57155
5210.37 0.000688781 4.48224 1.62673
5378.45 0.000733936 4.62682 1.68191
5546.52 0.000780524 4.77141 1.7371
5714.6 0.000828545 4.916 1.79228
5882.67 0.000878 5.06059 1.84747
6050.75 0.000928889 5.20518 1.90265
6218.83 0.000981211 5.34977 1.95783
6386.9 0.00103497 5.49435 2.01302
6554.98 0.00109016 5.63894 2.0682
6723.06 0.00114678 5.78353 2.12338
6891.13 0.00120483 5.92812 2.17857
7059.21 0.00126432 6.07271 2.23375
7227.29 0.00132525 6.21729 2.28894
7395.36 0.0013876 6.36188 2.34412
7563.44 0.0014514 6.50647 2.3993
7731.52 0.00151662 6.65106 2.45449
7899.59 0.00158328 6.79565 2.50967
8067.67 0.00165137 6.94024 2.56486
8235.74 0.00172089 7.08482 2.62004
8403.82 0.00179185 7.22941 2.67522
8571.9 0.00186424 7.374 2.73041
