168.076 -1.7239e-006 0.723285 -0.244509
336.153 -6.89565e-006 1.44657 -0.332681
504.229 -1.55152e-005 2.16986 -0.420853
672.306 -2.75824e-005 2.89314 -0.509025
840.382 -4.3098e-005 3.61643 -0.597198
1008.46 -6.20605e-005 4.33971 -0.68537
1176.53 -8.44715e-005 5.063 -0.773543
1344.61 -0.00011033 5.78628 -0.861715
1512.69 -0.000139637 6.50957 -0.949888
1680.76 -0.000172391 7.23285 -1.03806
1848.84 -0.000208593 7.95614 -1.12623
2016.92 -0.000248243 8.67942 -1.21441
2184.99 -0.000291341 9.40271 -1.30258
2353.07 -0.000337887 10.126 -1.39075
2521.15 -0.000387879 10.8493 -1.47892
2689.22 -0.000441322 11.5726 -1.5671
2857.3 -0.000498212 12.2958 -1.65527
3025.38 -0.000558549 13.0191 -1.74344
3193.45 -0.000622334 13.7424 -1.83162
3361.53 -0.000689567 14.4657 -1.91979
3529.6 -0.000760248 15.189 -2.00796
3697.68 -0.000834377 15.9123 -2.09614
3865.76 -0.000911954 16.6356 -2.18431
4033.83 -0.000992979 17.3588 -2.27249
4201.91 -0.00107745 18.0821 -2.36066
4369.99 -0.00116537 18.8054 -2.44883
4538.06 -0.00125674 19.5287 -2.53701
4706.14 -0.00135156 20.252 -2.62518
4874.22 -0.00144982 20.9753 -2.71335
5042.29 -0.00155154 21.6986 -2.80153
5210.37 -0.0016567 22.4218 -2.8897
5378.45 -0.00176531 23.1451 -2.97788
5546.52 -0.00187736 23.8684 -3.06605
5714.6 -0.00199287 24.5917 -3.15423
5882.67 -0.00211182 25.315 -3.2424
6050.75 -0.00223422 26.0383 -3.33057
6218.83 -0.00236007 26.7616 -3.41875
6386.9 -0.00248937 27.4848 -3.50692
6554.98 -0.00262212 28.2081 -3.5951
6723.06 -0.00275831 28.9314 -3.68327
6891.13 -0.00289796 29.6547 -3.77145
7059.21 -0.00304105 30.378 -3.85962
7227.29 -0.00318759 31.1013 -3.9478
7395.36 -0.00333757 31.8246 -4.03597
7563.44 -0.00349101 32.5478 -4.12415
7731.52 -0.00364789 33.2711 -4.21232
7899.59 -0.00380823 33.9944 -4.3005
8067.67 -0.00397201 34.7177 -4.38867
8235.74 -0.00413924 35.441 -4.47685
8403.82 -0.00430992 36.1643 -4.56502
8571.9 -0.00448404 36.8875 -4.6532
