168.076 1.28605e-006 0.346592 -0.121954
336.153 5.1442e-006 0.693184 -0.121954
504.229 1.15745e-005 1.03978 -0.121954
672.306 2.05768e-005 1.38637 -0.121954
840.382 3.21513e-005 1.73296 -0.121954
1008.46 4.62979e-005 2.07955 -0.121954
1176.53 6.30165e-005 2.42615 -0.121954
1344.61 8.23073e-005 2.77274 -0.121954
1512.69 0.00010417 3.11933 -0.121954
1680.76 0.000128605 3.46592 -0.121954
1848.84 0.000155612 3.81251 -0.121954
2016.92 0.000185192 4.15911 -0.121954
2184.99 0.000217343 4.5057 -0.121954
2353.07 0.000252067 4.85229 -0.121954
2521.15 0.000289362 5.19888 -0.121954
2689.22 0.00032923 5.54548 -0.121954
2857.3 0.00037167 5.89207 -0.121954
3025.38 0.000416682 6.23866 -0.121954
3193.45 0.000464266 6.58525 -0.121954
3361.53 0.000514423 6.93184 -0.121954
3529.6 0.000567151 7.27844 -0.121954
3697.68 0.000622452 7.62503 -0.121954
3865.76 0.000680325 7.97162 -0.121954
4033.83 0.00074077 8.31821 -0.121954
4201.91 0.000803787 8.66481 -0.121954
4369.99 0.000869376 9.0114 -0.121954
4538.06 0.000937538 9.35799 -0.121954
4706.14 0.00100827 9.70458 -0.121954
4874.22 0.00108158 10.0512 -0.121954
5042.29 0.00115746 10.3978 -0.121954
5210.37 0.00123591 10.7444 -0.121954
5378.45 0.00131693 11.091 -0.121954
5546.52 0.00140052 11.4375 -0.121954
5714.6 0.00148669 11.7841 -0.121954
5882.67 0.00157543 12.1307 -0.121954
6050.75 0.00166674 12.4773 -0.121954
6218.83 0.00176063 12.8239 -0.121954
6386.9 0.00185708 13.1705 -0.121954
6554.98 0.00195611 13.5171 -0.121954
6723.06 0.00205771 13.8637 -0.121954
6891.13 0.00216189 14.2103 -0.121954
7059.21 0.00226863 14.5569 -0.121954
7227.29 0.00237795 14.9035 -0.121954
7395.36 0.00248984 15.2501 -0.121954
7563.44 0.00260431 15.5966 -0.121954
7731.52 0.00272134 15.9432 -0.121954
7899.59 0.00284095 16.2898 -0.121954
8067.67 0.00296313 16.6364 -0.121954
8235.74 0.00308788 16.983 -0.121954
8403.82 0.00321521 17.3296 -0.121954
8571.9 0.00334511 17.6762 -0.121954
