168.076 -1.6116e-006 0.56156 -0.233634
336.153 -6.44643e-006 1.12312 -0.319378
504.229 -1.45045e-005 1.68468 -0.405123
672.306 -2.57856e-005 2.24624 -0.490868
840.382 -4.02903e-005 2.8078 -0.576612
1008.46 -5.80176e-005 3.36936 -0.662357
1176.53 -7.89686e-005 3.93092 -0.748103
1344.61 -0.000103143 4.49248 -0.833848
1512.69 -0.00013054 5.05404 -0.919593
1680.76 -0.000161161 5.6156 -1.00534
1848.84 -0.000195004 6.17716 -1.09108
2016.92 -0.000232071 6.73872 -1.17683
2184.99 -0.000272361 7.30028 -1.26258
2353.07 -0.000315875 7.86184 -1.34832
2521.15 -0.00036261 8.4234 -1.43407
2689.22 -0.000412572 8.98497 -1.51982
2857.3 -0.000465756 9.54653 -1.60556
3025.38 -0.000522162 10.1081 -1.69131
3193.45 -0.000581791 10.6696 -1.77706
3361.53 -0.000644645 11.2312 -1.8628
3529.6 -0.000710721 11.7928 -1.94855
3697.68 -0.000780021 12.3543 -2.0343
3865.76 -0.000852544 12.9159 -2.12004
4033.83 -0.00092829 13.4774 -2.20579
4201.91 -0.00100726 14.039 -2.29154
4369.99 -0.00108945 14.6006 -2.37729
4538.06 -0.00117487 15.1621 -2.46303
4706.14 -0.00126351 15.7237 -2.54878
4874.22 -0.00135537 16.2852 -2.63453
5042.29 -0.00145046 16.8468 -2.72028
5210.37 -0.00154877 17.4084 -2.80603
5378.45 -0.0016503 17.9699 -2.89178
5546.52 -0.00175506 18.5315 -2.97753
5714.6 -0.00186304 19.0931 -3.06327
5882.67 -0.00197424 19.6546 -3.14902
6050.75 -0.00208867 20.2162 -3.23477
6218.83 -0.00220632 20.7777 -3.32052
6386.9 -0.0023272 21.3393 -3.40627
6554.98 -0.00245129 21.9009 -3.49202
6723.06 -0.00257862 22.4624 -3.57777
6891.13 -0.00270916 23.024 -3.66352
7059.21 -0.00284293 23.5855 -3.74927
7227.29 -0.00297992 24.1471 -3.83502
7395.36 -0.00312014 24.7087 -3.92077
7563.44 -0.00326358 25.2702 -4.00652
7731.52 -0.00341024 25.8318 -4.09227
7899.59 -0.00356013 26.3933 -4.17802
8067.67 -0.00371324 26.9549 -4.26377
8235.74 -0.00386958 27.5165 -4.34952
8403.82 -0.00402913 28.078 -4.43527
8571.9 -0.00419192 28.6396 -4.52103
