168.076 1.76317e-006 0.858881 -0.0724853
336.153 7.05274e-006 1.71776 0.0168006
504.229 1.58687e-005 2.57664 0.106086
672.306 2.82107e-005 3.43552 0.195372
840.382 4.40799e-005 4.29441 0.284658
1008.46 6.34746e-005 5.15329 0.373944
1176.53 8.63958e-005 6.01217 0.463229
1344.61 0.000112844 6.87105 0.552515
1512.69 0.000142818 7.72993 0.641801
1680.76 0.000176318 8.58881 0.731086
1848.84 0.000213345 9.44769 0.820372
2016.92 0.000253898 10.3066 0.909658
2184.99 0.000297978 11.1655 0.998943
2353.07 0.000345584 12.0243 1.08823
2521.15 0.000396715 12.8832 1.17751
2689.22 0.000451376 13.7421 1.2668
2857.3 0.000509562 14.601 1.35609
3025.38 0.000571273 15.4599 1.44537
3193.45 0.000636511 16.3187 1.53466
3361.53 0.000705276 17.1776 1.62394
3529.6 0.000777567 18.0365 1.71323
3697.68 0.000853385 18.8954 1.80251
3865.76 0.000932729 19.7543 1.8918
4033.83 0.0010156 20.6131 1.98108
4201.91 0.001102 21.472 2.07037
4369.99 0.00119192 22.3309 2.15965
4538.06 0.00128537 23.1898 2.24894
4706.14 0.00138235 24.0487 2.33822
4874.22 0.00148285 24.9075 2.42751
5042.29 0.00158688 25.7664 2.51679
5210.37 0.00169444 26.6253 2.60608
5378.45 0.00180552 27.4842 2.69536
5546.52 0.00192013 28.3431 2.78465
5714.6 0.00203827 29.202 2.87393
5882.67 0.00215993 30.0608 2.96322
6050.75 0.00228512 30.9197 3.0525
6218.83 0.00241384 31.7786 3.14179
6386.9 0.00254608 32.6375 3.23107
6554.98 0.00268185 33.4964 3.32036
6723.06 0.00282115 34.3552 3.40964
6891.13 0.00296398 35.2141 3.49893
7059.21 0.00311033 36.073 3.58821
7227.29 0.0032602 36.9319 3.6775
7395.36 0.00341361 37.7908 3.76678
7563.44 0.00357054 38.6496 3.85607
7731.52 0.003731 39.5085 3.94535
7899.59 0.00389498 40.3674 4.03464
8067.67 0.0040625 41.2263 4.12392
8235.74 0.00423354 42.0852 4.21321
8403.82 0.0044081 42.9441 4.30249
8571.9 0.0045862 43.8029 4.39178
