168.076 -1.48932e-006 0.462592 -0.0548542
336.153 -5.95724e-006 0.925185 0.0267198
504.229 -1.34038e-005 1.38778 0.108294
672.306 -2.38291e-005 1.85037 0.189867
840.382 -3.72326e-005 2.31296 0.271441
1008.46 -5.36153e-005 2.77555 0.353014
1176.53 -7.29764e-005 3.23815 0.434587
1344.61 -9.53161e-005 3.70074 0.51616
1512.69 -0.000120635 4.16333 0.597732
1680.76 -0.000148931 4.62592 0.679304
1848.84 -0.000180207 5.08852 0.760877
2016.92 -0.000214462 5.55111 0.842448
2184.99 -0.000251694 6.0137 0.92402
2353.07 -0.000291906 6.47629 1.00559
2521.15 -0.000335098 6.93888 1.08716
2689.22 -0.000381265 7.40148 1.16873
2857.3 -0.000430412 7.86407 1.2503
3025.38 -0.000482539 8.32666 1.33188
3193.45 -0.000537644 8.78925 1.41345
3361.53 -0.000595728 9.25185 1.49502
3529.6 -0.00065679 9.71444 1.57659
3697.68 -0.000720831 10.177 1.65816
3865.76 -0.000787851 10.6396 1.73973
4033.83 -0.00085785 11.1022 1.82129
4201.91 -0.000930827 11.5648 1.90286
4369.99 -0.00100678 12.0274 1.98443
4538.06 -0.00108572 12.49 2.066
4706.14 -0.00116763 12.9526 2.14757
4874.22 -0.00125252 13.4152 2.22914
5042.29 -0.0013404 13.8778 2.31071
5210.37 -0.00143125 14.3404 2.39227
5378.45 -0.00152507 14.803 2.47384
5546.52 -0.00162188 15.2655 2.55541
5714.6 -0.00172167 15.7281 2.63698
5882.67 -0.00182443 16.1907 2.71854
6050.75 -0.00193018 16.6533 2.80011
6218.83 -0.0020389 17.1159 2.88168
6386.9 -0.0021506 17.5785 2.96324
6554.98 -0.00226529 18.0411 3.04481
6723.06 -0.00238294 18.5037 3.12638
6891.13 -0.00250358 18.9663 3.20794
7059.21 -0.0026272 19.4289 3.28951
7227.29 -0.0027538 19.8915 3.37107
7395.36 -0.00288337 20.3541 3.45264
7563.44 -0.00301593 20.8167 3.5342
7731.52 -0.00315146 21.2792 3.61577
7899.59 -0.00328998 21.7418 3.69733
8067.67 -0.00343147 22.2044 3.7789
8235.74 -0.00357594 22.667 3.86046
8403.82 -0.00372339 23.1296 3.94202
8571.9 -0.00387382 23.5922 4.02359
