168.076 4.10378e-007 0.0708347 -0.0604524
336.153 1.64151e-006 0.141669 -0.0604524
504.229 3.69341e-006 0.212504 -0.0604524
672.306 6.56605e-006 0.283339 -0.0604524
840.382 1.02595e-005 0.354174 -0.0604524
1008.46 1.47736e-005 0.425008 -0.0604524
1176.53 2.01085e-005 0.495843 -0.0604524
1344.61 2.62642e-005 0.566678 -0.0604524
1512.69 3.32407e-005 0.637512 -0.0604524
1680.76 4.10379e-005 0.708347 -0.0604524
1848.84 4.96558e-005 0.779182 -0.0604524
2016.92 5.90945e-005 0.850017 -0.0604524
2184.99 6.9354e-005 0.920851 -0.0604524
2353.07 8.04342e-005 0.991686 -0.0604524
2521.15 9.23352e-005 1.06252 -0.0604524
2689.22 0.000105057 1.13336 -0.0604524
2857.3 0.000118599 1.20419 -0.0604524
3025.38 0.000132963 1.27502 -0.0604524
3193.45 0.000148147 1.34586 -0.0604524
3361.53 0.000164152 1.41669 -0.0604524
3529.6 0.000180977 1.48753 -0.0604524
3697.68 0.000198623 1.55836 -0.0604524
3865.76 0.000217091 1.6292 -0.0604524
4033.83 0.000236378 1.70003 -0.0604524
4201.91 0.000256487 1.77087 -0.0604524
4369.99 0.000277416 1.8417 -0.0604524
4538.06 0.000299167 1.91254 -0.0604524
4706.14 0.000321737 1.98337 -0.0604524
4874.22 0.000345129 2.05421 -0.0604524
5042.29 0.000369342 2.12504 -0.0604524
5210.37 0.000394375 2.19588 -0.0604524
5378.45 0.000420229 2.26671 -0.0604524
5546.52 0.000446904 2.33755 -0.0604524
5714.6 0.000474399 2.40838 -0.0604524
5882.67 0.000502716 2.47922 -0.0604524
6050.75 0.000531853 2.55005 -0.0604524
6218.83 0.000561811 2.62088 -0.0604524
6386.9 0.000592589 2.69172 -0.0604524
6554.98 0.000624189 2.76255 -0.0604524
6723.06 0.000656609 2.83339 -0.0604524
6891.13 0.00068985 2.90422 -0.0604524
7059.21 0.000723912 2.97506 -0.0604524
7227.29 0.000758794 3.04589 -0.0604524
7395.36 0.000794498 3.11673 -0.0604524
7563.44 0.000831022 3.18756 -0.0604524
7731.52 0.000868367 3.2584 -0.0604524
7899.59 0.000906532 3.32923 -0.0604524
8067.67 0.000945519 3.40007 -0.0604524
8235.74 0.000985326 3.4709 -0.0604524
8403.82 0.00102595 3.54174 -0.0604524
8571.9 0.0010674 3.61257 -0.0604524
