168.076 0 0 0
336.153 0 0 0
504.229 0 0 0
672.306 0 0 0
840.382 0 0 0
1008.46 0 0 0
1176.53 0 0 0
1344.61 0 0 0
1512.69 0 0 0
1680.76 0 0 0
1848.84 0 0 0
2016.92 0 0 0
2184.99 0 0 0
2353.07 0 0 0
2521.15 0 0 0
2689.22 0 0 0
2857.3 0 0 0
3025.38 0 0 0
3193.45 0 0 0
3361.53 0 0 0
3529.6 0 0 0
3697.68 0 0 0
3865.76 0 0 0
4033.83 0 0 0
4201.91 0 0 0
4369.99 0 0 0
4538.06 0 0 0
4706.14 0 0 0
4874.22 0 0 0
5042.29 0 0 0
5210.37 0 0 0
5378.45 0 0 0
5546.52 0 0 0
5714.6 0 0 0
5882.67 0 0 0
6050.75 0 0 0
6218.83 0 0 0
6386.9 0 0 0
6554.98 0 0 0
6723.06 0 0 0
6891.13 0 0 0
7059.21 0 0 0
7227.29 0 0 0
7395.36 0 0 0
7563.44 0 0 0
7731.52 0 0 0
7899.59 0 0 0
8067.67 0 0 0
8235.74 0 0 0
8403.82 0 0 0
8571.9 0 0 0
