168.076 1.27821e-006 0.342828 -0.197245
336.153 5.11282e-006 0.685655 -0.272537
504.229 1.15039e-005 1.02848 -0.347828
672.306 2.04514e-005 1.37131 -0.42312
840.382 3.19551e-005 1.71414 -0.498412
1008.46 4.60156e-005 2.05697 -0.573705
1176.53 6.26323e-005 2.39979 -0.648998
1344.61 8.18054e-005 2.74262 -0.724291
1512.69 0.000103535 3.08545 -0.799584
1680.76 0.000127821 3.42828 -0.874878
1848.84 0.000154663 3.7711 -0.950171
2016.92 0.000184062 4.11393 -1.02547
2184.99 0.000216018 4.45676 -1.10076
2353.07 0.000250529 4.79959 -1.17605
2521.15 0.000287598 5.14242 -1.25135
2689.22 0.000327222 5.48524 -1.32665
2857.3 0.000369403 5.82807 -1.40194
3025.38 0.000414141 6.1709 -1.47724
3193.45 0.000461435 6.51373 -1.55253
3361.53 0.000511285 6.85655 -1.62783
3529.6 0.000563692 7.19938 -1.70313
3697.68 0.000618656 7.54221 -1.77842
3865.76 0.000676176 7.88504 -1.85372
4033.83 0.000736252 8.22786 -1.92902
4201.91 0.000798885 8.57069 -2.00432
4369.99 0.000864074 8.91352 -2.07961
4538.06 0.000931821 9.25635 -2.15491
4706.14 0.00100212 9.59917 -2.23021
4874.22 0.00107498 9.942 -2.30551
5042.29 0.0011504 10.2848 -2.38081
5210.37 0.00122837 10.6277 -2.45611
5378.45 0.0013089 10.9705 -2.53141
5546.52 0.00139198 11.3133 -2.60671
5714.6 0.00147763 11.6561 -2.68201
5882.67 0.00156582 11.999 -2.75731
6050.75 0.00165658 12.3418 -2.83261
6218.83 0.00174989 12.6846 -2.90791
6386.9 0.00184576 13.0275 -2.98322
6554.98 0.00194418 13.3703 -3.05852
6723.06 0.00204517 13.7131 -3.13382
6891.13 0.0021487 14.0559 -3.20912
7059.21 0.0022548 14.3988 -3.28443
7227.29 0.00236345 14.7416 -3.35973
7395.36 0.00247466 15.0844 -3.43503
7563.44 0.00258842 15.4272 -3.51034
7731.52 0.00270474 15.7701 -3.58564
7899.59 0.00282362 16.1129 -3.66094
8067.67 0.00294506 16.4557 -3.73625
8235.74 0.00306905 16.7986 -3.81155
8403.82 0.0031956 17.1414 -3.88686
8571.9 0.0033247 17.4842 -3.96216
