168.076 1.48932e-006 0.462592 -0.218003
336.153 5.95724e-006 0.925185 -0.299578
504.229 1.34038e-005 1.38778 -0.381152
672.306 2.38291e-005 1.85037 -0.462728
840.382 3.72327e-005 2.31296 -0.544303
1008.46 5.36154e-005 2.77555 -0.625878
1176.53 7.29764e-005 3.23815 -0.707454
1344.61 9.53161e-005 3.70074 -0.78903
1512.69 0.000120635 4.16333 -0.870606
1680.76 0.000148931 4.62592 -0.952183
1848.84 0.000180207 5.08852 -1.03376
2016.92 0.000214462 5.55111 -1.11534
2184.99 0.000251694 6.0137 -1.19691
2353.07 0.000291906 6.47629 -1.27849
2521.15 0.000335097 6.93888 -1.36007
2689.22 0.000381265 7.40148 -1.44165
2857.3 0.000430412 7.86407 -1.52322
3025.38 0.000482539 8.32666 -1.6048
3193.45 0.000537644 8.78925 -1.68638
3361.53 0.000595728 9.25185 -1.76796
3529.6 0.00065679 9.71444 -1.84954
3697.68 0.000720831 10.177 -1.93112
3865.76 0.000787851 10.6396 -2.01269
4033.83 0.00085785 11.1022 -2.09427
4201.91 0.000930827 11.5648 -2.17585
4369.99 0.00100678 12.0274 -2.25743
4538.06 0.00108572 12.49 -2.33901
4706.14 0.00116763 12.9526 -2.42059
4874.22 0.00125252 13.4152 -2.50217
5042.29 0.0013404 13.8778 -2.58375
5210.37 0.00143125 14.3404 -2.66534
5378.45 0.00152507 14.803 -2.74692
5546.52 0.00162188 15.2655 -2.8285
5714.6 0.00172167 15.7281 -2.91008
5882.67 0.00182443 16.1907 -2.99166
6050.75 0.00193018 16.6533 -3.07324
6218.83 0.0020389 17.1159 -3.15483
6386.9 0.0021506 17.5785 -3.23641
6554.98 0.00226529 18.0411 -3.31799
6723.06 0.00238294 18.5037 -3.39957
6891.13 0.00250358 18.9663 -3.48116
7059.21 0.0026272 19.4289 -3.56274
7227.29 0.0027538 19.8915 -3.64432
7395.36 0.00288337 20.3541 -3.72591
7563.44 0.00301593 20.8167 -3.80749
7731.52 0.00315146 21.2792 -3.88907
7899.59 0.00328998 21.7418 -3.97066
8067.67 0.00343147 22.2044 -4.05224
8235.74 0.00357594 22.667 -4.13383
8403.82 0.00372339 23.1296 -4.21541
8571.9 0.00387382 23.5922 -4.297
