168.076 1.72583e-006 0.727694 -0.156337
336.153 6.90334e-006 1.45539 -0.156337
504.229 1.55325e-005 2.18308 -0.156337
672.306 2.76133e-005 2.91078 -0.156337
840.382 4.31459e-005 3.63847 -0.156337
1008.46 6.21302e-005 4.36616 -0.156337
1176.53 8.45659e-005 5.09386 -0.156337
1344.61 0.000110453 5.82155 -0.156337
1512.69 0.000139793 6.54924 -0.156337
1680.76 0.000172584 7.27694 -0.156337
1848.84 0.000208826 8.00463 -0.156337
2016.92 0.000248521 8.73233 -0.156337
2184.99 0.000291667 9.46002 -0.156337
2353.07 0.000338264 10.1877 -0.156337
2521.15 0.000388314 10.9154 -0.156337
2689.22 0.000441815 11.6431 -0.156337
2857.3 0.000498768 12.3708 -0.156337
3025.38 0.000559173 13.0985 -0.156337
3193.45 0.000623029 13.8262 -0.156337
3361.53 0.000690337 14.5539 -0.156337
3529.6 0.000761097 15.2816 -0.156337
3697.68 0.000835309 16.0093 -0.156337
3865.76 0.000912973 16.737 -0.156337
4033.83 0.000994088 17.4647 -0.156337
4201.91 0.00107866 18.1923 -0.156337
4369.99 0.00116667 18.92 -0.156337
4538.06 0.00125815 19.6477 -0.156337
4706.14 0.00135307 20.3754 -0.156337
4874.22 0.00145144 21.1031 -0.156337
5042.29 0.00155327 21.8308 -0.156337
5210.37 0.00165855 22.5585 -0.156337
5378.45 0.00176728 23.2862 -0.156337
5546.52 0.00187946 24.0139 -0.156337
5714.6 0.0019951 24.7416 -0.156337
5882.67 0.00211418 25.4693 -0.156337
6050.75 0.00223672 26.197 -0.156337
6218.83 0.00236271 26.9247 -0.156337
6386.9 0.00249215 27.6524 -0.156337
6554.98 0.00262505 28.3801 -0.156337
6723.06 0.00276139 29.1078 -0.156337
6891.13 0.00290119 29.8354 -0.156337
7059.21 0.00304444 30.5631 -0.156337
7227.29 0.00319115 31.2908 -0.156337
7395.36 0.0033413 32.0185 -0.156337
7563.44 0.00349491 32.7462 -0.156337
7731.52 0.00365197 33.4739 -0.156337
7899.59 0.00381248 34.2016 -0.156337
8067.67 0.00397645 34.9293 -0.156337
8235.74 0.00414386 35.657 -0.156337
8403.82 0.00431473 36.3847 -0.156337
8571.9 0.00448905 37.1124 -0.156337
