168.076 -1.72583e-006 0.727694 -0.244509
336.153 -6.90335e-006 1.45539 -0.332681
504.229 -1.55325e-005 2.18308 -0.420853
672.306 -2.76133e-005 2.91078 -0.509025
840.382 -4.31461e-005 3.63847 -0.597198
1008.46 -6.21299e-005 4.36616 -0.68537
1176.53 -8.45659e-005 5.09386 -0.773543
1344.61 -0.000110453 5.82155 -0.861715
1512.69 -0.000139793 6.54924 -0.949888
1680.76 -0.000172584 7.27694 -1.03806
1848.84 -0.000208826 8.00463 -1.12623
2016.92 -0.00024852 8.73233 -1.21441
2184.99 -0.000291667 9.46002 -1.30258
2353.07 -0.000338264 10.1877 -1.39075
2521.15 -0.000388313 10.9154 -1.47892
2689.22 -0.000441815 11.6431 -1.5671
2857.3 -0.000498769 12.3708 -1.65527
3025.38 -0.000559173 13.0985 -1.74344
3193.45 -0.000623029 13.8262 -1.83162
3361.53 -0.000690337 14.5539 -1.91979
3529.6 -0.000761097 15.2816 -2.00796
3697.68 -0.000835309 16.0093 -2.09614
3865.76 -0.000912973 16.737 -2.18431
4033.83 -0.000994088 17.4647 -2.27249
4201.91 -0.00107866 18.1923 -2.36066
4369.99 -0.00116667 18.92 -2.44883
4538.06 -0.00125814 19.6477 -2.53701
4706.14 -0.00135307 20.3754 -2.62518
4874.22 -0.00145144 21.1031 -2.71335
5042.29 -0.00155327 21.8308 -2.80153
5210.37 -0.00165855 22.5585 -2.8897
5378.45 -0.00176728 23.2862 -2.97788
5546.52 -0.00187946 24.0139 -3.06605
5714.6 -0.0019951 24.7416 -3.15423
5882.67 -0.00211418 25.4693 -3.2424
6050.75 -0.00223672 26.197 -3.33057
6218.83 -0.00236271 26.9247 -3.41875
6386.9 -0.00249215 27.6524 -3.50692
6554.98 -0.00262505 28.3801 -3.5951
6723.06 -0.00276139 29.1078 -3.68327
6891.13 -0.00290119 29.8354 -3.77145
7059.21 -0.00304444 30.5631 -3.85962
7227.29 -0.00319115 31.2908 -3.9478
7395.36 -0.0033413 32.0185 -4.03597
7563.44 -0.00349491 32.7462 -4.12415
7731.52 -0.00365197 33.4739 -4.21232
7899.59 -0.00381248 34.2016 -4.3005
8067.67 -0.00397645 34.9293 -4.38867
8235.74 -0.00414386 35.657 -4.47685
8403.82 -0.00431473 36.3847 -4.56502
8571.9 -0.00448905 37.1124 -4.6532
