168.076 1.71094e-006 0.693627 -0.0681649
336.153 6.84382e-006 1.38725 0.020007
504.229 1.53986e-005 2.08088 0.108179
672.306 2.73751e-005 2.77451 0.196351
840.382 4.27741e-005 3.46814 0.284522
1008.46 6.15943e-005 4.16176 0.372694
1176.53 8.38366e-005 4.85539 0.460865
1344.61 0.000109501 5.54902 0.549037
1512.69 0.000138587 6.24265 0.637208
1680.76 0.000171095 6.93627 0.72538
1848.84 0.000207026 7.6299 0.813551
2016.92 0.000246377 8.32353 0.901722
2184.99 0.000289151 9.01716 0.989893
2353.07 0.000335347 9.71078 1.07806
2521.15 0.000384963 10.4044 1.16624
2689.22 0.000438005 11.098 1.25441
2857.3 0.000494467 11.7917 1.34258
3025.38 0.000554351 12.4853 1.43075
3193.45 0.000617656 13.1789 1.51892
3361.53 0.000684384 13.8725 1.60709
3529.6 0.000754534 14.5662 1.69526
3697.68 0.000828106 15.2598 1.78343
3865.76 0.000905099 15.9534 1.8716
4033.83 0.000985515 16.6471 1.95977
4201.91 0.00106935 17.3407 2.04794
4369.99 0.00115661 18.0343 2.13611
4538.06 0.00124729 18.7279 2.22428
4706.14 0.0013414 19.4216 2.31245
4874.22 0.00143893 20.1152 2.40062
5042.29 0.00153987 20.8088 2.48879
5210.37 0.00164424 21.5025 2.57696
5378.45 0.00175204 22.1961 2.66513
5546.52 0.00186325 22.8897 2.7533
5714.6 0.00197789 23.5833 2.84147
5882.67 0.00209595 24.277 2.92964
6050.75 0.00221743 24.9706 3.01781
6218.83 0.00234233 25.6642 3.10598
6386.9 0.00247066 26.3578 3.19415
6554.98 0.00260241 27.0515 3.28232
6723.06 0.00273758 27.7451 3.37049
6891.13 0.00287617 28.4387 3.45866
7059.21 0.00301819 29.1324 3.54682
7227.29 0.00316363 29.826 3.63499
7395.36 0.00331249 30.5196 3.72316
7563.44 0.00346477 31.2132 3.81133
7731.52 0.00362047 31.9069 3.8995
7899.59 0.0037796 32.6005 3.98767
8067.67 0.00394215 33.2941 4.07584
8235.74 0.00410812 33.9877 4.16401
8403.82 0.00427752 34.6814 4.25217
8571.9 0.00445034 35.375 4.34034
