168.076 7.06539e-007 0.141829 -0.13915
336.153 2.82613e-006 0.283658 -0.194335
504.229 6.35881e-006 0.425487 -0.249519
672.306 1.13046e-005 0.567316 -0.304704
840.382 1.76633e-005 0.709145 -0.35989
1008.46 2.54354e-005 0.850974 -0.415076
1176.53 3.46203e-005 0.992803 -0.470262
1344.61 4.52183e-005 1.13463 -0.525449
1512.69 5.72295e-005 1.27646 -0.580636
1680.76 7.06536e-005 1.41829 -0.635823
1848.84 8.54908e-005 1.56012 -0.691011
2016.92 0.000101741 1.70195 -0.746199
2184.99 0.000119405 1.84378 -0.801387
2353.07 0.000138481 1.98561 -0.856576
2521.15 0.000158971 2.12744 -0.911765
2689.22 0.000180873 2.26926 -0.966955
2857.3 0.000204189 2.41109 -1.02214
3025.38 0.000228918 2.55292 -1.07733
3193.45 0.00025506 2.69475 -1.13253
3361.53 0.000282615 2.83658 -1.18772
3529.6 0.000311583 2.97841 -1.24291
3697.68 0.000341964 3.12024 -1.2981
3865.76 0.000373758 3.26207 -1.35329
4033.83 0.000406966 3.4039 -1.40848
4201.91 0.000441586 3.54573 -1.46368
4369.99 0.00047762 3.68756 -1.51887
4538.06 0.000515067 3.82938 -1.57406
4706.14 0.000553926 3.97121 -1.62926
4874.22 0.000594199 4.11304 -1.68445
5042.29 0.000635885 4.25487 -1.73965
5210.37 0.000678984 4.3967 -1.79484
5378.45 0.000723497 4.53853 -1.85004
5546.52 0.000769422 4.68036 -1.90523
5714.6 0.00081676 4.82219 -1.96043
5882.67 0.000865512 4.96402 -2.01563
6050.75 0.000915677 5.10585 -2.07082
6218.83 0.000967255 5.24768 -2.12602
6386.9 0.00102025 5.3895 -2.18122
6554.98 0.00107465 5.53133 -2.23642
6723.06 0.00113047 5.67316 -2.29162
6891.13 0.0011877 5.81499 -2.34682
7059.21 0.00124634 5.95682 -2.40202
7227.29 0.0013064 6.09865 -2.45721
7395.36 0.00136787 6.24048 -2.51241
7563.44 0.00143075 6.38231 -2.56762
7731.52 0.00149505 6.52414 -2.62282
7899.59 0.00156076 6.66597 -2.67802
8067.67 0.00162788 6.80779 -2.73322
8235.74 0.00169641 6.94962 -2.78842
8403.82 0.00176636 7.09145 -2.84362
8571.9 0.00183773 7.23328 -2.89883
