168.076 1.64041e-006 0.594689 -0.147889
336.153 6.56165e-006 1.18938 -0.147889
504.229 1.47637e-005 1.78407 -0.147889
672.306 2.62466e-005 2.37876 -0.147889
840.382 4.10104e-005 2.97344 -0.147889
1008.46 5.9055e-005 3.56813 -0.147889
1176.53 8.03803e-005 4.16282 -0.147889
1344.61 0.000104986 4.75751 -0.147889
1512.69 0.000132874 5.3522 -0.147889
1680.76 0.000164041 5.94689 -0.147889
1848.84 0.00019849 6.54158 -0.147889
2016.92 0.00023622 7.13627 -0.147889
2184.99 0.00027723 7.73095 -0.147889
2353.07 0.000321522 8.32564 -0.147889
2521.15 0.000369094 8.92033 -0.147889
2689.22 0.000419947 9.51502 -0.147889
2857.3 0.000474081 10.1097 -0.147889
3025.38 0.000531496 10.7044 -0.147889
3193.45 0.000592192 11.2991 -0.147889
3361.53 0.000656168 11.8938 -0.147889
3529.6 0.000723426 12.4885 -0.147889
3697.68 0.000793965 13.0832 -0.147889
3865.76 0.000867784 13.6778 -0.147889
4033.83 0.000944885 14.2725 -0.147889
4201.91 0.00102527 14.8672 -0.147889
4369.99 0.00110893 15.4619 -0.147889
4538.06 0.00119587 16.0566 -0.147889
4706.14 0.0012861 16.6513 -0.147889
4874.22 0.0013796 17.246 -0.147889
5042.29 0.00147639 17.8407 -0.147889
5210.37 0.00157646 18.4354 -0.147889
5378.45 0.0016798 19.03 -0.147889
5546.52 0.00178643 19.6247 -0.147889
5714.6 0.00189634 20.2194 -0.147889
5882.67 0.00200954 20.8141 -0.147889
6050.75 0.00212601 21.4088 -0.147889
6218.83 0.00224576 22.0035 -0.147889
6386.9 0.0023688 22.5982 -0.147889
6554.98 0.00249512 23.1929 -0.147889
6723.06 0.00262471 23.7876 -0.147889
6891.13 0.00275759 24.3822 -0.147889
7059.21 0.00289375 24.9769 -0.147889
7227.29 0.00303319 25.5716 -0.147889
7395.36 0.00317592 26.1663 -0.147889
7563.44 0.00332192 26.761 -0.147889
7731.52 0.00347121 27.3557 -0.147889
7899.59 0.00362377 27.9504 -0.147889
8067.67 0.00377962 28.5451 -0.147889
8235.74 0.00393875 29.1398 -0.147889
8403.82 0.00410116 29.7344 -0.147889
8571.9 0.00426685 30.3291 -0.147889
