168.076 1.77378e-006 0.965393 -0.0746207
336.153 7.09517e-006 1.93079 0.0149508
504.229 1.59642e-005 2.89618 0.104522
672.306 2.83805e-005 3.86157 0.194094
840.382 4.43451e-005 4.82696 0.283665
1008.46 6.38565e-005 5.79236 0.373237
1176.53 8.69156e-005 6.75775 0.462808
1344.61 0.000113523 7.72314 0.552379
1512.69 0.000143677 8.68854 0.641951
1680.76 0.000177379 9.65393 0.731522
1848.84 0.000214629 10.6193 0.821094
2016.92 0.000255426 11.5847 0.910665
2184.99 0.000299771 12.5501 1.00024
2353.07 0.000347663 13.5155 1.08981
2521.15 0.000399102 14.4809 1.17938
2689.22 0.000454091 15.4463 1.26895
2857.3 0.000512628 16.4117 1.35852
3025.38 0.00057471 17.3771 1.44809
3193.45 0.000640341 18.3425 1.53766
3361.53 0.000709519 19.3079 1.62724
3529.6 0.000782245 20.2732 1.71681
3697.68 0.000858519 21.2386 1.80638
3865.76 0.000938341 22.204 1.89595
4033.83 0.00102171 23.1694 1.98552
4201.91 0.00110863 24.1348 2.07509
4369.99 0.00119909 25.1002 2.16466
4538.06 0.0012931 26.0656 2.25423
4706.14 0.00139067 27.031 2.34381
4874.22 0.00149178 27.9964 2.43338
5042.29 0.00159643 28.9618 2.52295
5210.37 0.00170463 29.9272 2.61252
5378.45 0.00181639 30.8926 2.70209
5546.52 0.00193168 31.858 2.79166
5714.6 0.00205053 32.8234 2.88123
5882.67 0.00217293 33.7887 2.9708
6050.75 0.00229887 34.7541 3.06037
6218.83 0.00242836 35.7195 3.14995
6386.9 0.0025614 36.6849 3.23952
6554.98 0.00269799 37.6503 3.32909
6723.06 0.00283812 38.6157 3.41866
6891.13 0.00298181 39.5811 3.50823
7059.21 0.00312904 40.5465 3.5978
7227.29 0.00327982 41.5119 3.68737
7395.36 0.00343415 42.4773 3.77694
7563.44 0.00359202 43.4427 3.86651
7731.52 0.00375345 44.4081 3.95608
7899.59 0.00391842 45.3735 4.04566
8067.67 0.00408694 46.3389 4.13523
8235.74 0.00425901 47.3042 4.2248
8403.82 0.00443463 48.2696 4.31437
8571.9 0.00461379 49.235 4.40394
