168.076 -1.64042e-006 0.594689 -0.0621451
336.153 -6.56164e-006 1.18938 0.023599
504.229 -1.47637e-005 1.78407 0.109343
672.306 -2.62467e-005 2.37876 0.195087
840.382 -4.101e-005 2.97344 0.28083
1008.46 -5.90548e-005 3.56813 0.366574
1176.53 -8.03803e-005 4.16282 0.452317
1344.61 -0.000104987 4.75751 0.538061
1512.69 -0.000132874 5.3522 0.623804
1680.76 -0.000164041 5.94689 0.709547
1848.84 -0.00019849 6.54158 0.79529
2016.92 -0.00023622 7.13627 0.881032
2184.99 -0.00027723 7.73095 0.966775
2353.07 -0.000321522 8.32564 1.05252
2521.15 -0.000369095 8.92033 1.13826
2689.22 -0.000419947 9.51502 1.224
2857.3 -0.00047408 10.1097 1.30974
3025.38 -0.000531496 10.7044 1.39549
3193.45 -0.000592192 11.2991 1.48123
3361.53 -0.000656168 11.8938 1.56697
3529.6 -0.000723426 12.4885 1.65271
3697.68 -0.000793964 13.0832 1.73845
3865.76 -0.000867784 13.6778 1.82419
4033.83 -0.000944885 14.2725 1.90993
4201.91 -0.00102527 14.8672 1.99568
4369.99 -0.00110893 15.4619 2.08142
4538.06 -0.00119587 16.0566 2.16716
4706.14 -0.0012861 16.6513 2.2529
4874.22 -0.0013796 17.246 2.33864
5042.29 -0.00147639 17.8407 2.42438
5210.37 -0.00157646 18.4354 2.51012
5378.45 -0.0016798 19.03 2.59586
5546.52 -0.00178643 19.6247 2.6816
5714.6 -0.00189634 20.2194 2.76734
5882.67 -0.00200954 20.8141 2.85308
6050.75 -0.00212601 21.4088 2.93882
6218.83 -0.00224576 22.0035 3.02456
6386.9 -0.0023688 22.5982 3.11029
6554.98 -0.00249512 23.1929 3.19603
6723.06 -0.00262471 23.7876 3.28177
6891.13 -0.00275759 24.3822 3.36751
7059.21 -0.00289375 24.9769 3.45325
7227.29 -0.00303319 25.5716 3.53899
7395.36 -0.00317592 26.1663 3.62473
7563.44 -0.00332192 26.761 3.71047
7731.52 -0.00347121 27.3557 3.7962
7899.59 -0.00362377 27.9504 3.88194
8067.67 -0.00377962 28.5451 3.96768
8235.74 -0.00393875 29.1398 4.05342
8403.82 -0.00410116 29.7344 4.13915
8571.9 -0.00426685 30.3291 4.22489
