168.076 -9.2161e-008 0.0120727 -0.0575204
336.153 -3.68654e-007 0.0241453 -0.0811159
504.229 -8.29468e-007 0.036218 -0.104712
672.306 -1.47457e-006 0.0482906 -0.128308
840.382 -2.30411e-006 0.0603633 -0.151904
1008.46 -3.31784e-006 0.0724359 -0.1755
1176.53 -4.51596e-006 0.0845086 -0.199097
1344.61 -5.8984e-006 0.0965812 -0.222694
1512.69 -7.46515e-006 0.108654 -0.246292
1680.76 -9.21626e-006 0.120727 -0.269889
1848.84 -1.11517e-005 0.132799 -0.293487
2016.92 -1.32714e-005 0.144872 -0.317085
2184.99 -1.55754e-005 0.156945 -0.340683
2353.07 -1.80638e-005 0.169017 -0.364282
2521.15 -2.07363e-005 0.18109 -0.387881
2689.22 -2.35936e-005 0.193162 -0.41148
2857.3 -2.66351e-005 0.205235 -0.43508
3025.38 -2.98607e-005 0.217308 -0.458679
3193.45 -3.32707e-005 0.22938 -0.482279
3361.53 -3.6865e-005 0.241453 -0.50588
3529.6 -4.06437e-005 0.253526 -0.52948
3697.68 -4.46067e-005 0.265598 -0.553081
3865.76 -4.8754e-005 0.277671 -0.576682
4033.83 -5.30856e-005 0.289744 -0.600283
4201.91 -5.76016e-005 0.301816 -0.623885
4369.99 -6.23019e-005 0.313889 -0.647486
4538.06 -6.71864e-005 0.325962 -0.671089
4706.14 -7.22555e-005 0.338034 -0.694691
4874.22 -7.75089e-005 0.350107 -0.718293
5042.29 -8.29463e-005 0.36218 -0.741896
5210.37 -8.85682e-005 0.374252 -0.7655
5378.45 -9.43745e-005 0.386325 -0.789103
5546.52 -0.000100365 0.398398 -0.812707
5714.6 -0.00010654 0.41047 -0.836311
5882.67 -0.000112899 0.422543 -0.859915
6050.75 -0.000119443 0.434616 -0.883519
6218.83 -0.000126171 0.446688 -0.907124
6386.9 -0.000133083 0.458761 -0.930729
6554.98 -0.000140179 0.470834 -0.954334
6723.06 -0.00014746 0.482906 -0.97794
6891.13 -0.000154925 0.494979 -1.00155
7059.21 -0.000162575 0.507051 -1.02515
7227.29 -0.000170409 0.519124 -1.04876
7395.36 -0.000178427 0.531197 -1.07236
7563.44 -0.000186629 0.543269 -1.09597
7731.52 -0.000195016 0.555342 -1.11958
7899.59 -0.000203587 0.567415 -1.14319
8067.67 -0.000212343 0.579487 -1.16679
8235.74 -0.000221282 0.59156 -1.1904
8403.82 -0.000230407 0.603633 -1.21401
8571.9 -0.000239715 0.615705 -1.23762
