168.076 -4.00772e-007 0.0687896 -0.101356
336.153 -1.60311e-006 0.137579 -0.142259
504.229 -3.60698e-006 0.206369 -0.183164
672.306 -6.41235e-006 0.275158 -0.224068
840.382 -1.00195e-005 0.343948 -0.264973
1008.46 -1.44279e-005 0.412737 -0.305878
1176.53 -1.96379e-005 0.481527 -0.346783
1344.61 -2.56496e-005 0.550316 -0.387689
1512.69 -3.24627e-005 0.619106 -0.428595
1680.76 -4.00775e-005 0.687896 -0.469502
1848.84 -4.84938e-005 0.756685 -0.510409
2016.92 -5.77115e-005 0.825475 -0.551316
2184.99 -6.77309e-005 0.894264 -0.592223
2353.07 -7.85518e-005 0.963054 -0.633131
2521.15 -9.01739e-005 1.03184 -0.67404
2689.22 -0.000102598 1.10063 -0.714948
2857.3 -0.000115824 1.16942 -0.755857
3025.38 -0.000129851 1.23821 -0.796767
3193.45 -0.00014468 1.307 -0.837676
3361.53 -0.00016031 1.37579 -0.878586
3529.6 -0.000176742 1.44458 -0.919497
3697.68 -0.000193975 1.51337 -0.960407
3865.76 -0.00021201 1.58216 -1.00132
4033.83 -0.000230847 1.65095 -1.04223
4201.91 -0.000250485 1.71974 -1.08314
4369.99 -0.000270924 1.78853 -1.12405
4538.06 -0.000292165 1.85732 -1.16497
4706.14 -0.000314208 1.92611 -1.20588
4874.22 -0.000337053 1.9949 -1.24679
5042.29 -0.000360698 2.06369 -1.28771
5210.37 -0.000385146 2.13248 -1.32862
5378.45 -0.000410395 2.20127 -1.36953
5546.52 -0.000436445 2.27006 -1.41045
5714.6 -0.000463297 2.33884 -1.45136
5882.67 -0.000490951 2.40763 -1.49228
6050.75 -0.000519406 2.47642 -1.53319
6218.83 -0.000548663 2.54521 -1.57411
6386.9 -0.000578721 2.614 -1.61503
6554.98 -0.000609581 2.68279 -1.65594
6723.06 -0.000641243 2.75158 -1.69686
6891.13 -0.000673706 2.82037 -1.73778
7059.21 -0.000706971 2.88916 -1.7787
7227.29 -0.000741037 2.95795 -1.81961
7395.36 -0.000775905 3.02674 -1.86053
7563.44 -0.000811574 3.09553 -1.90145
7731.52 -0.000848045 3.16432 -1.94237
7899.59 -0.000885318 3.23311 -1.98329
8067.67 -0.000923392 3.3019 -2.02421
8235.74 -0.000962267 3.37069 -2.06513
8403.82 -0.00100194 3.43948 -2.10605
8571.9 -0.00104242 3.50827 -2.14697
