168.076 1.49512e-006 0.466671 -0.218003
336.153 5.98044e-006 0.933342 -0.299577
504.229 1.3456e-005 1.40001 -0.381151
672.306 2.39219e-005 1.86668 -0.462726
840.382 3.73777e-005 2.33336 -0.5443
1008.46 5.38243e-005 2.80003 -0.625875
1176.53 7.32607e-005 3.2667 -0.707449
1344.61 9.56874e-005 3.73337 -0.789023
1512.69 0.000121104 4.20004 -0.870598
1680.76 0.000149512 4.66671 -0.952172
1848.84 0.000180909 5.13338 -1.03375
2016.92 0.000215297 5.60005 -1.11532
2184.99 0.000252675 6.06672 -1.19689
2353.07 0.000293043 6.53339 -1.27847
2521.15 0.000336403 7.00007 -1.36004
2689.22 0.00038275 7.46674 -1.44162
2857.3 0.000432089 7.93341 -1.52319
3025.38 0.000484419 8.40008 -1.60477
3193.45 0.000539738 8.86675 -1.68634
3361.53 0.000598048 9.33342 -1.76792
3529.6 0.000659349 9.80009 -1.84949
3697.68 0.000723639 10.2668 -1.93106
3865.76 0.00079092 10.7334 -2.01264
4033.83 0.000861192 11.2001 -2.09421
4201.91 0.000934453 11.6668 -2.17579
4369.99 0.0010107 12.1334 -2.25736
4538.06 0.00108995 12.6001 -2.33894
4706.14 0.00117218 13.0668 -2.42051
4874.22 0.0012574 13.5335 -2.50208
5042.29 0.00134562 14.0001 -2.58366
5210.37 0.00143682 14.4668 -2.66523
5378.45 0.00153102 14.9335 -2.74681
5546.52 0.0016282 15.4001 -2.82838
5714.6 0.00172838 15.8668 -2.90996
5882.67 0.00183154 16.3335 -2.99153
6050.75 0.0019377 16.8002 -3.07311
6218.83 0.00204684 17.2668 -3.15468
6386.9 0.00215898 17.7335 -3.23625
6554.98 0.00227411 18.2002 -3.31783
6723.06 0.00239223 18.6668 -3.3994
6891.13 0.00251334 19.1335 -3.48098
7059.21 0.00263744 19.6002 -3.56255
7227.29 0.00276453 20.0669 -3.64413
7395.36 0.00289461 20.5335 -3.7257
7563.44 0.00302768 21.0002 -3.80727
7731.52 0.00316374 21.4669 -3.88885
7899.59 0.00330279 21.9335 -3.97042
8067.67 0.00344484 22.4002 -4.052
8235.74 0.00358987 22.8669 -4.13357
8403.82 0.00373789 23.3336 -4.21515
8571.9 0.00388891 23.8002 -4.29672
