168.076 -1.71094e-006 0.693627 -0.244509
336.153 -6.84382e-006 1.38725 -0.332681
504.229 -1.53986e-005 2.08088 -0.420853
672.306 -2.73751e-005 2.77451 -0.509025
840.382 -4.2774e-005 3.46814 -0.597198
1008.46 -6.15941e-005 4.16176 -0.68537
1176.53 -8.38366e-005 4.85539 -0.773543
1344.61 -0.000109501 5.54902 -0.861715
1512.69 -0.000138587 6.24265 -0.949888
1680.76 -0.000171095 6.93627 -1.03806
1848.84 -0.000207025 7.6299 -1.12623
2016.92 -0.000246377 8.32353 -1.21441
2184.99 -0.000289151 9.01716 -1.30258
2353.07 -0.000335347 9.71078 -1.39075
2521.15 -0.000384964 10.4044 -1.47892
2689.22 -0.000438005 11.098 -1.5671
2857.3 -0.000494467 11.7917 -1.65527
3025.38 -0.000554351 12.4853 -1.74344
3193.45 -0.000617656 13.1789 -1.83162
3361.53 -0.000684384 13.8725 -1.91979
3529.6 -0.000754534 14.5662 -2.00796
3697.68 -0.000828106 15.2598 -2.09614
3865.76 -0.000905099 15.9534 -2.18431
4033.83 -0.000985515 16.6471 -2.27249
4201.91 -0.00106935 17.3407 -2.36066
4369.99 -0.00115661 18.0343 -2.44883
4538.06 -0.00124729 18.7279 -2.53701
4706.14 -0.0013414 19.4216 -2.62518
4874.22 -0.00143893 20.1152 -2.71335
5042.29 -0.00153987 20.8088 -2.80153
5210.37 -0.00164424 21.5025 -2.8897
5378.45 -0.00175204 22.1961 -2.97788
5546.52 -0.00186325 22.8897 -3.06605
5714.6 -0.00197789 23.5833 -3.15423
5882.67 -0.00209595 24.277 -3.2424
6050.75 -0.00221743 24.9706 -3.33057
6218.83 -0.00234233 25.6642 -3.41875
6386.9 -0.00247066 26.3578 -3.50692
6554.98 -0.00260241 27.0515 -3.5951
6723.06 -0.00273758 27.7451 -3.68327
6891.13 -0.00287617 28.4387 -3.77145
7059.21 -0.00301819 29.1324 -3.85962
7227.29 -0.00316363 29.826 -3.9478
7395.36 -0.00331249 30.5196 -4.03597
7563.44 -0.00346477 31.2132 -4.12415
7731.52 -0.00362047 31.9069 -4.21232
7899.59 -0.0037796 32.6005 -4.3005
8067.67 -0.00394215 33.2941 -4.38867
8235.74 -0.00410812 33.9877 -4.47685
8403.82 -0.00427752 34.6814 -4.56502
8571.9 -0.00445034 35.375 -4.6532
