168.076 -1.49512e-006 0.466671 -0.0548541
336.153 -5.98045e-006 0.933342 0.0267203
504.229 -1.3456e-005 1.40001 0.108295
672.306 -2.39219e-005 1.86668 0.189869
840.382 -3.73776e-005 2.33336 0.271443
1008.46 -5.38241e-005 2.80003 0.353018
1176.53 -7.32607e-005 3.2667 0.434592
1344.61 -9.56874e-005 3.73337 0.516166
1512.69 -0.000121104 4.20004 0.597741
1680.76 -0.000149512 4.66671 0.679315
1848.84 -0.000180909 5.13338 0.760889
2016.92 -0.000215297 5.60005 0.842464
2184.99 -0.000252675 6.06672 0.924038
2353.07 -0.000293043 6.53339 1.00561
2521.15 -0.000336403 7.00007 1.08719
2689.22 -0.00038275 7.46674 1.16876
2857.3 -0.000432089 7.93341 1.25034
3025.38 -0.000484419 8.40008 1.33191
3193.45 -0.000539738 8.86675 1.41348
3361.53 -0.000598048 9.33342 1.49506
3529.6 -0.000659349 9.80009 1.57663
3697.68 -0.000723639 10.2668 1.65821
3865.76 -0.00079092 10.7334 1.73978
4033.83 -0.000861192 11.2001 1.82136
4201.91 -0.000934453 11.6668 1.90293
4369.99 -0.0010107 12.1334 1.9845
4538.06 -0.00108995 12.6001 2.06608
4706.14 -0.00117218 13.0668 2.14765
4874.22 -0.0012574 13.5335 2.22923
5042.29 -0.00134562 14.0001 2.3108
5210.37 -0.00143682 14.4668 2.39238
5378.45 -0.00153102 14.9335 2.47395
5546.52 -0.0016282 15.4001 2.55553
5714.6 -0.00172838 15.8668 2.6371
5882.67 -0.00183154 16.3335 2.71867
6050.75 -0.0019377 16.8002 2.80025
6218.83 -0.00204684 17.2668 2.88182
6386.9 -0.00215898 17.7335 2.9634
6554.98 -0.00227411 18.2002 3.04497
6723.06 -0.00239223 18.6668 3.12655
6891.13 -0.00251334 19.1335 3.20812
7059.21 -0.00263744 19.6002 3.28969
7227.29 -0.00276453 20.0669 3.37127
7395.36 -0.00289461 20.5335 3.45284
7563.44 -0.00302768 21.0002 3.53442
7731.52 -0.00316374 21.4669 3.61599
7899.59 -0.00330279 21.9335 3.69757
8067.67 -0.00344484 22.4002 3.77914
8235.74 -0.00358987 22.8669 3.86071
8403.82 -0.00373789 23.3336 3.94229
8571.9 -0.00388891 23.8002 4.02386
