168.076 4.10375e-007 0.0708347 -0.0195494
336.153 1.64152e-006 0.141669 0.0213532
504.229 3.69342e-006 0.212504 0.0622555
672.306 6.566e-006 0.283339 0.103157
840.382 1.02596e-005 0.354174 0.144059
1008.46 1.47736e-005 0.425008 0.18496
1176.53 2.01085e-005 0.495843 0.225861
1344.61 2.62642e-005 0.566678 0.266762
1512.69 3.32406e-005 0.637512 0.307662
1680.76 4.10379e-005 0.708347 0.348562
1848.84 4.96558e-005 0.779182 0.389461
2016.92 5.90944e-005 0.850017 0.43036
2184.99 6.93539e-005 0.920851 0.471259
2353.07 8.04341e-005 0.991686 0.512157
2521.15 9.23347e-005 1.06252 0.553055
2689.22 0.000105057 1.13336 0.593953
2857.3 0.0001186 1.20419 0.634851
3025.38 0.000132963 1.27502 0.675748
3193.45 0.000148147 1.34586 0.716644
3361.53 0.000164152 1.41669 0.75754
3529.6 0.000180977 1.48753 0.798436
3697.68 0.000198623 1.55836 0.839332
3865.76 0.000217091 1.6292 0.880227
4033.83 0.000236378 1.70003 0.921122
4201.91 0.000256487 1.77087 0.962017
4369.99 0.000277416 1.8417 1.00291
4538.06 0.000299166 1.91254 1.0438
4706.14 0.000321738 1.98337 1.0847
4874.22 0.00034513 2.05421 1.12559
5042.29 0.000369342 2.12504 1.16648
5210.37 0.000394375 2.19588 1.20738
5378.45 0.000420229 2.26671 1.24827
5546.52 0.000446904 2.33755 1.28916
5714.6 0.000474399 2.40838 1.33005
5882.67 0.000502716 2.47922 1.37094
6050.75 0.000531853 2.55005 1.41183
6218.83 0.000561811 2.62088 1.45272
6386.9 0.000592589 2.69172 1.49361
6554.98 0.000624188 2.76255 1.5345
6723.06 0.000656609 2.83339 1.57539
6891.13 0.00068985 2.90422 1.61628
7059.21 0.000723912 2.97506 1.65717
7227.29 0.000758794 3.04589 1.69806
7395.36 0.000794498 3.11673 1.73895
7563.44 0.000831022 3.18756 1.77983
7731.52 0.000868367 3.2584 1.82072
7899.59 0.000906532 3.32923 1.86161
8067.67 0.000945519 3.40007 1.90249
8235.74 0.000985326 3.4709 1.94338
8403.82 0.00102595 3.54174 1.98427
8571.9 0.0010674 3.61257 2.02515
