168.076 -9.46845e-007 0.212204 -0.171047
336.153 -3.78741e-006 0.424407 -0.237627
504.229 -8.52167e-006 0.636611 -0.304208
672.306 -1.51495e-005 0.848814 -0.370789
840.382 -2.36714e-005 1.06102 -0.43737
1008.46 -3.40865e-005 1.27322 -0.503951
1176.53 -4.63956e-005 1.48542 -0.570533
1344.61 -6.05984e-005 1.69763 -0.637116
1512.69 -7.66948e-005 1.90983 -0.703698
1680.76 -9.46851e-005 2.12204 -0.770281
1848.84 -0.000114569 2.33424 -0.836865
2016.92 -0.000136346 2.54644 -0.903448
2184.99 -0.000160018 2.75865 -0.970033
2353.07 -0.000185583 2.97085 -1.03662
2521.15 -0.000213041 3.18305 -1.1032
2689.22 -0.000242394 3.39526 -1.16979
2857.3 -0.000273641 3.60746 -1.23637
3025.38 -0.00030678 3.81966 -1.30296
3193.45 -0.000341814 4.03187 -1.36954
3361.53 -0.000378741 4.24407 -1.43613
3529.6 -0.000417562 4.45627 -1.50272
3697.68 -0.000458277 4.66848 -1.5693
3865.76 -0.000500886 4.88068 -1.63589
4033.83 -0.000545388 5.09288 -1.70248
4201.91 -0.000591784 5.30509 -1.76907
4369.99 -0.000640074 5.51729 -1.83566
4538.06 -0.000690257 5.7295 -1.90225
4706.14 -0.000742335 5.9417 -1.96883
4874.22 -0.000796307 6.1539 -2.03542
5042.29 -0.000852171 6.36611 -2.10201
5210.37 -0.000909929 6.57831 -2.1686
5378.45 -0.000969582 6.79051 -2.2352
5546.52 -0.00103113 7.00272 -2.30179
5714.6 -0.00109457 7.21492 -2.36838
5882.67 -0.0011599 7.42712 -2.43497
6050.75 -0.00122713 7.63933 -2.50156
6218.83 -0.00129625 7.85153 -2.56815
6386.9 -0.00136727 8.06373 -2.63475
6554.98 -0.00144017 8.27594 -2.70134
6723.06 -0.00151498 8.48814 -2.76793
6891.13 -0.00159167 8.70034 -2.83453
7059.21 -0.00167027 8.91255 -2.90112
7227.29 -0.00175075 9.12475 -2.96772
7395.36 -0.00183313 9.33696 -3.03431
7563.44 -0.0019174 9.54916 -3.10091
7731.52 -0.00200357 9.76136 -3.1675
7899.59 -0.00209163 9.97357 -3.2341
8067.67 -0.00218158 10.1858 -3.30069
8235.74 -0.00227343 10.398 -3.36729
8403.82 -0.00236717 10.6102 -3.43389
8571.9 -0.0024628 10.8224 -3.50048
