168.076 -1.77585e-006 0.995521 -0.0746207
336.153 -7.10334e-006 1.99104 0.0149508
504.229 -1.59825e-005 2.98656 0.104522
672.306 -2.84136e-005 3.98209 0.194094
840.382 -4.43956e-005 4.97761 0.283665
1008.46 -6.39301e-005 5.97313 0.373237
1176.53 -8.70163e-005 6.96865 0.462808
1344.61 -0.000113654 7.96417 0.552379
1512.69 -0.000143843 8.95969 0.641951
1680.76 -0.000177584 9.95521 0.731522
1848.84 -0.000214877 10.9507 0.821094
2016.92 -0.000255722 11.9463 0.910665
2184.99 -0.000300118 12.9418 1.00024
2353.07 -0.000348066 13.9373 1.08981
2521.15 -0.000399567 14.9328 1.17938
2689.22 -0.000454616 15.9283 1.26895
2857.3 -0.000513219 16.9239 1.35852
3025.38 -0.000575374 17.9194 1.44809
3193.45 -0.000641081 18.9149 1.53766
3361.53 -0.00071034 19.9104 1.62724
3529.6 -0.00078315 20.9059 1.71681
3697.68 -0.000859512 21.9015 1.80638
3865.76 -0.000939426 22.897 1.89595
4033.83 -0.00102289 23.8925 1.98552
4201.91 -0.00110991 24.888 2.07509
4369.99 -0.00120048 25.8836 2.16466
4538.06 -0.0012946 26.8791 2.25423
4706.14 -0.00139227 27.8746 2.34381
4874.22 -0.0014935 28.8701 2.43338
5042.29 -0.00159828 29.8656 2.52295
5210.37 -0.0017066 30.8612 2.61252
5378.45 -0.00181849 31.8567 2.70209
5546.52 -0.00193392 32.8522 2.79166
5714.6 -0.0020529 33.8477 2.88123
5882.67 -0.00217544 34.8432 2.9708
6050.75 -0.00230153 35.8388 3.06037
6218.83 -0.00243117 36.8343 3.14995
6386.9 -0.00256436 37.8298 3.23952
6554.98 -0.00270111 38.8253 3.32909
6723.06 -0.00284141 39.8209 3.41866
6891.13 -0.00298526 40.8164 3.50823
7059.21 -0.00313266 41.8119 3.5978
7227.29 -0.00328361 42.8074 3.68737
7395.36 -0.00343812 43.8029 3.77694
7563.44 -0.00359618 44.7985 3.86651
7731.52 -0.00375779 45.794 3.95608
7899.59 -0.00392295 46.7895 4.04566
8067.67 -0.00409167 47.785 4.13523
8235.74 -0.00426393 48.7805 4.2248
8403.82 -0.00443975 49.7761 4.31437
8571.9 -0.00461913 50.7716 4.40394
