168.076 1.77584e-006 0.995521 -0.253764
336.153 7.10334e-006 1.99104 -0.343335
504.229 1.59825e-005 2.98656 -0.432907
672.306 2.84135e-005 3.98209 -0.522478
840.382 4.43957e-005 4.97761 -0.61205
1008.46 6.39305e-005 5.97313 -0.701621
1176.53 8.70162e-005 6.96865 -0.791193
1344.61 0.000113654 7.96417 -0.880764
1512.69 0.000143843 8.95969 -0.970336
1680.76 0.000177584 9.95521 -1.05991
1848.84 0.000214877 10.9507 -1.14948
2016.92 0.000255722 11.9463 -1.23905
2184.99 0.000300118 12.9418 -1.32862
2353.07 0.000348066 13.9373 -1.41819
2521.15 0.000399566 14.9328 -1.50777
2689.22 0.000454616 15.9283 -1.59734
2857.3 0.000513219 16.9239 -1.68691
3025.38 0.000575374 17.9194 -1.77648
3193.45 0.000641081 18.9149 -1.86605
3361.53 0.00071034 19.9104 -1.95562
3529.6 0.00078315 20.9059 -2.0452
3697.68 0.000859512 21.9015 -2.13477
3865.76 0.000939426 22.897 -2.22434
4033.83 0.00102289 23.8925 -2.31391
4201.91 0.00110991 24.888 -2.40348
4369.99 0.00120048 25.8836 -2.49305
4538.06 0.0012946 26.8791 -2.58263
4706.14 0.00139227 27.8746 -2.6722
4874.22 0.0014935 28.8701 -2.76177
5042.29 0.00159828 29.8656 -2.85134
5210.37 0.0017066 30.8612 -2.94091
5378.45 0.00181849 31.8567 -3.03049
5546.52 0.00193392 32.8522 -3.12006
5714.6 0.0020529 33.8477 -3.20963
5882.67 0.00217544 34.8432 -3.2992
6050.75 0.00230153 35.8388 -3.38877
6218.83 0.00243117 36.8343 -3.47835
6386.9 0.00256436 37.8298 -3.56792
6554.98 0.00270111 38.8253 -3.65749
6723.06 0.00284141 39.8209 -3.74706
6891.13 0.00298526 40.8164 -3.83663
7059.21 0.00313266 41.8119 -3.9262
7227.29 0.00328361 42.8074 -4.01578
7395.36 0.00343812 43.8029 -4.10535
7563.44 0.00359618 44.7985 -4.19492
7731.52 0.00375779 45.794 -4.28449
7899.59 0.00392295 46.7895 -4.37406
8067.67 0.00409167 47.785 -4.46364
8235.74 0.00426393 48.7805 -4.55321
8403.82 0.00443975 49.7761 -4.64278
8571.9 0.00461913 50.7716 -4.73235
