168.076 1.72584e-006 0.727694 -0.244509
336.153 6.90332e-006 1.45539 -0.332681
504.229 1.55325e-005 2.18308 -0.420853
672.306 2.76135e-005 2.91078 -0.509025
840.382 4.31456e-005 3.63847 -0.597197
1008.46 6.21303e-005 4.36616 -0.685369
1176.53 8.4566e-005 5.09386 -0.773541
1344.61 0.000110454 5.82155 -0.861713
1512.69 0.000139793 6.54924 -0.949885
1680.76 0.000172584 7.27694 -1.03806
1848.84 0.000208826 8.00463 -1.12623
2016.92 0.000248521 8.73233 -1.2144
2184.99 0.000291667 9.46002 -1.30257
2353.07 0.000338265 10.1877 -1.39074
2521.15 0.000388315 10.9154 -1.47892
2689.22 0.000441815 11.6431 -1.56709
2857.3 0.000498767 12.3708 -1.65526
3025.38 0.000559173 13.0985 -1.74343
3193.45 0.000623029 13.8262 -1.8316
3361.53 0.000690337 14.5539 -1.91978
3529.6 0.000761097 15.2816 -2.00795
3697.68 0.000835309 16.0093 -2.09612
3865.76 0.000912973 16.737 -2.18429
4033.83 0.000994088 17.4647 -2.27246
4201.91 0.00107866 18.1923 -2.36064
4369.99 0.00116667 18.92 -2.44881
4538.06 0.00125815 19.6477 -2.53698
4706.14 0.00135307 20.3754 -2.62515
4874.22 0.00145144 21.1031 -2.71332
5042.29 0.00155327 21.8308 -2.8015
5210.37 0.00165855 22.5585 -2.88967
5378.45 0.00176728 23.2862 -2.97784
5546.52 0.00187946 24.0139 -3.06601
5714.6 0.0019951 24.7416 -3.15418
5882.67 0.00211418 25.4693 -3.24236
6050.75 0.00223672 26.197 -3.33053
6218.83 0.00236271 26.9247 -3.4187
6386.9 0.00249215 27.6524 -3.50687
6554.98 0.00262505 28.3801 -3.59504
6723.06 0.00276139 29.1078 -3.68322
6891.13 0.00290119 29.8354 -3.77139
7059.21 0.00304444 30.5631 -3.85956
7227.29 0.00319115 31.2908 -3.94773
7395.36 0.0033413 32.0185 -4.0359
7563.44 0.00349491 32.7462 -4.12408
7731.52 0.00365197 33.4739 -4.21225
7899.59 0.00381248 34.2016 -4.30042
8067.67 0.00397645 34.9293 -4.38859
8235.74 0.00414386 35.657 -4.47676
8403.82 0.00431473 36.3847 -4.56494
8571.9 0.00448905 37.1124 -4.65311
