168.076 -1.63668e-006 0.590402 -0.233634
336.153 -6.54675e-006 1.1808 -0.319378
504.229 -1.47302e-005 1.7712 -0.405123
672.306 -2.61869e-005 2.36161 -0.490868
840.382 -4.09173e-005 2.95201 -0.576612
1008.46 -5.89205e-005 3.54241 -0.662357
1176.53 -8.01975e-005 4.13281 -0.748103
1344.61 -0.000104748 4.72321 -0.833848
1512.69 -0.000132571 5.31361 -0.919593
1680.76 -0.000163669 5.90402 -1.00534
1848.84 -0.000198039 6.49442 -1.09108
2016.92 -0.000235683 7.08482 -1.17683
2184.99 -0.0002766 7.67522 -1.26258
2353.07 -0.000320791 8.26562 -1.34832
2521.15 -0.000368254 8.85602 -1.43407
2689.22 -0.000418993 9.44643 -1.51982
2857.3 -0.000473004 10.0368 -1.60556
3025.38 -0.000530288 10.6272 -1.69131
3193.45 -0.000590846 11.2176 -1.77706
3361.53 -0.000654677 11.808 -1.8628
3529.6 -0.000721782 12.3984 -1.94855
3697.68 -0.00079216 12.9888 -2.0343
3865.76 -0.000865812 13.5792 -2.12004
4033.83 -0.000942737 14.1696 -2.20579
4201.91 -0.00102294 14.76 -2.29154
4369.99 -0.00110641 15.3504 -2.37729
4538.06 -0.00119315 15.9408 -2.46303
4706.14 -0.00128317 16.5312 -2.54878
4874.22 -0.00137647 17.1216 -2.63453
5042.29 -0.00147303 17.712 -2.72028
5210.37 -0.00157287 18.3024 -2.80603
5378.45 -0.00167599 18.8929 -2.89178
5546.52 -0.00178237 19.4833 -2.97753
5714.6 -0.00189203 20.0737 -3.06327
5882.67 -0.00200497 20.6641 -3.14902
6050.75 -0.00212118 21.2545 -3.23477
6218.83 -0.00224066 21.8449 -3.32052
6386.9 -0.00236342 22.4353 -3.40627
6554.98 -0.00248944 23.0257 -3.49202
6723.06 -0.00261875 23.6161 -3.57777
6891.13 -0.00275133 24.2065 -3.66352
7059.21 -0.00288718 24.7969 -3.74927
7227.29 -0.0030263 25.3873 -3.83502
7395.36 -0.0031687 25.9777 -3.92077
7563.44 -0.00331437 26.5681 -4.00652
7731.52 -0.00346332 27.1585 -4.09227
7899.59 -0.00361554 27.7489 -4.17802
8067.67 -0.00377103 28.3393 -4.26377
8235.74 -0.0039298 28.9297 -4.34952
8403.82 -0.00409184 29.5201 -4.43527
8571.9 -0.00425716 30.1105 -4.52103
