168.076 1.49511e-006 0.466671 -0.136428
336.153 5.98046e-006 0.933342 -0.136428
504.229 1.3456e-005 1.40001 -0.136428
672.306 2.39218e-005 1.86668 -0.136428
840.382 3.73779e-005 2.33336 -0.136428
1008.46 5.38242e-005 2.80003 -0.136428
1176.53 7.32606e-005 3.2667 -0.136428
1344.61 9.56874e-005 3.73337 -0.136428
1512.69 0.000121104 4.20004 -0.136428
1680.76 0.000149512 4.66671 -0.136428
1848.84 0.000180909 5.13338 -0.136428
2016.92 0.000215297 5.60005 -0.136428
2184.99 0.000252675 6.06672 -0.136428
2353.07 0.000293043 6.53339 -0.136428
2521.15 0.000336401 7.00007 -0.136428
2689.22 0.00038275 7.46674 -0.136428
2857.3 0.000432089 7.93341 -0.136428
3025.38 0.000484419 8.40008 -0.136428
3193.45 0.000539738 8.86675 -0.136428
3361.53 0.000598048 9.33342 -0.136428
3529.6 0.000659349 9.80009 -0.136428
3697.68 0.000723639 10.2668 -0.136428
3865.76 0.00079092 10.7334 -0.136428
4033.83 0.000861191 11.2001 -0.136428
4201.91 0.000934453 11.6668 -0.136428
4369.99 0.00101071 12.1334 -0.136428
4538.06 0.00108995 12.6001 -0.136428
4706.14 0.00117218 13.0668 -0.136428
4874.22 0.0012574 13.5335 -0.136428
5042.29 0.00134562 14.0001 -0.136428
5210.37 0.00143682 14.4668 -0.136428
5378.45 0.00153102 14.9335 -0.136428
5546.52 0.0016282 15.4001 -0.136428
5714.6 0.00172838 15.8668 -0.136428
5882.67 0.00183154 16.3335 -0.136428
6050.75 0.0019377 16.8002 -0.136428
6218.83 0.00204684 17.2668 -0.136428
6386.9 0.00215898 17.7335 -0.136428
6554.98 0.00227411 18.2002 -0.136428
6723.06 0.00239223 18.6668 -0.136428
6891.13 0.00251334 19.1335 -0.136428
7059.21 0.00263744 19.6002 -0.136428
7227.29 0.00276453 20.0669 -0.136428
7395.36 0.00289461 20.5335 -0.136428
7563.44 0.00302768 21.0002 -0.136428
7731.52 0.00316374 21.4669 -0.136428
7899.59 0.00330279 21.9335 -0.136428
8067.67 0.00344484 22.4002 -0.136428
8235.74 0.00358987 22.8669 -0.136428
8403.82 0.00373789 23.3336 -0.136428
8571.9 0.00388891 23.8002 -0.136428
