168.076 1.77614e-006 1 -0.0746207
336.153 7.10459e-006 2 0.0149508
504.229 1.59854e-005 3 0.104522
672.306 2.84181e-005 4 0.194094
840.382 4.4404e-005 5 0.283665
1008.46 6.39413e-005 6 0.373237
1176.53 8.70311e-005 7 0.462808
1344.61 0.000113673 8 0.552379
1512.69 0.000143868 9 0.641951
1680.76 0.000177615 10 0.731522
1848.84 0.000214914 11 0.821094
2016.92 0.000255765 12 0.910665
2184.99 0.000300169 13 1.00024
2353.07 0.000348125 14 1.08981
2521.15 0.000399632 15 1.17938
2689.22 0.000454695 16 1.26895
2857.3 0.000513309 17 1.35852
3025.38 0.000575473 18 1.44809
3193.45 0.000641191 19 1.53766
3361.53 0.000710462 20 1.62724
3529.6 0.000783284 21 1.71681
3697.68 0.00085966 22 1.80638
3865.76 0.000939587 23 1.89595
4033.83 0.00102307 24 1.98552
4201.91 0.0011101 25 2.07509
4369.99 0.00120069 26 2.16466
4538.06 0.00129482 27 2.25423
4706.14 0.00139251 28 2.34381
4874.22 0.00149376 29 2.43338
5042.29 0.00159855 30 2.52295
5210.37 0.0017069 31 2.61252
5378.45 0.0018188 32 2.70209
5546.52 0.00193425 33 2.79166
5714.6 0.00205326 34 2.88123
5882.67 0.00217581 35 2.9708
6050.75 0.00230192 36 3.06037
6218.83 0.00243159 37 3.14995
6386.9 0.0025648 38 3.23952
6554.98 0.00270157 39 3.32909
6723.06 0.00284189 40 3.41866
6891.13 0.00298577 41 3.50823
7059.21 0.0031332 42 3.5978
7227.29 0.00328418 43 3.68737
7395.36 0.00343871 44 3.77694
7563.44 0.00359679 45 3.86651
7731.52 0.00375843 46 3.95608
7899.59 0.00392362 47 4.04566
8067.67 0.00409237 48 4.13523
8235.74 0.00426466 49 4.2248
8403.82 0.00444052 50 4.31437
8571.9 0.00461992 51 4.40394
