168.076 -1.40677e-007 0.0200092 -0.0103303
336.153 -5.62697e-007 0.0400184 0.0132644
504.229 -1.26607e-006 0.0600275 0.0368588
672.306 -2.25083e-006 0.0800367 0.0604529
840.382 -3.51683e-006 0.100046 0.0840468
1008.46 -5.06431e-006 0.120055 0.10764
1176.53 -6.89309e-006 0.140064 0.131234
1344.61 -9.00322e-006 0.160073 0.154827
1512.69 -1.13947e-005 0.180083 0.17842
1680.76 -1.40675e-005 0.200092 0.202012
1848.84 -1.70217e-005 0.220101 0.225604
2016.92 -2.02573e-005 0.24011 0.249197
2184.99 -2.37741e-005 0.260119 0.272788
2353.07 -2.75724e-005 0.280128 0.29638
2521.15 -3.16522e-005 0.300138 0.319971
2689.22 -3.60128e-005 0.320147 0.343562
2857.3 -4.0655e-005 0.340156 0.367153
3025.38 -4.55787e-005 0.360165 0.390743
3193.45 -5.07837e-005 0.380174 0.414333
3361.53 -5.62701e-005 0.400184 0.437923
3529.6 -6.20378e-005 0.420193 0.461513
3697.68 -6.80868e-005 0.440202 0.485102
3865.76 -7.44172e-005 0.460211 0.508691
4033.83 -8.1029e-005 0.48022 0.53228
4201.91 -8.79221e-005 0.500229 0.555869
4369.99 -9.50965e-005 0.520239 0.579457
4538.06 -0.000102552 0.540248 0.603045
4706.14 -0.000110289 0.560257 0.626633
4874.22 -0.000118308 0.580266 0.65022
5042.29 -0.000126608 0.600275 0.673808
5210.37 -0.000135189 0.620284 0.697395
5378.45 -0.000144052 0.640294 0.720981
5546.52 -0.000153195 0.660303 0.744568
5714.6 -0.000162621 0.680312 0.768154
5882.67 -0.000172327 0.700321 0.79174
6050.75 -0.000182315 0.72033 0.815326
6218.83 -0.000192585 0.74034 0.838911
6386.9 -0.000203135 0.760349 0.862496
6554.98 -0.000213967 0.780358 0.886081
6723.06 -0.000225081 0.800367 0.909666
6891.13 -0.000236475 0.820376 0.93325
7059.21 -0.000248152 0.840385 0.956834
7227.29 -0.000260109 0.860395 0.980418
7395.36 -0.000272348 0.880404 1.004
7563.44 -0.000284868 0.900413 1.02758
7731.52 -0.000297669 0.920422 1.05117
7899.59 -0.000310752 0.940431 1.07475
8067.67 -0.000324117 0.96044 1.09833
8235.74 -0.000337762 0.98045 1.12192
8403.82 -0.000351689 1.00046 1.1455
8571.9 -0.000365897 1.02047 1.16908
