168.076 -1.45028e-006 0.435154 -0.218003
336.153 -5.80115e-006 0.870307 -0.299578
504.229 -1.30526e-005 1.30546 -0.381152
672.306 -2.32045e-005 1.74061 -0.462728
840.382 -3.62573e-005 2.17577 -0.544303
1008.46 -5.22101e-005 2.61092 -0.625878
1176.53 -7.10639e-005 3.04608 -0.707454
1344.61 -9.28182e-005 3.48123 -0.78903
1512.69 -0.000117473 3.91638 -0.870606
1680.76 -0.000145029 4.35154 -0.952183
1848.84 -0.000175485 4.78669 -1.03376
2016.92 -0.000208841 5.22184 -1.11534
2184.99 -0.000245098 5.657 -1.19691
2353.07 -0.000284256 6.09215 -1.27849
2521.15 -0.000326314 6.5273 -1.36007
2689.22 -0.000371274 6.96246 -1.44165
2857.3 -0.000419134 7.39761 -1.52322
3025.38 -0.000469894 7.83277 -1.6048
3193.45 -0.000523555 8.26792 -1.68638
3361.53 -0.000580116 8.70307 -1.76796
3529.6 -0.000639578 9.13823 -1.84954
3697.68 -0.000701941 9.57338 -1.93112
3865.76 -0.000767205 10.0085 -2.01269
4033.83 -0.000835369 10.4437 -2.09427
4201.91 -0.000906434 10.8788 -2.17585
4369.99 -0.0009804 11.314 -2.25743
4538.06 -0.00105727 11.7491 -2.33901
4706.14 -0.00113703 12.1843 -2.42059
4874.22 -0.0012197 12.6195 -2.50217
5042.29 -0.00130527 13.0546 -2.58375
5210.37 -0.00139374 13.4898 -2.66534
5378.45 -0.00148511 13.9249 -2.74692
5546.52 -0.00157938 14.3601 -2.8285
5714.6 -0.00167655 14.7952 -2.91008
5882.67 -0.00177662 15.2304 -2.99166
6050.75 -0.0018796 15.6655 -3.07324
6218.83 -0.00198547 16.1007 -3.15483
6386.9 -0.00209424 16.5358 -3.23641
6554.98 -0.00220592 16.971 -3.31799
6723.06 -0.0023205 17.4061 -3.39957
6891.13 -0.00243797 17.8413 -3.48116
7059.21 -0.00255835 18.2765 -3.56274
7227.29 -0.00268163 18.7116 -3.64432
7395.36 -0.00280781 19.1468 -3.72591
7563.44 -0.00293689 19.5819 -3.80749
7731.52 -0.00306887 20.0171 -3.88907
7899.59 -0.00320376 20.4522 -3.97066
8067.67 -0.00334154 20.8874 -4.05224
8235.74 -0.00348223 21.3225 -4.13383
8403.82 -0.00362581 21.7577 -4.21541
8571.9 -0.0037723 22.1928 -4.297
