168.076 1.22544e-006 0.317503 -0.0466636
336.153 4.90179e-006 0.635005 0.0286269
504.229 1.1029e-005 0.952508 0.103917
672.306 1.9607e-005 1.27001 0.179207
840.382 3.06363e-005 1.58751 0.254496
1008.46 4.4116e-005 1.90502 0.329786
1176.53 6.00468e-005 2.22252 0.405075
1344.61 7.84285e-005 2.54002 0.480364
1512.69 9.9261e-005 2.85752 0.555652
1680.76 0.000122545 3.17503 0.63094
1848.84 0.000148279 3.49253 0.706228
2016.92 0.000176464 3.81003 0.781516
2184.99 0.0002071 4.12753 0.856803
2353.07 0.000240187 4.44504 0.93209
2521.15 0.000275725 4.76254 1.00738
2689.22 0.000313715 5.08004 1.08266
2857.3 0.000354155 5.39754 1.15795
3025.38 0.000397045 5.71505 1.23323
3193.45 0.000442387 6.03255 1.30852
3361.53 0.00049018 6.35005 1.38381
3529.6 0.000540423 6.66755 1.45909
3697.68 0.000593118 6.98506 1.53438
3865.76 0.000648264 7.30256 1.60966
4033.83 0.00070586 7.62006 1.68494
4201.91 0.000765907 7.93756 1.76023
4369.99 0.000828406 8.25507 1.83551
4538.06 0.000893355 8.57257 1.91079
4706.14 0.000960756 8.89007 1.98608
4874.22 0.00103061 9.20757 2.06136
5042.29 0.00110291 9.52508 2.13664
5210.37 0.00117766 9.84258 2.21192
5378.45 0.00125487 10.1601 2.28721
5546.52 0.00133452 10.4776 2.36249
5714.6 0.00141663 10.7951 2.43777
5882.67 0.00150119 11.1126 2.51305
6050.75 0.0015882 11.4301 2.58833
6218.83 0.00167766 11.7476 2.66361
6386.9 0.00176957 12.0651 2.73889
6554.98 0.00186393 12.3826 2.81417
6723.06 0.00196074 12.7001 2.88945
6891.13 0.00206001 13.0176 2.96473
7059.21 0.00216172 13.3351 3.04001
7227.29 0.00226589 13.6526 3.11529
7395.36 0.0023725 13.9701 3.19057
7563.44 0.00248157 14.2876 3.26584
7731.52 0.00259309 14.6051 3.34112
7899.59 0.00270706 14.9226 3.4164
8067.67 0.00282349 15.2401 3.49168
8235.74 0.00294236 15.5576 3.56695
8403.82 0.00306368 15.8751 3.64223
8571.9 0.00318746 16.1926 3.71751
