168.076 7.06531e-007 0.141829 -0.0287827
336.153 2.82615e-006 0.283658 0.0264005
504.229 6.35884e-006 0.425487 0.0815833
672.306 1.13045e-005 0.567316 0.136766
840.382 1.76635e-005 0.709145 0.191948
1008.46 2.54353e-005 0.850974 0.24713
1176.53 3.46202e-005 0.992803 0.302311
1344.61 4.52183e-005 1.13463 0.357492
1512.69 5.72294e-005 1.27646 0.412673
1680.76 7.06536e-005 1.41829 0.467853
1848.84 8.54909e-005 1.56012 0.523033
2016.92 0.000101741 1.70195 0.578212
2184.99 0.000119405 1.84378 0.633391
2353.07 0.000138481 1.98561 0.68857
2521.15 0.00015897 2.12744 0.743748
2689.22 0.000180873 2.26926 0.798926
2857.3 0.000204189 2.41109 0.854104
3025.38 0.000228918 2.55292 0.909281
3193.45 0.00025506 2.69475 0.964458
3361.53 0.000282615 2.83658 1.01963
3529.6 0.000311583 2.97841 1.07481
3697.68 0.000341964 3.12024 1.12999
3865.76 0.000373758 3.26207 1.18516
4033.83 0.000406966 3.4039 1.24034
4201.91 0.000441586 3.54573 1.29551
4369.99 0.00047762 3.68756 1.35069
4538.06 0.000515066 3.82938 1.40586
4706.14 0.000553926 3.97121 1.46103
4874.22 0.0005942 4.11304 1.51621
5042.29 0.000635885 4.25487 1.57138
5210.37 0.000678984 4.3967 1.62655
5378.45 0.000723497 4.53853 1.68172
5546.52 0.000769422 4.68036 1.73689
5714.6 0.00081676 4.82219 1.79207
5882.67 0.000865512 4.96402 1.84724
6050.75 0.000915677 5.10585 1.90241
6218.83 0.000967255 5.24768 1.95758
6386.9 0.00102025 5.3895 2.01275
6554.98 0.00107465 5.53133 2.06792
6723.06 0.00113047 5.67316 2.12309
6891.13 0.0011877 5.81499 2.17825
7059.21 0.00124634 5.95682 2.23342
7227.29 0.0013064 6.09865 2.28859
7395.36 0.00136787 6.24048 2.34376
7563.44 0.00143075 6.38231 2.39892
7731.52 0.00149505 6.52414 2.45409
7899.59 0.00156076 6.66597 2.50926
8067.67 0.00162788 6.80779 2.56442
8235.74 0.00169641 6.94962 2.61959
8403.82 0.00176636 7.09145 2.67475
8571.9 0.00183773 7.23328 2.72992
