168.076 -4.10376e-007 0.0708347 -0.101356
336.153 -1.64152e-006 0.141669 -0.142259
504.229 -3.69341e-006 0.212504 -0.183164
672.306 -6.56601e-006 0.283339 -0.224068
840.382 -1.02595e-005 0.354174 -0.264973
1008.46 -1.47736e-005 0.425008 -0.305878
1176.53 -2.01085e-005 0.495843 -0.346783
1344.61 -2.62642e-005 0.566678 -0.387689
1512.69 -3.32406e-005 0.637512 -0.428595
1680.76 -4.10379e-005 0.708347 -0.469502
1848.84 -4.96558e-005 0.779182 -0.510409
2016.92 -5.90945e-005 0.850017 -0.551316
2184.99 -6.93539e-005 0.920851 -0.592223
2353.07 -8.04341e-005 0.991686 -0.633131
2521.15 -9.23347e-005 1.06252 -0.67404
2689.22 -0.000105057 1.13336 -0.714948
2857.3 -0.0001186 1.20419 -0.755857
3025.38 -0.000132963 1.27502 -0.796767
3193.45 -0.000148147 1.34586 -0.837676
3361.53 -0.000164152 1.41669 -0.878586
3529.6 -0.000180977 1.48753 -0.919497
3697.68 -0.000198623 1.55836 -0.960407
3865.76 -0.000217091 1.6292 -1.00132
4033.83 -0.000236378 1.70003 -1.04223
4201.91 -0.000256487 1.77087 -1.08314
4369.99 -0.000277416 1.8417 -1.12405
4538.06 -0.000299166 1.91254 -1.16497
4706.14 -0.000321738 1.98337 -1.20588
4874.22 -0.00034513 2.05421 -1.24679
5042.29 -0.000369342 2.12504 -1.28771
5210.37 -0.000394375 2.19588 -1.32862
5378.45 -0.000420229 2.26671 -1.36953
5546.52 -0.000446904 2.33755 -1.41045
5714.6 -0.000474399 2.40838 -1.45136
5882.67 -0.000502716 2.47922 -1.49228
6050.75 -0.000531853 2.55005 -1.53319
6218.83 -0.000561811 2.62088 -1.57411
6386.9 -0.000592589 2.69172 -1.61503
6554.98 -0.000624188 2.76255 -1.65594
6723.06 -0.000656609 2.83339 -1.69686
6891.13 -0.00068985 2.90422 -1.73778
7059.21 -0.000723912 2.97506 -1.7787
7227.29 -0.000758794 3.04589 -1.81961
7395.36 -0.000794498 3.11673 -1.86053
7563.44 -0.000831022 3.18756 -1.90145
7731.52 -0.000868367 3.2584 -1.94237
7899.59 -0.000906532 3.32923 -1.98329
8067.67 -0.000945519 3.40007 -2.02421
8235.74 -0.000985326 3.4709 -2.06513
8403.82 -0.00102595 3.54174 -2.10605
8571.9 -0.0010674 3.61257 -2.14697
