168.076 -1.0105e-006 0.234599 -0.0378874
336.153 -4.04197e-006 0.469197 0.0286918
504.229 -9.09444e-006 0.703796 0.0952706
672.306 -1.6168e-005 0.938394 0.161849
840.382 -2.52622e-005 1.17299 0.228427
1008.46 -3.63779e-005 1.40759 0.295005
1176.53 -4.95143e-005 1.64219 0.361582
1344.61 -6.46718e-005 1.87679 0.42816
1512.69 -8.18503e-005 2.11139 0.494736
1680.76 -0.00010105 2.34599 0.561313
1848.84 -0.00012227 2.58058 0.627889
2016.92 -0.000145512 2.81518 0.694465
2184.99 -0.000170774 3.04978 0.76104
2353.07 -0.000198058 3.28438 0.827615
2521.15 -0.000227363 3.51898 0.89419
2689.22 -0.000258687 3.75358 0.960764
2857.3 -0.000292034 3.98818 1.02734
3025.38 -0.000327401 4.22277 1.09391
3193.45 -0.00036479 4.45737 1.16048
3361.53 -0.0004042 4.69197 1.22706
3529.6 -0.00044563 4.92657 1.29363
3697.68 -0.000489082 5.16117 1.3602
3865.76 -0.000534555 5.39577 1.42677
4033.83 -0.000582048 5.63036 1.49335
4201.91 -0.000631563 5.86496 1.55992
4369.99 -0.000683099 6.09956 1.62649
4538.06 -0.000736656 6.33416 1.69306
4706.14 -0.000792234 6.56876 1.75963
4874.22 -0.000849832 6.80336 1.8262
5042.29 -0.000909453 7.03796 1.89277
5210.37 -0.000971094 7.27255 1.95934
5378.45 -0.00103476 7.50715 2.02591
5546.52 -0.00110044 7.74175 2.09247
5714.6 -0.00116814 7.97635 2.15904
5882.67 -0.00123787 8.21095 2.22561
6050.75 -0.00130962 8.44555 2.29218
6218.83 -0.00138338 8.68015 2.35874
6386.9 -0.00145917 8.91474 2.42531
6554.98 -0.00153698 9.14934 2.49188
6723.06 -0.00161681 9.38394 2.55844
6891.13 -0.00169867 9.61854 2.62501
7059.21 -0.00178254 9.85314 2.69157
7227.29 -0.00186843 10.0877 2.75814
7395.36 -0.00195635 10.3223 2.8247
7563.44 -0.00204629 10.5569 2.89127
7731.52 -0.00213825 10.7915 2.95783
7899.59 -0.00223222 11.0261 3.0244
8067.67 -0.00232823 11.2607 3.09096
8235.74 -0.00242625 11.4953 3.15752
8403.82 -0.00252629 11.7299 3.22408
8571.9 -0.00262835 11.9645 3.29065
