276.021 -57.139 -1.11069e-008 953.792 8.27012e-006 -18822.2 -7.91161e-007 57.139 1.11069e-008 -953.792 -6.13759e-006 7851.53 7.91161e-007 -218.882 2.45241e-009 2464.61 1.81068e-006 -63227 -7.76269e-007 218.882 -2.45241e-009 -2464.61 -2.28154e-006 21201.7 7.76269e-007
552.042 -115.154 -1.11011e-008 245.569 8.26659e-006 -42283.6 -7.87037e-007 115.154 1.11011e-008 -245.569 -6.13517e-006 20174.1 7.87037e-007 -436.888 2.43737e-009 3172.83 1.82066e-006 -137379 -7.72071e-007 436.888 -2.43737e-009 -3172.83 -2.28864e-006 53496.8 7.72071e-007
828.063 -173.168 -1.12559e-008 -462.653 8.38237e-006 -65744.9 -8.00783e-007 173.168 1.12559e-008 462.653 -6.22124e-006 32496.6 8.00783e-007 -654.895 2.45806e-009 3881.05 1.85586e-006 -211532 -7.85468e-007 654.895 -2.45806e-009 -3881.05 -2.32781e-006 85791.9 7.85468e-007
1104.08 -231.183 -1.11837e-008 -1170.88 8.32962e-006 -89206.3 -7.96969e-007 231.183 1.11837e-008 1170.88 -6.18236e-006 44819.2 7.96969e-007 -872.901 2.46416e-009 4589.28 1.83069e-006 -285684 -7.81933e-007 872.901 -2.46416e-009 -4589.28 -2.30381e-006 118087 7.81933e-007
1380.1 -289.198 -1.11214e-008 -1879.1 8.27514e-006 -112668 -7.86102e-007 289.198 1.11214e-008 1879.1 -6.13983e-006 57141.7 7.86102e-007 -1090.91 2.50065e-009 5297.5 1.77511e-006 -359836 -7.71246e-007 1090.91 -2.50065e-009 -5297.5 -2.25524e-006 150382 7.71246e-007
1656.13 -347.212 -1.10954e-008 -2587.32 8.26085e-006 -136129 -7.84733e-007 347.212 1.10954e-008 2587.32 -6.13053e-006 69464.3 7.84733e-007 -1308.91 2.44452e-009 6005.72 1.8149e-006 -433989 -7.69881e-007 1308.91 -2.44452e-009 -6005.72 -2.28425e-006 182677 7.69881e-007
1932.15 -405.227 -1.12136e-008 -3295.54 8.35388e-006 -159590 -8.0405e-007 405.227 1.12136e-008 3295.54 -6.20088e-006 81786.8 8.0405e-007 -1526.92 2.43361e-009 6713.94 1.87058e-006 -508141 -7.88936e-007 1526.92 -2.43361e-009 -6713.94 -2.33784e-006 214972 7.88936e-007
2208.17 -463.241 -1.09694e-008 -4003.77 8.1708e-006 -183052 -7.79907e-007 463.241 1.09694e-008 4003.77 -6.06467e-006 94109.4 7.79907e-007 -1744.93 2.39965e-009 7422.17 1.80912e-006 -582293 -7.65105e-007 1744.93 -2.39965e-009 -7422.17 -2.26985e-006 247268 7.65105e-007
2484.19 -521.256 -1.0863e-008 -4711.99 8.0914e-006 -206513 -7.66055e-007 521.256 1.0863e-008 4711.99 -6.00571e-006 106432 7.66055e-007 -1962.93 2.36069e-009 8130.39 1.80517e-006 -656446 -7.51465e-007 1962.93 -2.36069e-009 -8130.39 -2.25842e-006 279563 7.51465e-007
2760.21 -579.271 -1.11408e-008 -5420.21 8.29209e-006 -229974 -8.07937e-007 579.271 1.11408e-008 5420.21 -6.15305e-006 118754 8.07937e-007 -2180.94 2.45127e-009 8838.61 1.82313e-006 -730598 -7.92946e-007 2180.94 -2.45127e-009 -8838.61 -2.29378e-006 311858 7.92946e-007
3036.23 -637.285 -1.1131e-008 -6128.43 8.2862e-006 -253436 -7.73337e-007 637.285 1.1131e-008 6128.43 -6.14905e-006 131077 7.73337e-007 -2398.94 2.43268e-009 9546.83 1.83391e-006 -804750 -7.58532e-007 2398.94 -2.43268e-009 -9546.83 -2.30099e-006 344153 7.58532e-007
3312.25 -695.3 -1.08288e-008 -6836.66 8.0597e-006 -276897 -7.57969e-007 695.3 1.08288e-008 6836.66 -5.98057e-006 143400 7.57969e-007 -2616.95 2.39292e-009 10255.1 1.75326e-006 -878903 -7.43371e-007 2616.95 -2.39292e-009 -10255.1 -2.2127e-006 376448 7.43371e-007
3588.27 -753.315 -1.10049e-008 -7544.88 8.20126e-006 -300359 -7.7597e-007 753.315 1.10049e-008 7544.88 -6.08831e-006 155722 7.7597e-007 -2834.96 2.37837e-009 10963.3 1.84875e-006 -953055 -7.61252e-007 2834.96 -2.37837e-009 -10963.3 -2.3054e-006 408743 7.61252e-007
3864.29 -811.329 -1.08366e-008 -8253.1 8.08011e-006 -323820 -7.64916e-007 811.329 1.08366e-008 8253.1 -5.99948e-006 168045 7.64916e-007 -3052.96 2.31998e-009 11671.5 1.8394e-006 -1.02721e+006 -7.5039e-007 3052.96 -2.31998e-009 -11671.5 -2.28483e-006 441038 7.5039e-007
4140.31 -869.344 -1.09581e-008 -8961.32 8.15714e-006 -347281 -7.74616e-007 869.344 1.09581e-008 8961.32 -6.05318e-006 180367 7.74616e-007 -3270.97 2.42846e-009 12379.7 1.77759e-006 -1.10136e+006 -7.59767e-007 3270.97 -2.42846e-009 -12379.7 -2.24386e-006 473333 7.59767e-007
4416.33 -927.358 -1.11527e-008 -9669.55 8.29511e-006 -370743 -7.95306e-007 927.358 1.11527e-008 9669.55 -6.15379e-006 192690 7.95306e-007 -3488.98 2.48231e-009 13087.9 1.79558e-006 -1.17551e+006 -7.80406e-007 3488.98 -2.48231e-009 -13087.9 -2.27218e-006 505629 7.80406e-007
4692.36 -985.373 -1.12345e-008 -10377.8 8.36734e-006 -394204 -7.91412e-007 985.373 1.12345e-008 10377.8 -6.21031e-006 205012 7.91412e-007 -3706.98 2.46517e-009 13796.2 1.8446e-006 -1.24966e+006 -7.76173e-007 3706.98 -2.46517e-009 -13796.2 -2.31791e-006 537924 7.76173e-007
4968.38 -1043.39 -1.12643e-008 -11086 8.38334e-006 -417665 -8.03573e-007 1043.39 1.12643e-008 11086 -6.22059e-006 217335 8.03573e-007 -3924.99 2.53344e-009 14504.4 1.79315e-006 -1.32382e+006 -7.88367e-007 3924.99 -2.53344e-009 -14504.4 -2.27957e-006 570219 7.88367e-007
5244.4 -1101.4 -1.11777e-008 -11794.2 8.32077e-006 -441127 -7.94018e-007 1101.4 1.11777e-008 11794.2 -6.17464e-006 229657 7.94018e-007 -4143 2.46105e-009 15212.6 1.82629e-006 -1.39797e+006 -7.79079e-007 4143 -2.46105e-009 -15212.6 -2.29881e-006 602514 7.79079e-007
5520.42 -1159.42 -1.09834e-008 -12502.4 8.18286e-006 -464588 -7.7756e-007 1159.42 1.09834e-008 12502.4 -6.07405e-006 241980 7.7756e-007 -4361 2.37574e-009 15920.8 1.83542e-006 -1.47212e+006 -7.62855e-007 4361 -2.37574e-009 -15920.8 -2.29157e-006 634809 7.62855e-007
5796.44 -1217.43 -1.11742e-008 -13210.7 8.31912e-006 -488049 -7.82435e-007 1217.43 1.11742e-008 13210.7 -6.17368e-006 254302 7.82435e-007 -4579.01 2.43039e-009 16629.1 1.85317e-006 -1.54627e+006 -7.67534e-007 4579.01 -2.43039e-009 -16629.1 -2.3198e-006 667104 7.67534e-007
6072.46 -1275.45 -1.11353e-008 -13918.9 8.29536e-006 -511511 -7.92408e-007 1275.45 1.11353e-008 13918.9 -6.15738e-006 266625 7.92408e-007 -4797.01 2.4213e-009 17337.3 1.85414e-006 -1.62043e+006 -7.77486e-007 4797.01 -2.4213e-009 -17337.3 -2.31903e-006 699399 7.77486e-007
6348.48 -1333.46 -1.11227e-008 -14627.1 8.28031e-006 -534972 -7.77578e-007 1333.46 1.11227e-008 14627.1 -6.14475e-006 278948 7.77578e-007 -5015.02 2.46345e-009 18045.5 1.80507e-006 -1.69458e+006 -7.62737e-007 5015.02 -2.46345e-009 -18045.5 -2.27805e-006 731694 7.62737e-007
6624.5 -1391.48 -1.11322e-008 -15335.3 8.29106e-006 -558433 -7.90721e-007 1391.48 1.11322e-008 15335.3 -6.15367e-006 291270 7.90721e-007 -5233.03 2.40289e-009 18753.7 1.86512e-006 -1.76873e+006 -7.75667e-007 5233.03 -2.40289e-009 -18753.7 -2.32648e-006 763990 7.75667e-007
6900.52 -1449.49 -1.11081e-008 -16043.5 8.27692e-006 -581895 -7.87992e-007 1449.49 1.11081e-008 16043.5 -6.14416e-006 303593 7.87992e-007 -5451.03 2.3996e-009 19461.9 1.86276e-006 -1.84288e+006 -7.73009e-007 5451.03 -2.3996e-009 -19461.9 -2.32348e-006 796285 7.73009e-007
7176.54 -1507.5 -1.09686e-008 -16751.8 8.16596e-006 -605356 -7.80584e-007 1507.5 1.09686e-008 16751.8 -6.05999e-006 315915 7.80584e-007 -5669.04 2.38657e-009 20170.2 1.82087e-006 -1.91704e+006 -7.65924e-007 5669.04 -2.38657e-009 -20170.2 -2.27909e-006 828580 7.65924e-007
7452.57 -1565.52 -1.12339e-008 -17460 8.36553e-006 -628818 -8.00259e-007 1565.52 1.12339e-008 17460 -6.20861e-006 328238 8.00259e-007 -5887.05 2.48893e-009 20878.4 1.83027e-006 -1.99119e+006 -7.8518e-007 5887.05 -2.48893e-009 -20878.4 -2.30814e-006 860875 7.8518e-007
7728.59 -1623.53 -1.10484e-008 -18168.2 8.22782e-006 -652279 -7.82013e-007 1623.53 1.10484e-008 18168.2 -6.10653e-006 340560 7.82013e-007 -6105.05 2.39435e-009 21586.6 1.84889e-006 -2.06534e+006 -7.67159e-007 6105.05 -2.39435e-009 -21586.6 -2.30861e-006 893170 7.67159e-007
8004.61 -1681.55 -1.1137e-008 -18876.4 8.28958e-006 -675740 -7.97637e-007 1681.55 1.1137e-008 18876.4 -6.15128e-006 352883 7.97637e-007 -6323.06 2.46876e-009 22294.8 1.80718e-006 -2.13949e+006 -7.82726e-007 6323.06 -2.46876e-009 -22294.8 -2.28118e-006 925465 7.82726e-007
8280.63 -1739.56 -1.07907e-008 -19584.7 8.04093e-006 -699202 -7.71986e-007 1739.56 1.07907e-008 19584.7 -5.96911e-006 365205 7.71986e-007 -6541.06 2.33712e-009 23003.1 1.80118e-006 -2.21364e+006 -7.57446e-007 6541.06 -2.33712e-009 -23003.1 -2.2499e-006 957760 7.57446e-007
8556.65 -1797.58 -1.13895e-008 -20292.9 8.46741e-006 -722663 -8.18278e-007 1797.58 1.13895e-008 20292.9 -6.28063e-006 377528 8.18278e-007 -6759.07 2.59624e-009 23711.3 1.77376e-006 -2.2878e+006 -8.02855e-007 6759.07 -2.59624e-009 -23711.3 -2.27224e-006 990055 8.02855e-007
8832.67 -1855.59 -1.10898e-008 -21001.1 8.26011e-006 -746124 -7.91892e-007 1855.59 1.10898e-008 21001.1 -6.13087e-006 389851 7.91892e-007 -6977.08 2.43117e-009 24419.5 1.82245e-006 -2.36195e+006 -7.76846e-007 6977.08 -2.43117e-009 -24419.5 -2.28923e-006 1.02235e+006 7.76846e-007
9108.69 -1913.61 -1.11793e-008 -21709.3 8.32628e-006 -769586 -7.93053e-007 1913.61 1.11793e-008 21709.3 -6.17985e-006 402173 7.93053e-007 -7195.08 2.424e-009 25127.7 1.8646e-006 -2.4361e+006 -7.78082e-007 7195.08 -2.424e-009 -25127.7 -2.33001e-006 1.05465e+006 7.78082e-007
9384.71 -1971.62 -1.13644e-008 -22417.5 8.4516e-006 -793047 -8.06238e-007 1971.62 1.13644e-008 22417.5 -6.26965e-006 414496 8.06238e-007 -7413.09 2.53186e-009 25835.9 1.82608e-006 -2.51025e+006 -7.90914e-007 7413.09 -2.53186e-009 -25835.9 -2.3122e-006 1.08694e+006 7.90914e-007
9660.73 -2029.64 -1.1359e-008 -23125.8 8.45693e-006 -816508 -8.00624e-007 2029.64 1.1359e-008 23125.8 -6.27599e-006 426818 8.00624e-007 -7631.1 2.52255e-009 26544.2 1.84091e-006 -2.58441e+006 -7.85282e-007 7631.1 -2.52255e-009 -26544.2 -2.32523e-006 1.11924e+006 7.85282e-007
9936.75 -2087.65 -1.10087e-008 -23834 8.20583e-006 -839970 -7.85265e-007 2087.65 1.10087e-008 23834 -6.09215e-006 439141 7.85265e-007 -7849.1 2.343e-009 27252.4 1.88036e-006 -2.65856e+006 -7.70461e-007 7849.1 -2.343e-009 -27252.4 -2.33021e-006 1.15153e+006 7.70461e-007
10212.8 -2145.67 -1.10375e-008 -24542.2 8.22045e-006 -863431 -7.85059e-007 2145.67 1.10375e-008 24542.2 -6.10124e-006 451463 7.85059e-007 -8067.11 2.4074e-009 27960.6 1.82653e-006 -2.73271e+006 -7.70356e-007 8067.11 -2.4074e-009 -27960.6 -2.28875e-006 1.18383e+006 7.70356e-007
10488.8 -2203.68 -1.08552e-008 -25250.4 8.09462e-006 -886892 -7.65214e-007 2203.68 1.08552e-008 25250.4 -6.01041e-006 463786 7.65214e-007 -8285.12 2.3313e-009 28668.8 1.83977e-006 -2.80686e+006 -7.50662e-007 8285.12 -2.3313e-009 -28668.8 -2.28738e-006 1.21612e+006 7.50662e-007
10764.8 -2261.69 -1.12206e-008 -25958.7 8.35492e-006 -910354 -7.93305e-007 2261.69 1.12206e-008 25958.7 -6.20057e-006 476108 7.93305e-007 -8503.12 2.45931e-009 29377.1 1.84741e-006 -2.88102e+006 -7.78278e-007 8503.12 -2.45931e-009 -29377.1 -2.31959e-006 1.24842e+006 7.78278e-007
11040.8 -2319.71 -1.10351e-008 -26666.9 8.21293e-006 -933815 -7.80341e-007 2319.71 1.10351e-008 26666.9 -6.09419e-006 488431 7.80341e-007 -8721.13 2.4328e-009 30085.3 1.80368e-006 -2.95517e+006 -7.65549e-007 8721.13 -2.4328e-009 -30085.3 -2.27078e-006 1.28071e+006 7.65549e-007
11316.9 -2377.72 -1.08424e-008 -27375.1 8.07955e-006 -957277 -7.71816e-007 2377.72 1.08424e-008 27375.1 -5.99782e-006 500753 7.71816e-007 -8939.13 2.33894e-009 30793.5 1.81711e-006 -3.02932e+006 -7.57184e-007 8939.13 -2.33894e-009 -30793.5 -2.26619e-006 1.31301e+006 7.57184e-007
11592.9 -2435.74 -1.11633e-008 -28083.3 8.31502e-006 -980738 -7.82819e-007 2435.74 1.11633e-008 28083.3 -6.17166e-006 513076 7.82819e-007 -9157.14 2.44605e-009 31501.7 1.83601e-006 -3.10347e+006 -7.67826e-007 9157.14 -2.44605e-009 -31501.7 -2.30565e-006 1.3453e+006 7.67826e-007
11868.9 -2493.75 -1.11929e-008 -28791.6 8.3284e-006 -1.0042e+006 -7.89118e-007 2493.75 1.11929e-008 28791.6 -6.17936e-006 525399 7.89118e-007 -9375.15 2.49245e-009 32210 1.80704e-006 -3.17763e+006 -7.74257e-007 9375.15 -2.49245e-009 -32210 -2.28558e-006 1.3776e+006 7.74257e-007
12144.9 -2551.77 -1.09337e-008 -29499.8 8.14077e-006 -1.02766e+006 -7.7755e-007 2551.77 1.09337e-008 29499.8 -6.0415e-006 537721 7.7755e-007 -9593.15 2.40987e-009 32918.2 1.79006e-006 -3.25178e+006 -7.62912e-007 9593.15 -2.40987e-009 -32918.2 -2.25276e-006 1.40989e+006 7.62912e-007
12420.9 -2609.78 -1.1058e-008 -30208 8.23297e-006 -1.05112e+006 -7.91393e-007 2609.78 1.1058e-008 30208 -6.10983e-006 550044 7.91393e-007 -9811.16 2.45167e-009 33626.4 1.79277e-006 -3.32593e+006 -7.76481e-007 9811.16 -2.45167e-009 -33626.4 -2.26349e-006 1.44219e+006 7.76481e-007
12697 -2667.8 -1.11044e-008 -30916.2 8.2631e-006 -1.07458e+006 -7.97534e-007 2667.8 1.11044e-008 30916.2 -6.13105e-006 562366 7.97534e-007 -10029.2 2.48192e-009 34334.6 1.77988e-006 -3.40008e+006 -7.82662e-007 10029.2 -2.48192e-009 -34334.6 -2.25641e-006 1.47448e+006 7.82662e-007
12973 -2725.81 -1.09661e-008 -31624.4 8.16185e-006 -1.09804e+006 -7.81775e-007 2725.81 1.09661e-008 31624.4 -6.05637e-006 574689 7.81775e-007 -10247.2 2.40916e-009 35042.8 1.79989e-006 -3.47423e+006 -7.67047e-007 10247.2 -2.40916e-009 -35042.8 -2.26245e-006 1.50678e+006 7.67047e-007
13249 -2783.83 -1.08392e-008 -32332.7 8.0747e-006 -1.12151e+006 -7.65166e-007 2783.83 1.08392e-008 32332.7 -5.99357e-006 587011 7.65166e-007 -10465.2 2.33076e-009 35751.1 1.83023e-006 -3.54839e+006 -7.50649e-007 10465.2 -2.33076e-009 -35751.1 -2.27774e-006 1.53907e+006 7.50649e-007
13525 -2841.84 -1.06629e-008 -33040.9 7.93666e-006 -1.14497e+006 -7.48551e-007 2841.84 1.06629e-008 33040.9 -5.88938e-006 599334 7.48551e-007 -10683.2 2.33497e-009 36459.3 1.75192e-006 -3.62254e+006 -7.3416e-007 10683.2 -2.33497e-009 -36459.3 -2.20024e-006 1.57137e+006 7.3416e-007
13801 -2899.86 -1.09979e-008 -33749.1 8.19001e-006 -1.16843e+006 -7.69034e-007 2899.86 1.09979e-008 33749.1 -6.07841e-006 611656 7.69034e-007 -10901.2 2.39092e-009 37167.5 1.8231e-006 -3.69669e+006 -7.54152e-007 10901.2 -2.39092e-009 -37167.5 -2.28216e-006 1.60366e+006 7.54152e-007
14077.1 -2957.87 -1.09557e-008 -34457.3 8.15726e-006 -1.19189e+006 -7.8792e-007 2957.87 1.09557e-008 34457.3 -6.05375e-006 623979 7.8792e-007 -11119.2 2.39289e-009 37875.7 1.81142e-006 -3.77084e+006 -7.73076e-007 11119.2 -2.39289e-009 -37875.7 -2.27086e-006 1.63596e+006 7.73076e-007
