276.021 0.164293
552.042 0.381285
828.063 0.598278
1104.08 0.81527
1380.1 1.03226
1656.13 1.24926
1932.15 1.46625
2208.17 1.68324
2484.19 1.90023
2760.21 2.11723
3036.23 2.33422
3312.25 2.55121
3588.27 2.7682
3864.29 2.9852
4140.31 3.20219
4416.33 3.41918
4692.36 3.63617
4968.38 3.85317
5244.4 4.07016
5520.42 4.28715
5796.44 4.50414
6072.46 4.72114
6348.48 4.93813
6624.5 5.15512
6900.52 5.37211
7176.54 5.58911
7452.57 5.8061
7728.59 6.02309
8004.61 6.24008
8280.63 6.45708
8556.65 6.67407
8832.67 6.89106
9108.69 7.10805
9384.71 7.32505
9660.73 7.54204
9936.75 7.75903
10212.8 7.97602
10488.8 8.19302
10764.8 8.41001
11040.8 8.627
11316.9 8.84399
11592.9 9.06099
11868.9 9.27798
12144.9 9.49497
12420.9 9.71196
12697 9.92896
12973 10.1459
13249 10.3629
13525 10.5799
13801 10.7969
14077.1 11.0139
