276.021 0.0320064
552.042 0.0711539
828.063 0.110301
1104.08 0.149449
1380.1 0.188596
1656.13 0.227744
1932.15 0.266891
2208.17 0.306039
2484.19 0.345186
2760.21 0.384334
3036.23 0.423481
3312.25 0.462629
3588.27 0.501776
3864.29 0.540924
4140.31 0.580071
4416.33 0.619219
4692.36 0.658366
4968.38 0.697514
5244.4 0.736661
5520.42 0.775809
5796.44 0.814956
6072.46 0.854104
6348.48 0.893251
6624.5 0.932399
6900.52 0.971546
7176.54 1.01069
7452.57 1.04984
7728.59 1.08899
8004.61 1.12814
8280.63 1.16728
8556.65 1.20643
8832.67 1.24558
9108.69 1.28473
9384.71 1.32387
9660.73 1.36302
9936.75 1.40217
10212.8 1.44132
10488.8 1.48046
10764.8 1.51961
11040.8 1.55876
11316.9 1.59791
11592.9 1.63705
11868.9 1.6762
12144.9 1.71535
12420.9 1.7545
12697 1.79364
12973 1.83279
13249 1.87194
13525 1.91109
13801 1.95023
14077.1 1.98938
