276.021 0.315151
552.042 0.764466
828.063 1.21378
1104.08 1.6631
1380.1 2.11241
1656.13 2.56173
1932.15 3.01104
2208.17 3.46036
2484.19 3.90967
2760.21 4.35899
3036.23 4.8083
3312.25 5.25762
3588.27 5.70693
3864.29 6.15625
4140.31 6.60556
4416.33 7.05488
4692.36 7.50419
4968.38 7.95351
5244.4 8.40282
5520.42 8.85214
5796.44 9.30145
6072.46 9.75077
6348.48 10.2001
6624.5 10.6494
6900.52 11.0987
7176.54 11.548
7452.57 11.9973
7728.59 12.4467
8004.61 12.896
8280.63 13.3453
8556.65 13.7946
8832.67 14.2439
9108.69 14.6932
9384.71 15.1426
9660.73 15.5919
9936.75 16.0412
10212.8 16.4905
10488.8 16.9398
10764.8 17.3891
11040.8 17.8384
11316.9 18.2878
11592.9 18.7371
11868.9 19.1864
12144.9 19.6357
12420.9 20.085
12697 20.5343
12973 20.9836
13249 21.433
13525 21.8823
13801 22.3316
14077.1 22.7809
