276.021 0.493599
552.042 1.29058
828.063 2.08756
1104.08 2.88454
1380.1 3.68152
1656.13 4.47851
1932.15 5.27549
2208.17 6.07247
2484.19 6.86945
2760.21 7.66643
3036.23 8.46341
3312.25 9.26039
3588.27 10.0574
3864.29 10.8544
4140.31 11.6513
4416.33 12.4483
4692.36 13.2453
4968.38 14.0423
5244.4 14.8393
5520.42 15.6362
5796.44 16.4332
6072.46 17.2302
6348.48 18.0272
6624.5 18.8242
6900.52 19.6212
7176.54 20.4181
7452.57 21.2151
7728.59 22.0121
8004.61 22.8091
8280.63 23.6061
8556.65 24.403
8832.67 25.2
9108.69 25.997
9384.71 26.794
9660.73 27.591
9936.75 28.3879
10212.8 29.1849
10488.8 29.9819
10764.8 30.7789
11040.8 31.5759
11316.9 32.3729
11592.9 33.1698
11868.9 33.9668
12144.9 34.7638
12420.9 35.5608
12697 36.3578
12973 37.1547
13249 37.9517
13525 38.7487
13801 39.5457
14077.1 40.3427
