276.021 0.567031
552.042 1.56703
828.063 2.56703
1104.08 3.56703
1380.1 4.56703
1656.13 5.56703
1932.15 6.56703
2208.17 7.56703
2484.19 8.56703
2760.21 9.56703
3036.23 10.567
3312.25 11.567
3588.27 12.567
3864.29 13.567
4140.31 14.567
4416.33 15.567
4692.36 16.567
4968.38 17.567
5244.4 18.567
5520.42 19.567
5796.44 20.567
6072.46 21.567
6348.48 22.567
6624.5 23.567
6900.52 24.567
7176.54 25.567
7452.57 26.567
7728.59 27.567
8004.61 28.567
8280.63 29.567
8556.65 30.567
8832.67 31.567
9108.69 32.567
9384.71 33.567
9660.73 34.567
9936.75 35.567
10212.8 36.567
10488.8 37.567
10764.8 38.567
11040.8 39.567
11316.9 40.567
11592.9 41.567
11868.9 42.567
12144.9 43.567
12420.9 44.567
12697 45.567
12973 46.567
13249 47.567
13525 48.567
13801 49.567
14077.1 50.567
