276.021 0.443654
552.042 1.12965
828.063 1.81564
1104.08 2.50164
1380.1 3.18763
1656.13 3.87363
1932.15 4.55962
2208.17 5.24562
2484.19 5.93161
2760.21 6.6176
3036.23 7.3036
3312.25 7.98959
3588.27 8.67559
3864.29 9.36158
4140.31 10.0476
4416.33 10.7336
4692.36 11.4196
4968.38 12.1056
5244.4 12.7916
5520.42 13.4776
5796.44 14.1635
6072.46 14.8495
6348.48 15.5355
6624.5 16.2215
6900.52 16.9075
7176.54 17.5935
7452.57 18.2795
7728.59 18.9655
8004.61 19.6515
8280.63 20.3375
8556.65 21.0235
8832.67 21.7095
9108.69 22.3955
9384.71 23.0815
9660.73 23.7675
9936.75 24.4535
10212.8 25.1395
10488.8 25.8255
10764.8 26.5114
11040.8 27.1974
11316.9 27.8834
11592.9 28.5694
11868.9 29.2554
12144.9 29.9414
12420.9 30.6274
12697 31.3134
12973 31.9994
13249 32.6854
13525 33.3714
13801 34.0574
14077.1 34.7434
