276.021 22.4077 0 -6.47723 0 0 0 -22.4077 -0 6.47723 0 0 0 67.2708 0 -19.4455 0 0 0 -67.2708 -0 19.4455 0 0 0
552.042 41.543 0 -12.0085 0 0 0 -41.543 -0 12.0085 0 0 0 131.675 0 -38.0624 0 0 0 -131.675 -0 38.0624 0 0 0
828.063 60.6784 0 -17.5398 0 0 0 -60.6784 -0 17.5398 0 0 0 196.08 0 -56.6793 0 0 0 -196.08 -0 56.6793 0 0 0
1104.08 79.8137 0 -23.0712 0 0 0 -79.8137 -0 23.0712 0 0 0 260.484 0 -75.2963 0 0 0 -260.484 -0 75.2963 0 0 0
1380.1 98.9491 0 -28.6025 0 0 0 -98.9491 -0 28.6025 0 0 0 324.889 0 -93.9132 0 0 0 -324.889 -0 93.9132 0 0 0
1656.13 118.084 0 -34.1338 0 0 0 -118.084 -0 34.1338 0 0 0 389.293 0 -112.53 0 0 0 -389.293 -0 112.53 0 0 0
1932.15 137.22 0 -39.6651 0 0 0 -137.22 -0 39.6651 0 0 0 453.698 0 -131.147 0 0 0 -453.698 -0 131.147 0 0 0
2208.17 156.355 0 -45.1964 0 0 0 -156.355 -0 45.1964 0 0 0 518.102 0 -149.764 0 0 0 -518.102 -0 149.764 0 0 0
2484.19 175.49 0 -50.7277 0 0 0 -175.49 -0 50.7277 0 0 0 582.507 0 -168.381 0 0 0 -582.507 -0 168.381 0 0 0
2760.21 194.626 0 -56.259 0 0 0 -194.626 -0 56.259 0 0 0 646.911 0 -186.998 0 0 0 -646.911 -0 186.998 0 0 0
3036.23 213.761 0 -61.7903 0 0 0 -213.761 -0 61.7903 0 0 0 711.316 0 -205.615 0 0 0 -711.316 -0 205.615 0 0 0
3312.25 232.896 0 -67.3216 0 0 0 -232.896 -0 67.3216 0 0 0 775.72 0 -224.232 0 0 0 -775.72 -0 224.232 0 0 0
3588.27 252.032 0 -72.8529 0 0 0 -252.032 -0 72.8529 0 0 0 840.125 0 -242.849 0 0 0 -840.125 -0 242.849 0 0 0
3864.29 271.167 0 -78.3842 0 0 0 -271.167 -0 78.3842 0 0 0 904.529 0 -261.466 0 0 0 -904.529 -0 261.466 0 0 0
4140.31 290.302 0 -83.9156 0 0 0 -290.302 -0 83.9156 0 0 0 968.934 0 -280.082 0 0 0 -968.934 -0 280.082 0 0 0
4416.33 309.438 0 -89.4469 0 0 0 -309.438 -0 89.4469 0 0 0 1033.34 0 -298.699 0 0 0 -1033.34 -0 298.699 0 0 0
4692.36 328.573 0 -94.9782 0 0 0 -328.573 -0 94.9782 0 0 0 1097.74 0 -317.316 0 0 0 -1097.74 -0 317.316 0 0 0
4968.38 347.708 0 -100.509 0 0 0 -347.708 -0 100.509 0 0 0 1162.15 0 -335.933 0 0 0 -1162.15 -0 335.933 0 0 0
5244.4 366.844 0 -106.041 0 0 0 -366.844 -0 106.041 0 0 0 1226.55 0 -354.55 0 0 0 -1226.55 -0 354.55 0 0 0
5520.42 385.979 0 -111.572 0 0 0 -385.979 -0 111.572 0 0 0 1290.96 0 -373.167 0 0 0 -1290.96 -0 373.167 0 0 0
5796.44 405.114 0 -117.103 0 0 0 -405.114 -0 117.103 0 0 0 1355.36 0 -391.784 0 0 0 -1355.36 -0 391.784 0 0 0
6072.46 424.25 0 -122.635 0 0 0 -424.25 -0 122.635 0 0 0 1419.77 0 -410.401 0 0 0 -1419.77 -0 410.401 0 0 0
6348.48 443.385 0 -128.166 0 0 0 -443.385 -0 128.166 0 0 0 1484.17 0 -429.018 0 0 0 -1484.17 -0 429.018 0 0 0
6624.5 462.521 0 -133.697 0 0 0 -462.521 -0 133.697 0 0 0 1548.57 0 -447.635 0 0 0 -1548.57 -0 447.635 0 0 0
6900.52 481.656 0 -139.229 0 0 0 -481.656 -0 139.229 0 0 0 1612.98 0 -466.252 0 0 0 -1612.98 -0 466.252 0 0 0
7176.54 500.791 0 -144.76 0 0 0 -500.791 -0 144.76 0 0 0 1677.38 0 -484.869 0 0 0 -1677.38 -0 484.869 0 0 0
7452.57 519.927 0 -150.291 0 0 0 -519.927 -0 150.291 0 0 0 1741.79 0 -503.486 0 0 0 -1741.79 -0 503.486 0 0 0
7728.59 539.062 0 -155.823 0 0 0 -539.062 -0 155.823 0 0 0 1806.19 0 -522.103 0 0 0 -1806.19 -0 522.103 0 0 0
8004.61 558.197 0 -161.354 0 0 0 -558.197 -0 161.354 0 0 0 1870.6 0 -540.719 0 0 0 -1870.6 -0 540.719 0 0 0
8280.63 577.333 0 -166.885 0 0 0 -577.333 -0 166.885 0 0 0 1935 0 -559.336 0 0 0 -1935 -0 559.336 0 0 0
8556.65 596.468 0 -172.416 0 0 0 -596.468 -0 172.416 0 0 0 1999.41 0 -577.953 0 0 0 -1999.41 -0 577.953 0 0 0
8832.67 615.603 0 -177.948 0 0 0 -615.603 -0 177.948 0 0 0 2063.81 0 -596.57 0 0 0 -2063.81 -0 596.57 0 0 0
9108.69 634.739 0 -183.479 0 0 0 -634.739 -0 183.479 0 0 0 2128.21 0 -615.187 0 0 0 -2128.21 -0 615.187 0 0 0
9384.71 653.874 0 -189.01 0 0 0 -653.874 -0 189.01 0 0 0 2192.62 0 -633.804 0 0 0 -2192.62 -0 633.804 0 0 0
9660.73 673.009 0 -194.542 0 0 0 -673.009 -0 194.542 0 0 0 2257.02 0 -652.421 0 0 0 -2257.02 -0 652.421 0 0 0
9936.75 692.145 0 -200.073 0 0 0 -692.145 -0 200.073 0 0 0 2321.43 0 -671.038 0 0 0 -2321.43 -0 671.038 0 0 0
10212.8 711.28 0 -205.604 0 0 0 -711.28 -0 205.604 0 0 0 2385.83 0 -689.655 0 0 0 -2385.83 -0 689.655 0 0 0
10488.8 730.415 0 -211.136 0 0 0 -730.415 -0 211.136 0 0 0 2450.24 0 -708.272 0 0 0 -2450.24 -0 708.272 0 0 0
10764.8 749.551 0 -216.667 0 0 0 -749.551 -0 216.667 0 0 0 2514.64 0 -726.889 0 0 0 -2514.64 -0 726.889 0 0 0
11040.8 768.686 0 -222.198 0 0 0 -768.686 -0 222.198 0 0 0 2579.05 0 -745.506 0 0 0 -2579.05 -0 745.506 0 0 0
11316.9 787.821 0 -227.73 0 0 0 -787.821 -0 227.73 0 0 0 2643.45 0 -764.123 0 0 0 -2643.45 -0 764.123 0 0 0
11592.9 806.957 0 -233.261 0 0 0 -806.957 -0 233.261 0 0 0 2707.86 0 -782.739 0 0 0 -2707.86 -0 782.739 0 0 0
11868.9 826.092 0 -238.792 0 0 0 -826.092 -0 238.792 0 0 0 2772.26 0 -801.356 0 0 0 -2772.26 -0 801.356 0 0 0
12144.9 845.227 0 -244.324 0 0 0 -845.227 -0 244.324 0 0 0 2836.66 0 -819.973 0 0 0 -2836.66 -0 819.973 0 0 0
12420.9 864.363 0 -249.855 0 0 0 -864.363 -0 249.855 0 0 0 2901.07 0 -838.59 0 0 0 -2901.07 -0 838.59 0 0 0
12697 883.498 0 -255.386 0 0 0 -883.498 -0 255.386 0 0 0 2965.47 0 -857.207 0 0 0 -2965.47 -0 857.207 0 0 0
12973 902.633 0 -260.917 0 0 0 -902.633 -0 260.917 0 0 0 3029.88 0 -875.824 0 0 0 -3029.88 -0 875.824 0 0 0
13249 921.769 0 -266.449 0 0 0 -921.769 -0 266.449 0 0 0 3094.28 0 -894.441 0 0 0 -3094.28 -0 894.441 0 0 0
13525 940.904 0 -271.98 0 0 0 -940.904 -0 271.98 0 0 0 3158.69 0 -913.058 0 0 0 -3158.69 -0 913.058 0 0 0
13801 960.039 0 -277.511 0 0 0 -960.039 -0 277.511 0 0 0 3223.09 0 -931.675 0 0 0 -3223.09 -0 931.675 0 0 0
14077.1 979.175 0 -283.043 0 0 0 -979.175 -0 283.043 0 0 0 3287.5 0 -950.292 0 0 0 -3287.5 -0 950.292 0 0 0
