168.076 2.03581e-011 0.727694 -0.156337
336.153 2.3443e-011 1.45539 -0.156337
504.229 2.30345e-011 2.18308 -0.156337
672.306 2.05843e-011 2.91078 -0.156337
840.382 2.14467e-011 3.63847 -0.156337
1008.46 2.16592e-011 4.36616 -0.156337
1176.53 2.30297e-011 5.09386 -0.156337
1344.61 2.19278e-011 5.82155 -0.156337
1512.69 2.26598e-011 6.54924 -0.156337
1680.76 2.3563e-011 7.27694 -0.156337
1848.84 1.99728e-011 8.00463 -0.156337
2016.92 2.3011e-011 8.73233 -0.156337
2184.99 2.33332e-011 9.46002 -0.156337
2353.07 2.17163e-011 10.1877 -0.156337
2521.15 2.37442e-011 10.9154 -0.156337
2689.22 2.15003e-011 11.6431 -0.156337
2857.3 2.02272e-011 12.3708 -0.156337
