168.076 -1.96734e-010 0.342828 -0.197245
336.153 -2.12915e-010 0.685655 -0.272536
504.229 -1.89195e-010 1.02848 -0.347827
672.306 -1.98917e-010 1.37131 -0.423118
840.382 -1.73057e-010 1.71414 -0.498409
1008.46 -1.72147e-010 2.05697 -0.5737
1176.53 -2.11903e-010 2.39979 -0.648991
1344.61 -1.83509e-010 2.74262 -0.724281
1512.69 -2.11941e-010 3.08545 -0.799572
1680.76 -2.33922e-010 3.42828 -0.874863
1848.84 -1.85141e-010 3.7711 -0.950154
2016.92 -1.96726e-010 4.11393 -1.02544
2184.99 -1.75687e-010 4.45676 -1.10074
2353.07 -2.07337e-010 4.79959 -1.17603
2521.15 -2.06706e-010 5.14242 -1.25132
2689.22 -1.96675e-010 5.48524 -1.32661
2857.3 -1.91425e-010 5.82807 -1.4019
