168.076 2.46032e-010 0.462592 -0.0548541
336.153 2.69799e-010 0.925185 0.0267203
504.229 2.55712e-010 1.38778 0.108295
672.306 2.49996e-010 1.85037 0.189869
840.382 2.26007e-010 2.31296 0.271443
1008.46 2.28012e-010 2.77555 0.353018
1176.53 2.6413e-010 3.23815 0.434592
1344.61 2.42227e-010 3.70074 0.516166
1512.69 2.72141e-010 4.16333 0.597741
1680.76 2.92408e-010 4.62592 0.679315
1848.84 2.45336e-010 5.08852 0.760889
2016.92 2.60953e-010 5.55111 0.842464
2184.99 2.41439e-010 6.0137 0.924038
2353.07 2.60732e-010 6.47629 1.00561
2521.15 2.71346e-010 6.93888 1.08719
2689.22 2.72259e-010 7.40148 1.16876
2857.3 2.37669e-010 7.86407 1.25034
