168.076 -1.76031e-010 0.237928 -0.171047
336.153 -2.02352e-010 0.475855 -0.237626
504.229 -1.66674e-010 0.713783 -0.304206
672.306 -1.83299e-010 0.95171 -0.370786
840.382 -1.62021e-010 1.18964 -0.437366
1008.46 -1.55139e-010 1.42757 -0.503945
1176.53 -1.8724e-010 1.66549 -0.570525
1344.61 -1.66881e-010 1.90342 -0.637105
1512.69 -1.92911e-010 2.14135 -0.703684
1680.76 -2.06484e-010 2.37928 -0.770264
1848.84 -1.66731e-010 2.6172 -0.836844
2016.92 -1.81329e-010 2.85513 -0.903423
2184.99 -1.58847e-010 3.09306 -0.970003
2353.07 -1.85295e-010 3.33099 -1.03658
2521.15 -1.86064e-010 3.56891 -1.10316
2689.22 -1.73265e-010 3.80684 -1.16974
2857.3 -1.67982e-010 4.04477 -1.23632
