276.021 0.469828 5.60157e-010 -0.163607
552.042 1.22804 8.3485e-011 -0.137462
828.063 1.98625 -3.82503e-010 -0.111317
1104.08 2.74446 -8.20173e-010 -0.0851718
1380.1 3.50267 -1.31285e-009 -0.0590266
1656.13 4.26089 -1.76865e-009 -0.0328813
1932.15 5.0191 -2.22845e-009 -0.00673612
2208.17 5.77731 -2.67934e-009 0.0194091
2484.19 6.53552 -3.15069e-009 0.0455543
2760.21 7.29373 -3.64386e-009 0.0716996
3036.23 8.05194 -4.08364e-009 0.0978448
3312.25 8.81016 -4.52568e-009 0.12399
3588.27 9.56837 -5.00194e-009 0.150135
3864.29 10.3266 -5.4526e-009 0.17628
4140.31 11.0848 -5.90764e-009 0.202426
4416.33 11.843 -6.356e-009 0.228571
4692.36 12.6012 -6.83858e-009 0.254716
