168.076 2.21563e-010 0.342828 -0.0466635
336.153 2.41662e-010 0.685655 0.0286274
504.229 2.16754e-010 1.02848 0.103918
672.306 2.24152e-010 1.37131 0.179209
840.382 1.99021e-010 1.71414 0.2545
1008.46 1.98193e-010 2.05697 0.329791
1176.53 2.39861e-010 2.39979 0.405082
1344.61 2.10243e-010 2.74262 0.480373
1512.69 2.39888e-010 3.08545 0.555664
1680.76 2.62461e-010 3.42828 0.630954
1848.84 2.09623e-010 3.7711 0.706245
2016.92 2.24528e-010 4.11393 0.781536
2184.99 2.03929e-010 4.45676 0.856827
2353.07 2.34084e-010 4.79959 0.932118
2521.15 2.35492e-010 5.14242 1.00741
2689.22 2.22856e-010 5.48524 1.0827
2857.3 2.16153e-010 5.82807 1.15799
