168.076 -2.16153e-010 0.863345 -0.251057
336.153 -2.33264e-010 1.72669 -0.340343
504.229 -2.11164e-010 2.59004 -0.429629
672.306 -2.18689e-010 3.45338 -0.518915
840.382 -1.98039e-010 4.31673 -0.608201
1008.46 -1.96019e-010 5.18007 -0.697486
1176.53 -2.30451e-010 6.04342 -0.786772
1344.61 -2.16508e-010 6.90676 -0.876058
1512.69 -2.34383e-010 7.77011 -0.965344
1680.76 -2.31695e-010 8.63345 -1.05463
1848.84 -2.04737e-010 9.4968 -1.14392
2016.92 -2.2103e-010 10.3601 -1.2332
2184.99 -2.15764e-010 11.2235 -1.32249
2353.07 -2.2756e-010 12.0868 -1.41177
2521.15 -2.23103e-010 12.9502 -1.50106
2689.22 -2.27158e-010 13.8135 -1.59035
2857.3 -2.04517e-010 14.6769 -1.67963
