168.076 -1.96716e-010 0.342828 -0.197245
336.153 -2.1284e-010 0.685655 -0.272536
504.229 -1.88913e-010 1.02848 -0.347827
672.306 -1.98906e-010 1.37131 -0.423118
840.382 -1.72914e-010 1.71414 -0.498409
1008.46 -1.71907e-010 2.05697 -0.5737
1176.53 -2.11947e-010 2.39979 -0.648991
1344.61 -1.83322e-010 2.74262 -0.724281
1512.69 -2.11841e-010 3.08545 -0.799572
1680.76 -2.33925e-010 3.42828 -0.874863
1848.84 -1.84888e-010 3.7711 -0.950154
2016.92 -1.96502e-010 4.11393 -1.02544
2184.99 -1.75428e-010 4.45676 -1.10074
2353.07 -2.07301e-010 4.79959 -1.17603
2521.15 -2.06515e-010 5.14242 -1.25132
2689.22 -1.96249e-010 5.48524 -1.32661
2857.3 -1.91488e-010 5.82807 -1.4019
