168.076 -1.91395e-010 0.965393 -0.253764
336.153 -2.10253e-010 1.93079 -0.343335
504.229 -1.86137e-010 2.89618 -0.432907
672.306 -1.96094e-010 3.86157 -0.522478
840.382 -1.87077e-010 4.82696 -0.61205
1008.46 -1.70093e-010 5.79236 -0.701621
1176.53 -1.97109e-010 6.75775 -0.791193
1344.61 -1.99535e-010 7.72314 -0.880764
1512.69 -2.07185e-010 8.68854 -0.970336
1680.76 -2.06995e-010 9.65393 -1.05991
1848.84 -1.84252e-010 10.6193 -1.14948
2016.92 -1.97766e-010 11.5847 -1.23905
2184.99 -1.88051e-010 12.5501 -1.32862
2353.07 -2.18779e-010 13.5155 -1.41819
2521.15 -1.97798e-010 14.4809 -1.50776
2689.22 -2.00272e-010 15.4463 -1.59734
2857.3 -1.7963e-010 16.4117 -1.68691
