276.021 0.443654 3.36716e-010 -0.0938261
552.042 1.12965 1.09928e-009 -0.0607145
828.063 1.81564 1.85239e-009 -0.027603
1104.08 2.50164 2.59567e-009 0.0055086
1380.1 3.18763 3.3637e-009 0.0386202
1656.13 3.87363 4.1172e-009 0.0717317
1932.15 4.55962 4.86758e-009 0.104843
2208.17 5.24562 5.61704e-009 0.137955
2484.19 5.93161 6.37183e-009 0.171066
2760.21 6.6176 7.14038e-009 0.204178
3036.23 7.3036 7.89129e-009 0.23729
3312.25 7.98959 8.62981e-009 0.270401
3588.27 8.67559 9.38904e-009 0.303513
3864.29 9.36158 1.01331e-008 0.336624
4140.31 10.0476 1.08853e-008 0.369736
4416.33 10.7336 1.16336e-008 0.402847
4692.36 11.4196 1.23971e-008 0.435959
