168.076 1.56232e-010 0.123267 -0.0287825
336.153 1.79979e-010 0.246534 0.0264012
504.229 1.50954e-010 0.369802 0.081585
672.306 1.62255e-010 0.493069 0.136769
840.382 1.46671e-010 0.616336 0.191953
1008.46 1.40931e-010 0.739603 0.247136
1176.53 1.6716e-010 0.862871 0.30232
1344.61 1.50988e-010 0.986138 0.357504
1512.69 1.72151e-010 1.10941 0.412688
1680.76 1.82732e-010 1.23267 0.467871
1848.84 1.49494e-010 1.35594 0.523055
2016.92 1.62978e-010 1.47921 0.578239
2184.99 1.4582e-010 1.60247 0.633423
2353.07 1.65557e-010 1.72574 0.688607
2521.15 1.66917e-010 1.84901 0.74379
2689.22 1.54897e-010 1.97228 0.798974
2857.3 1.49843e-010 2.09554 0.854158
