276.021 0.514232 4.49109e-010 -0.163376
552.042 1.38024 -2.13559e-010 -0.130569
828.063 2.24624 -8.64663e-010 -0.0977626
1104.08 3.11224 -1.48963e-009 -0.0649561
1380.1 3.97825 -2.17056e-009 -0.0321496
1656.13 4.84425 -2.81212e-009 0.000656876
1932.15 5.71026 -3.45696e-009 0.0334634
2208.17 6.57626 -4.09677e-009 0.0662699
2484.19 7.44226 -4.75439e-009 0.0990764
2760.21 8.30827 -5.43707e-009 0.131883
3036.23 9.17427 -6.05298e-009 0.164689
3312.25 10.0403 -6.68831e-009 0.197496
3588.27 10.9063 -7.35059e-009 0.230302
3864.29 11.7723 -7.98877e-009 0.263109
4140.31 12.6383 -8.63095e-009 0.295915
4416.33 13.5043 -9.26403e-009 0.328722
4692.36 14.3703 -9.93192e-009 0.361528
