168.076 2.40777e-010 0.965393 -0.0746207
336.153 2.66714e-010 1.93079 0.0149508
504.229 2.43021e-010 2.89618 0.104522
672.306 2.46104e-010 3.86157 0.194094
840.382 2.39712e-010 4.82696 0.283665
1008.46 2.23233e-010 5.79236 0.373237
1176.53 2.5272e-010 6.75775 0.462808
1344.61 2.52852e-010 7.72314 0.55238
1512.69 2.61724e-010 8.68854 0.641951
1680.76 2.64621e-010 9.65393 0.731523
1848.84 2.33054e-010 10.6193 0.821094
2016.92 2.5486e-010 11.5847 0.910666
2184.99 2.44489e-010 12.5501 1.00024
2353.07 2.71614e-010 13.5155 1.08981
2521.15 2.5545e-010 14.4809 1.17938
2689.22 2.52358e-010 15.4463 1.26895
2857.3 2.29031e-010 16.4117 1.35852
