276.021 0.493599 -1.09208e-009 -0.106503
552.042 1.29058 -1.81309e-009 -0.0786813
828.063 2.08756 -2.53912e-009 -0.05086
1104.08 2.88454 -3.2774e-009 -0.0230387
1380.1 3.68152 -3.99038e-009 0.00478264
1656.13 4.47851 -4.72053e-009 0.032604
1932.15 5.27549 -5.44733e-009 0.0604253
2208.17 6.07247 -6.18122e-009 0.0882466
2484.19 6.86945 -6.9044e-009 0.116068
2760.21 7.66643 -7.61618e-009 0.143889
3036.23 8.46341 -8.34875e-009 0.171711
3312.25 9.26039 -9.09125e-009 0.199532
3588.27 10.0574 -9.80896e-009 0.227353
3864.29 10.8544 -1.05446e-008 0.255175
4140.31 11.6513 -1.12747e-008 0.282996
4416.33 12.4483 -1.20055e-008 0.310817
4692.36 13.2453 -1.2723e-008 0.338639
