276.021 0.415163 1.30401e-009 -0.160699
552.042 1.0586 1.71875e-009 -0.141769
828.063 1.70204 2.1474e-009 -0.122839
1104.08 2.34548 2.59946e-009 -0.103909
1380.1 2.98892 3.00193e-009 -0.084979
1656.13 3.63236 3.43545e-009 -0.066049
1932.15 4.2758 3.87129e-009 -0.0471191
2208.17 4.91924 4.30982e-009 -0.0281891
2484.19 5.56268 4.73466e-009 -0.00925921
2760.21 6.20612 5.13721e-009 0.00967072
3036.23 6.84956 5.58477e-009 0.0286007
3312.25 7.493 6.03423e-009 0.0475306
3588.27 8.13644 6.45502e-009 0.0664605
3864.29 8.77988 6.89764e-009 0.0853905
4140.31 9.42332 7.33306e-009 0.10432
4416.33 10.0668 7.77723e-009 0.12325
4692.36 10.7102 8.18895e-009 0.14218
