168.076 -1.90064e-010 0.995521 -0.253764
336.153 -2.09167e-010 1.99104 -0.343335
504.229 -1.84949e-010 2.98656 -0.432907
672.306 -1.94917e-010 3.98209 -0.522478
840.382 -1.85896e-010 4.97761 -0.61205
1008.46 -1.68723e-010 5.97313 -0.701621
1176.53 -1.95806e-010 6.96865 -0.791193
1344.61 -1.98361e-010 7.96417 -0.880764
1512.69 -2.06108e-010 8.95969 -0.970336
1680.76 -2.05707e-010 9.95521 -1.05991
1848.84 -1.83389e-010 10.9507 -1.14948
2016.92 -1.96507e-010 11.9463 -1.23905
2184.99 -1.86907e-010 12.9418 -1.32862
2353.07 -2.17635e-010 13.9373 -1.41819
2521.15 -1.96801e-010 14.9328 -1.50776
2689.22 -1.98952e-010 15.9283 -1.59734
2857.3 -1.78427e-010 16.9239 -1.68691
