276.021 0.443654 6.6539e-011 -0.126306
552.042 1.12965 6.53839e-011 -0.161248
828.063 1.81564 6.44812e-011 -0.19619
1104.08 2.50164 6.58417e-011 -0.231131
1380.1 3.18763 6.48479e-011 -0.266073
1656.13 3.87363 6.51497e-011 -0.301014
1932.15 4.55962 6.51977e-011 -0.335956
2208.17 5.24562 6.57905e-011 -0.370898
2484.19 5.93161 6.47628e-011 -0.405839
2760.21 6.6176 6.3634e-011 -0.440781
3036.23 7.3036 6.51094e-011 -0.475723
3312.25 7.98959 6.53701e-011 -0.510664
3588.27 8.67559 6.55992e-011 -0.545606
3864.29 9.36158 6.50118e-011 -0.580547
4140.31 10.0476 6.55163e-011 -0.615489
4416.33 10.7336 6.70124e-011 -0.650431
4692.36 11.4196 6.58738e-011 -0.685372
