168.076 1.51574e-011 0.466671 -0.136428
336.153 1.75115e-011 0.933342 -0.136428
504.229 1.69296e-011 1.40001 -0.136428
672.306 1.53738e-011 1.86668 -0.136428
840.382 1.59001e-011 2.33336 -0.136428
1008.46 1.59885e-011 2.80003 -0.136428
1176.53 1.70994e-011 3.2667 -0.136428
1344.61 1.63222e-011 3.73337 -0.136428
1512.69 1.69958e-011 4.20004 -0.136428
1680.76 1.74464e-011 4.66671 -0.136428
1848.84 1.48925e-011 5.13338 -0.136428
2016.92 1.70034e-011 5.60005 -0.136428
2184.99 1.73052e-011 6.06672 -0.136428
2353.07 1.62734e-011 6.53339 -0.136428
2521.15 1.76213e-011 7.00007 -0.136428
2689.22 1.59904e-011 7.46674 -0.136428
2857.3 1.50681e-011 7.93341 -0.136428
