168.076 -5.55609e-011 0.0211889 -0.0575203
336.153 -6.43143e-011 0.0423779 -0.0811154
504.229 -5.34323e-011 0.0635668 -0.10471
672.306 -5.7458e-011 0.0847557 -0.128306
840.382 -5.20638e-011 0.105945 -0.151901
1008.46 -4.98712e-011 0.127134 -0.175496
1176.53 -5.93647e-011 0.148323 -0.199091
1344.61 -5.35072e-011 0.169511 -0.222686
1512.69 -6.12284e-011 0.1907 -0.246281
1680.76 -6.51755e-011 0.211889 -0.269876
1848.84 -5.3294e-011 0.233078 -0.293471
2016.92 -5.78543e-011 0.254267 -0.317066
2184.99 -5.15228e-011 0.275456 -0.340661
2353.07 -5.89449e-011 0.296645 -0.364256
2521.15 -5.91261e-011 0.317834 -0.387851
2689.22 -5.48611e-011 0.339023 -0.411446
2857.3 -5.36888e-011 0.360212 -0.435041
