168.076 1.24868e-011 0.346592 -0.121954
336.153 1.44526e-011 0.693184 -0.121954
504.229 1.38551e-011 1.03978 -0.121954
672.306 1.26787e-011 1.38637 -0.121954
840.382 1.30556e-011 1.73296 -0.121954
1008.46 1.31152e-011 2.07955 -0.121954
1176.53 1.4049e-011 2.42615 -0.121954
1344.61 1.34381e-011 2.77274 -0.121954
1512.69 1.40355e-011 3.11933 -0.121954
1680.76 1.43444e-011 3.46592 -0.121954
1848.84 1.23023e-011 3.81251 -0.121954
2016.92 1.39728e-011 4.15911 -0.121954
2184.99 1.41772e-011 4.5057 -0.121954
2353.07 1.34451e-011 4.85229 -0.121954
2521.15 1.44662e-011 5.19888 -0.121954
2689.22 1.31534e-011 5.54548 -0.121954
2857.3 1.24145e-011 5.89207 -0.121954
