168.076 1.24979e-011 0.346592 -0.121954
336.153 1.44692e-011 0.693184 -0.121954
504.229 1.38756e-011 1.03978 -0.121954
672.306 1.27017e-011 1.38637 -0.121954
840.382 1.3071e-011 1.73296 -0.121954
1008.46 1.3113e-011 2.07955 -0.121954
1176.53 1.40739e-011 2.42615 -0.121954
1344.61 1.3457e-011 2.77274 -0.121954
1512.69 1.4066e-011 3.11933 -0.121954
1680.76 1.43664e-011 3.46592 -0.121954
1848.84 1.23217e-011 3.81251 -0.121954
2016.92 1.39957e-011 4.15911 -0.121954
2184.99 1.42182e-011 4.5057 -0.121954
2353.07 1.34618e-011 4.85229 -0.121954
2521.15 1.44918e-011 5.19888 -0.121954
2689.22 1.31789e-011 5.54548 -0.121954
2857.3 1.24467e-011 5.89207 -0.121954
