168.076 -2.2472e-010 0.56156 -0.233634
336.153 -2.40766e-010 1.12312 -0.319378
504.229 -2.19129e-010 1.68468 -0.405122
672.306 -2.25855e-010 2.24624 -0.490866
840.382 -2.00084e-010 2.8078 -0.576611
1008.46 -2.02379e-010 3.36936 -0.662355
1176.53 -2.25852e-010 3.93092 -0.748099
1344.61 -2.18035e-010 4.49248 -0.833844
1512.69 -2.46316e-010 5.05404 -0.919588
1680.76 -2.53639e-010 5.6156 -1.00533
1848.84 -2.11665e-010 6.17716 -1.09108
2016.92 -2.239e-010 6.73872 -1.17682
2184.99 -2.1076e-010 7.30028 -1.26257
2353.07 -2.27533e-010 7.86184 -1.34831
2521.15 -2.35897e-010 8.4234 -1.43405
2689.22 -2.43432e-010 8.98497 -1.5198
2857.3 -2.05125e-010 9.54653 -1.60554
