168.076 -2.35996e-010 0.727694 -0.244509
336.153 -2.52898e-010 1.45539 -0.332681
504.229 -2.27982e-010 2.18308 -0.420853
672.306 -2.37186e-010 2.91078 -0.509025
840.382 -2.12932e-010 3.63847 -0.597197
1008.46 -2.10014e-010 4.36616 -0.685369
1176.53 -2.40715e-010 5.09386 -0.773541
1344.61 -2.43911e-010 5.82155 -0.861713
1512.69 -2.60731e-010 6.54924 -0.949885
1680.76 -2.53469e-010 7.27694 -1.03806
1848.84 -2.13572e-010 8.00463 -1.12623
2016.92 -2.33694e-010 8.73233 -1.2144
2184.99 -2.26413e-010 9.46002 -1.30257
2353.07 -2.48894e-010 10.1877 -1.39074
2521.15 -2.42598e-010 10.9154 -1.47892
2689.22 -2.43427e-010 11.6431 -1.56709
2857.3 -2.21069e-010 12.3708 -1.65526
