276.021 0.427186 2.17505e-010 -0.160699
552.042 1.09571 -5.10719e-010 -0.141769
828.063 1.76423 -1.22484e-009 -0.122839
1104.08 2.43276 -1.91509e-009 -0.103909
1380.1 3.10128 -2.65585e-009 -0.084979
1656.13 3.7698 -3.36494e-009 -0.066049
1932.15 4.43833 -4.07173e-009 -0.0471191
2208.17 5.10685 -4.77577e-009 -0.0281891
2484.19 5.77538 -5.49379e-009 -0.00925921
2760.21 6.4439 -6.23445e-009 0.00967072
3036.23 7.11242 -6.92908e-009 0.0286007
3312.25 7.78095 -7.62216e-009 0.0475306
3588.27 8.44947 -8.34426e-009 0.0664605
3864.29 9.11799 -9.04424e-009 0.0853905
4140.31 9.78652 -9.7514e-009 0.10432
4416.33 10.455 -1.04497e-008 0.12325
4692.36 11.1236 -1.1181e-008 0.14218
