276.021 0.533824 -1.21307e-009 -0.115878
552.042 1.43501 -2.06664e-009 -0.0926955
828.063 2.33621 -2.92518e-009 -0.069513
1104.08 3.2374 -3.79118e-009 -0.0463305
1380.1 4.13859 -4.63572e-009 -0.023148
1656.13 5.03978 -5.49672e-009 3.44562e-005
1932.15 5.94097 -6.35523e-009 0.0232169
2208.17 6.84216 -7.21661e-009 0.0463994
2484.19 7.74335 -8.07162e-009 0.0695819
2760.21 8.64455 -8.91362e-009 0.0927644
3036.23 9.54574 -9.78438e-009 0.115947
3312.25 10.4469 -1.065e-008 0.139129
3588.27 11.3481 -1.14996e-008 0.162312
3864.29 12.2493 -1.23644e-008 0.185494
4140.31 13.1505 -1.32239e-008 0.208677
4416.33 14.0517 -1.40854e-008 0.231859
4692.36 14.9529 -1.49365e-008 0.255042
