168.076 -1.42901e-010 0.141829 -0.13915
336.153 -1.64431e-010 0.283658 -0.194334
504.229 -1.36362e-010 0.425487 -0.249518
672.306 -1.48649e-010 0.567316 -0.304701
840.382 -1.32844e-010 0.709145 -0.359885
1008.46 -1.27081e-010 0.850974 -0.415069
1176.53 -1.52221e-010 0.992803 -0.470253
1344.61 -1.36657e-010 1.13463 -0.525437
1512.69 -1.57068e-010 1.27646 -0.58062
1680.76 -1.67474e-010 1.41829 -0.635804
1848.84 -1.36223e-010 1.56012 -0.690988
2016.92 -1.4811e-010 1.70195 -0.746172
2184.99 -1.30831e-010 1.84378 -0.801355
2353.07 -1.51118e-010 1.98561 -0.856539
2521.15 -1.51569e-010 2.12744 -0.911723
2689.22 -1.40864e-010 2.26926 -0.966907
2857.3 -1.3653e-010 2.41109 -1.02209
