168.076 1.53267e-012 0.0211889 -0.0339252
336.153 1.78975e-012 0.0423779 -0.0339252
504.229 1.6628e-012 0.0635668 -0.0339252
672.306 1.57563e-012 0.0847557 -0.0339252
840.382 1.57933e-012 0.105945 -0.0339252
1008.46 1.58427e-012 0.127134 -0.0339252
1176.53 1.71328e-012 0.148323 -0.0339252
1344.61 1.64695e-012 0.169511 -0.0339252
1512.69 1.74217e-012 0.1907 -0.0339252
1680.76 1.74347e-012 0.211889 -0.0339252
1848.84 1.53553e-012 0.233078 -0.0339252
2016.92 1.70743e-012 0.254267 -0.0339252
2184.99 1.71004e-012 0.275456 -0.0339252
2353.07 1.66408e-012 0.296645 -0.0339252
2521.15 1.76287e-012 0.317834 -0.0339252
2689.22 1.61529e-012 0.339023 -0.0339252
2857.3 1.52521e-012 0.360212 -0.0339252
