168.076 2.61636e-010 0.858881 -0.0724853
336.153 2.85497e-010 1.71776 0.0168006
504.229 2.63108e-010 2.57664 0.106086
672.306 2.64663e-010 3.43552 0.195372
840.382 2.46466e-010 4.29441 0.284658
1008.46 2.44714e-010 5.15329 0.373944
1176.53 2.8161e-010 6.01217 0.46323
1344.61 2.65708e-010 6.87105 0.552516
1512.69 2.84659e-010 7.72993 0.641802
1680.76 2.84574e-010 8.58881 0.731088
1848.84 2.49499e-010 9.44769 0.820374
2016.92 2.73001e-010 10.3066 0.909659
2184.99 2.67741e-010 11.1655 0.998945
2353.07 2.76418e-010 12.0243 1.08823
2521.15 2.76135e-010 12.8832 1.17752
2689.22 2.75107e-010 13.7421 1.2668
2857.3 2.49799e-010 14.601 1.35609
