276.021 0.479715 3.24365e-010 -0.163607
552.042 1.26166 -3.83722e-010 -0.137462
828.063 2.04361 -1.08095e-009 -0.111317
1104.08 2.82556 -1.74941e-009 -0.0851718
1380.1 3.6075 -2.47377e-009 -0.0590266
1656.13 4.38945 -3.16063e-009 -0.0328814
1932.15 5.1714 -3.85154e-009 -0.00673613
2208.17 5.95334 -4.53347e-009 0.0194091
2484.19 6.73529 -5.23614e-009 0.0455543
2760.21 7.51724 -5.96097e-009 0.0716995
3036.23 8.29918 -6.63141e-009 0.0978448
3312.25 9.08113 -7.30448e-009 0.12399
3588.27 9.86308 -8.01208e-009 0.150135
3864.29 10.645 -8.69381e-009 0.17628
4140.31 11.427 -9.3799e-009 0.202426
4416.33 12.2089 -1.00592e-008 0.228571
4692.36 12.9909 -1.07732e-008 0.254716
