276.021 0.567031 1.92252e-009 -0.120471
552.042 1.56703 4.03252e-009 -0.0998159
828.063 2.56703 6.13742e-009 -0.0791613
1104.08 3.56703 8.23508e-009 -0.0585067
1380.1 4.56703 1.03546e-008 -0.0378521
1656.13 5.56703 1.24589e-008 -0.0171975
1932.15 6.56703 1.4562e-008 0.00345713
2208.17 7.56703 1.66656e-008 0.0241117
2484.19 8.56703 1.87728e-008 0.0447664
2760.21 9.56703 2.0891e-008 0.065421
3036.23 10.567 2.29862e-008 0.0860756
3312.25 11.567 2.50884e-008 0.10673
3588.27 12.567 2.72012e-008 0.127385
3864.29 13.567 2.93003e-008 0.148039
4140.31 14.567 3.1405e-008 0.168694
4416.33 15.567 3.35069e-008 0.189349
4692.36 16.567 3.56193e-008 0.210003
