276.021 0.524874 -1.45276e-009 -0.115878
552.042 1.40065 -2.51583e-009 -0.0926955
828.063 2.27642 -3.58391e-009 -0.069513
1104.08 3.1522 -4.65963e-009 -0.0463305
1380.1 4.02798 -5.71365e-009 -0.023148
1656.13 4.90375 -6.78427e-009 3.44552e-005
1932.15 5.77953 -7.85239e-009 0.0232169
2208.17 6.6553 -8.92342e-009 0.0463994
2484.19 7.53108 -9.98795e-009 0.0695819
2760.21 8.40685 -1.10394e-008 0.0927644
3036.23 9.28263 -1.21199e-008 0.115947
3312.25 10.1584 -1.31952e-008 0.139129
3588.27 11.0342 -1.42543e-008 0.162312
3864.29 11.91 -1.53288e-008 0.185494
4140.31 12.7857 -1.63979e-008 0.208677
4416.33 13.6615 -1.74691e-008 0.231859
4692.36 14.5373 -1.85297e-008 0.255042
