168.076 1.95889e-010 0.237928 -0.0378873
336.153 2.25667e-010 0.475855 0.0286925
504.229 1.88484e-010 0.713783 0.0952722
672.306 2.03642e-010 0.95171 0.161852
840.382 1.8281e-010 1.18964 0.228432
1008.46 1.75868e-010 1.42757 0.295011
1176.53 2.09479e-010 1.66549 0.361591
1344.61 1.88279e-010 1.90342 0.428171
1512.69 2.1536e-010 2.14135 0.49475
1680.76 2.29258e-010 2.37928 0.56133
1848.84 1.86398e-010 2.6172 0.62791
2016.92 2.0362e-010 2.85513 0.69449
2184.99 1.81298e-010 3.09306 0.761069
2353.07 2.06741e-010 3.33099 0.827649
2521.15 2.08998e-010 3.56891 0.894229
2689.22 1.9413e-010 3.80684 0.960808
2857.3 1.87681e-010 4.04477 1.02739
