168.076 -2.15891e-010 0.462592 -0.218003
336.153 -2.34928e-010 0.925185 -0.299577
504.229 -2.21864e-010 1.38778 -0.381151
672.306 -2.19382e-010 1.85037 -0.462726
840.382 -1.94404e-010 2.31296 -0.5443
1008.46 -1.96237e-010 2.77555 -0.625875
1176.53 -2.29883e-010 3.23815 -0.707449
1344.61 -2.09829e-010 3.70074 -0.789023
1512.69 -2.38306e-010 4.16333 -0.870598
1680.76 -2.57416e-010 4.62592 -0.952172
1848.84 -2.15501e-010 5.08852 -1.03375
2016.92 -2.26955e-010 5.55111 -1.11532
2184.99 -2.0699e-010 6.0137 -1.19689
2353.07 -2.28216e-010 6.47629 -1.27847
2521.15 -2.3613e-010 6.93888 -1.36004
2689.22 -2.40334e-010 7.40148 -1.44162
2857.3 -2.07509e-010 7.86407 -1.52319
