276.021 0.015056 2.87013e-009 -0.0511918
552.042 0.0342846 5.51572e-009 -0.0606861
828.063 0.0535131 8.16332e-009 -0.0701804
1104.08 0.0727416 1.08135e-008 -0.0796747
1380.1 0.0919701 1.34577e-008 -0.089169
1656.13 0.111199 1.61055e-008 -0.0986632
1932.15 0.130427 1.8754e-008 -0.108158
2208.17 0.149656 2.14024e-008 -0.117652
2484.19 0.168884 2.40494e-008 -0.127146
2760.21 0.188113 2.66938e-008 -0.13664
3036.23 0.207341 2.93429e-008 -0.146135
3312.25 0.22657 3.19932e-008 -0.155629
3588.27 0.245798 3.46396e-008 -0.165123
3864.29 0.265027 3.72889e-008 -0.174618
4140.31 0.284255 3.99372e-008 -0.184112
4416.33 0.303484 4.25861e-008 -0.193606
4692.36 0.322712 4.52316e-008 -0.2031
