276.021 0.383702 -1.07045e-009 -0.0789652
552.042 0.952924 -1.74495e-009 -0.040996
828.063 1.52215 -2.42765e-009 -0.00302682
1104.08 2.09137 -3.11999e-009 0.0349424
1380.1 2.66059 -3.78876e-009 0.0729116
1656.13 3.22981 -4.47161e-009 0.110881
1932.15 3.79904 -5.15706e-009 0.14885
2208.17 4.36826 -5.84327e-009 0.186819
2484.19 4.93748 -6.52423e-009 0.224788
2760.21 5.5067 -7.19306e-009 0.262757
3036.23 6.07593 -7.8789e-009 0.300727
3312.25 6.64515 -8.57455e-009 0.338696
3588.27 7.21437 -9.25174e-009 0.376665
3864.29 7.78359 -9.94272e-009 0.414634
4140.31 8.35282 -1.06269e-008 0.452603
4416.33 8.92204 -1.13142e-008 0.490573
4692.36 9.49126 -1.19874e-008 0.528542
