168.076 1.56948e-010 0.141829 -0.0287825
336.153 1.80795e-010 0.283658 0.0264012
504.229 1.51727e-010 0.425487 0.081585
672.306 1.62972e-010 0.567316 0.136769
840.382 1.47412e-010 0.709145 0.191953
1008.46 1.4166e-010 0.850974 0.247136
1176.53 1.67953e-010 0.992803 0.30232
1344.61 1.51739e-010 1.13463 0.357504
1512.69 1.72943e-010 1.27646 0.412688
1680.76 1.83536e-010 1.41829 0.467871
1848.84 1.50193e-010 1.56012 0.523055
2016.92 1.63761e-010 1.70195 0.578239
2184.99 1.46623e-010 1.84378 0.633423
2353.07 1.66325e-010 1.98561 0.688607
2521.15 1.67721e-010 2.12744 0.74379
2689.22 1.55628e-010 2.26926 0.798974
2857.3 1.50543e-010 2.41109 0.854158
