168.076 2.5955e-010 0.594689 -0.062145
336.153 2.8098e-010 1.18938 0.0235993
504.229 2.58242e-010 1.78407 0.109344
672.306 2.61148e-010 2.37876 0.195088
840.382 2.36796e-010 2.97344 0.280832
1008.46 2.39241e-010 3.56813 0.366576
1176.53 2.65281e-010 4.16282 0.452321
1344.61 2.55824e-010 4.75751 0.538065
1512.69 2.85296e-010 5.3522 0.623809
1680.76 2.93603e-010 5.94689 0.709554
1848.84 2.4573e-010 6.54158 0.795298
2016.92 2.63089e-010 7.13627 0.881042
2184.99 2.50732e-010 7.73095 0.966786
2353.07 2.64996e-010 8.32564 1.05253
2521.15 2.76388e-010 8.92033 1.13828
2689.22 2.79953e-010 9.51502 1.22402
2857.3 2.3986e-010 10.1097 1.30976
