168.076 1.95168e-010 0.212204 -0.0378873
336.153 2.24612e-010 0.424407 0.0286925
504.229 1.87768e-010 0.636611 0.0952722
672.306 2.02803e-010 0.848814 0.161852
840.382 1.81957e-010 1.06102 0.228432
1008.46 1.75126e-010 1.27322 0.295011
1176.53 2.08733e-010 1.48542 0.361591
1344.61 1.87495e-010 1.69763 0.428171
1512.69 2.14523e-010 1.90983 0.49475
1680.76 2.28469e-010 2.12204 0.56133
1848.84 1.8571e-010 2.33424 0.62791
2016.92 2.02737e-010 2.54644 0.69449
2184.99 1.80497e-010 2.75865 0.761069
2353.07 2.05988e-010 2.97085 0.827649
2521.15 2.08175e-010 3.18305 0.894229
2689.22 1.9344e-010 3.39526 0.960808
2857.3 1.87067e-010 3.60746 1.02739
