168.076 -5.60636e-011 0.0120727 -0.0575203
336.153 -6.49247e-011 0.0241453 -0.0811154
504.229 -5.39887e-011 0.036218 -0.10471
672.306 -5.79582e-011 0.0482906 -0.128306
840.382 -5.25702e-011 0.0603633 -0.151901
1008.46 -5.03751e-011 0.0724359 -0.175496
1176.53 -5.99135e-011 0.0845086 -0.199091
1344.61 -5.40464e-011 0.0965812 -0.222686
1512.69 -6.18061e-011 0.108654 -0.246281
1680.76 -6.57466e-011 0.120727 -0.269876
1848.84 -5.38022e-011 0.132799 -0.293471
2016.92 -5.84232e-011 0.144872 -0.317066
2184.99 -5.20932e-011 0.156945 -0.340661
2353.07 -5.94934e-011 0.169017 -0.364256
2521.15 -5.96976e-011 0.18109 -0.387851
2689.22 -5.5382e-011 0.193162 -0.411446
2857.3 -5.4204e-011 0.205235 -0.435041
