168.076 5.85786e-011 0.0211889 -0.0103302
336.153 6.78496e-011 0.0423779 0.0132649
504.229 5.67083e-011 0.0635668 0.03686
672.306 6.05552e-011 0.0847557 0.060455
840.382 5.51692e-011 0.105945 0.0840501
1008.46 5.2986e-011 0.127134 0.107645
1176.53 6.27362e-011 0.148323 0.13124
1344.61 5.67463e-011 0.169511 0.154835
1512.69 6.46608e-011 0.1907 0.17843
1680.76 6.86074e-011 0.211889 0.202025
1848.84 5.63204e-011 0.233078 0.22562
2016.92 6.12197e-011 0.254267 0.249216
2184.99 5.48959e-011 0.275456 0.272811
2353.07 6.22264e-011 0.296645 0.296406
2521.15 6.25971e-011 0.317834 0.320001
2689.22 5.8038e-011 0.339023 0.343596
2857.3 5.66943e-011 0.360212 0.367191
