168.076 4.0796e-012 0.0708347 -0.0604524
336.153 4.76773e-012 0.141669 -0.0604524
504.229 4.44583e-012 0.212504 -0.0604524
672.306 4.17526e-012 0.283339 -0.0604524
840.382 4.21997e-012 0.354174 -0.0604524
1008.46 4.23213e-012 0.425008 -0.0604524
1176.53 4.57098e-012 0.495843 -0.0604524
1344.61 4.37691e-012 0.566678 -0.0604524
1512.69 4.6251e-012 0.637512 -0.0604524
1680.76 4.65512e-012 0.708347 -0.0604524
1848.84 4.07663e-012 0.779182 -0.0604524
2016.92 4.54759e-012 0.850017 -0.0604524
2184.99 4.57395e-012 0.920851 -0.0604524
2353.07 4.42808e-012 0.991686 -0.0604524
2521.15 4.69713e-012 1.06252 -0.0604524
2689.22 4.29539e-012 1.13336 -0.0604524
2857.3 4.0679e-012 1.20419 -0.0604524
