276.021 0.0320064 1.32963e-012 -0.0293514
552.042 0.0711539 1.30307e-012 -0.0377858
828.063 0.110301 1.27312e-012 -0.0462201
1104.08 0.149449 1.29768e-012 -0.0546544
1380.1 0.188596 1.2968e-012 -0.0630888
1656.13 0.227744 1.30363e-012 -0.0715231
1932.15 0.266891 1.29868e-012 -0.0799575
2208.17 0.306039 1.31264e-012 -0.0883918
2484.19 0.345186 1.28342e-012 -0.0968261
2760.21 0.384334 1.27576e-012 -0.10526
3036.23 0.423481 1.29708e-012 -0.113695
3312.25 0.462629 1.29966e-012 -0.122129
3588.27 0.501776 1.3195e-012 -0.130564
3864.29 0.540924 1.28864e-012 -0.138998
4140.31 0.580071 1.30007e-012 -0.147432
4416.33 0.619219 1.33761e-012 -0.155867
4692.36 0.658366 1.31707e-012 -0.164301
