276.021 0.481184 5.19039e-010 -0.136639
552.042 1.26666 5.11632e-010 -0.0457489
828.063 2.05213 5.09657e-010 0.0451412
1104.08 2.83761 5.21231e-010 0.136031
1380.1 3.62309 5.0554e-010 0.226921
1656.13 4.40856 5.08265e-010 0.317811
1932.15 5.19404 5.10631e-010 0.408701
2208.17 5.97951 5.14191e-010 0.499591
2484.19 6.76499 5.09803e-010 0.590481
2760.21 7.55046 4.94982e-010 0.681371
3036.23 8.33594 5.10137e-010 0.772262
3312.25 9.12141 5.14307e-010 0.863152
3588.27 9.90689 5.08987e-010 0.954042
3864.29 10.6924 5.12443e-010 1.04493
4140.31 11.4778 5.15692e-010 1.13582
4416.33 12.2633 5.23917e-010 1.22671
4692.36 13.0488 5.14081e-010 1.3176
