168.076 1.76617e-011 0.594689 -0.147889
336.153 2.03689e-011 1.18938 -0.147889
504.229 1.98585e-011 1.78407 -0.147889
672.306 1.78834e-011 2.37876 -0.147889
840.382 1.85703e-011 2.97344 -0.147889
1008.46 1.87153e-011 3.56813 -0.147889
1176.53 1.99626e-011 4.16282 -0.147889
1344.61 1.90221e-011 4.75751 -0.147889
1512.69 1.97378e-011 5.3522 -0.147889
1680.76 2.03943e-011 5.94689 -0.147889
1848.84 1.73358e-011 6.54158 -0.147889
2016.92 1.98803e-011 7.13627 -0.147889
2184.99 2.02197e-011 7.73095 -0.147889
2353.07 1.88854e-011 8.32564 -0.147889
2521.15 2.05722e-011 8.92033 -0.147889
2689.22 1.86381e-011 9.51502 -0.147889
2857.3 1.75434e-011 10.1097 -0.147889
