276.021 0.365031 1.42771e-009 -0.154584
552.042 0.914741 2.0478e-009 -0.143299
828.063 1.46445 2.68005e-009 -0.132013
1104.08 2.01416 3.33303e-009 -0.120727
1380.1 2.56387 3.94178e-009 -0.109442
1656.13 3.11358 4.57832e-009 -0.0981561
1932.15 3.66329 5.21706e-009 -0.0868705
2208.17 4.213 5.85775e-009 -0.0755848
2484.19 4.76271 6.48655e-009 -0.0642992
2760.21 5.31242 7.09586e-009 -0.0530136
3036.23 5.86212 7.74485e-009 -0.0417279
3312.25 6.41183 8.39514e-009 -0.0304423
3588.27 6.96154 9.0204e-009 -0.0191566
3864.29 7.51125 9.66496e-009 -0.00787099
4140.31 8.06096 1.03034e-008 0.00341465
4416.33 8.61067 1.0949e-008 0.0147003
4692.36 9.16038 1.15663e-008 0.0259859
