168.076 -1.97297e-010 0.317503 -0.197245
336.153 -2.13559e-010 0.635005 -0.272536
504.229 -1.89841e-010 0.952508 -0.347827
672.306 -1.99484e-010 1.27001 -0.423118
840.382 -1.73655e-010 1.58751 -0.498409
1008.46 -1.72753e-010 1.90502 -0.5737
1176.53 -2.12543e-010 2.22252 -0.648991
1344.61 -1.84115e-010 2.54002 -0.724281
1512.69 -2.12564e-010 2.85752 -0.799572
1680.76 -2.34574e-010 3.17503 -0.874863
1848.84 -1.85687e-010 3.49253 -0.950154
2016.92 -1.97362e-010 3.81003 -1.02544
2184.99 -1.76341e-010 4.12753 -1.10074
2353.07 -2.07934e-010 4.44504 -1.17603
2521.15 -2.07368e-010 4.76254 -1.25132
2689.22 -1.97272e-010 5.08004 -1.32661
2857.3 -1.91981e-010 5.39754 -1.4019
