168.076 -1.00861e-010 0.0687896 -0.101356
336.153 -1.16183e-010 0.137579 -0.142259
504.229 -9.65109e-011 0.206369 -0.183162
672.306 -1.04769e-010 0.275158 -0.224065
840.382 -9.4208e-011 0.343948 -0.264968
1008.46 -9.01325e-011 0.412737 -0.305871
1176.53 -1.07693e-010 0.481527 -0.346775
1344.61 -9.69875e-011 0.550316 -0.387678
1512.69 -1.10921e-010 0.619106 -0.428581
1680.76 -1.18378e-010 0.687896 -0.469484
1848.84 -9.64085e-011 0.756685 -0.510387
2016.92 -1.04748e-010 0.825475 -0.55129
2184.99 -9.28775e-011 0.894264 -0.592194
2353.07 -1.06826e-010 0.963054 -0.633097
2521.15 -1.07194e-010 1.03184 -0.674
2689.22 -9.95546e-011 1.10063 -0.714903
2857.3 -9.678e-011 1.16942 -0.755806
