168.076 2.46114e-010 0.466671 -0.0548541
336.153 2.69893e-010 0.933342 0.0267203
504.229 2.55808e-010 1.40001 0.108295
672.306 2.50079e-010 1.86668 0.189869
840.382 2.26095e-010 2.33336 0.271443
1008.46 2.28102e-010 2.80003 0.353018
1176.53 2.64225e-010 3.2667 0.434592
1344.61 2.42316e-010 3.73337 0.516166
1512.69 2.72232e-010 4.20004 0.597741
1680.76 2.92505e-010 4.66671 0.679315
1848.84 2.45417e-010 5.13338 0.760889
2016.92 2.61048e-010 5.60005 0.842464
2184.99 2.41535e-010 6.06672 0.924038
2353.07 2.60819e-010 6.53339 1.00561
2521.15 2.71443e-010 7.00007 1.08719
2689.22 2.72347e-010 7.46674 1.16876
2857.3 2.37751e-010 7.93341 1.25034
