168.076 2.76562e-010 0.727694 -0.0681649
336.153 2.99569e-010 1.45539 0.0200071
504.229 2.73926e-010 2.18308 0.108179
672.306 2.78216e-010 2.91078 0.196351
840.382 2.55687e-010 3.63847 0.284523
1008.46 2.53199e-010 4.36616 0.372695
1176.53 2.86565e-010 5.09386 0.460867
1344.61 2.87596e-010 5.82155 0.549039
1512.69 3.05852e-010 6.54924 0.637211
1680.76 3.00435e-010 7.27694 0.725383
1848.84 2.53381e-010 8.00463 0.813555
2016.92 2.79601e-010 8.73233 0.901727
2184.99 2.72843e-010 9.46002 0.989899
2353.07 2.9219e-010 10.1877 1.07807
2521.15 2.89884e-010 10.9154 1.16624
2689.22 2.86245e-010 11.6431 1.25442
2857.3 2.61377e-010 12.3708 1.34259
