168.076 2.61427e-010 0.828848 -0.0724853
336.153 2.85203e-010 1.6577 0.0168006
504.229 2.62689e-010 2.48655 0.106086
672.306 2.64438e-010 3.31539 0.195372
840.382 2.45899e-010 4.14424 0.284658
1008.46 2.44412e-010 4.97309 0.373944
1176.53 2.81524e-010 5.80194 0.46323
1344.61 2.65279e-010 6.63079 0.552516
1512.69 2.84507e-010 7.45964 0.641802
1680.76 2.842e-010 8.28848 0.731088
1848.84 2.49145e-010 9.11733 0.820374
2016.92 2.7255e-010 9.94618 0.909659
2184.99 2.6754e-010 10.775 0.998945
2353.07 2.75866e-010 11.6039 1.08823
2521.15 2.75838e-010 12.4327 1.17752
2689.22 2.7491e-010 13.2616 1.2668
2857.3 2.49561e-010 14.0904 1.35609
