168.076 2.53282e-011 1 -0.164192
336.153 2.89456e-011 2 -0.164192
504.229 2.92219e-011 3 -0.164192
672.306 2.57308e-011 4 -0.164192
840.382 2.71078e-011 5 -0.164192
1008.46 2.72893e-011 6 -0.164192
1176.53 2.85309e-011 7 -0.164192
1344.61 2.7378e-011 8 -0.164192
1512.69 2.80116e-011 9 -0.164192
1680.76 2.95629e-011 10 -0.164192
1848.84 2.50556e-011 11 -0.164192
2016.92 2.9436e-011 12 -0.164192
2184.99 2.90004e-011 13 -0.164192
2353.07 2.7159e-011 14 -0.164192
2521.15 2.96105e-011 15 -0.164192
2689.22 2.67175e-011 16 -0.164192
2857.3 2.53979e-011 17 -0.164192
