276.021 0.441884 -1.20463e-009 -0.0938261
552.042 1.12417 -1.99e-009 -0.0607145
828.063 1.80646 -2.78482e-009 -0.027603
1104.08 2.48874 -3.58949e-009 0.0055086
1380.1 3.17103 -4.36939e-009 0.0386202
1656.13 3.85331 -5.16383e-009 0.0717317
1932.15 4.5356 -5.96139e-009 0.104843
2208.17 5.21789 -6.75988e-009 0.137955
2484.19 5.90017 -7.55301e-009 0.171066
2760.21 6.58246 -8.3324e-009 0.204178
3036.23 7.26474 -9.12944e-009 0.23729
3312.25 7.94703 -9.93886e-009 0.270401
3588.27 8.62932 -1.07276e-008 0.303513
3864.29 9.3116 -1.15315e-008 0.336624
4140.31 9.99389 -1.23272e-008 0.369736
4416.33 10.6762 -1.31268e-008 0.402847
4692.36 11.3585 -1.39112e-008 0.435959
