168.076 2.40774e-010 0.995521 -0.0746207
336.153 2.66815e-010 1.99104 0.0149508
504.229 2.43068e-010 2.98656 0.104522
672.306 2.46076e-010 3.98209 0.194094
840.382 2.39808e-010 4.97761 0.283665
1008.46 2.23296e-010 5.97313 0.373237
1176.53 2.52466e-010 6.96865 0.462808
1344.61 2.52926e-010 7.96417 0.55238
1512.69 2.61662e-010 8.95969 0.641951
1680.76 2.64612e-010 9.95521 0.731523
1848.84 2.33037e-010 10.9507 0.821094
2016.92 2.54908e-010 11.9463 0.910666
2184.99 2.4441e-010 12.9418 1.00024
2353.07 2.7196e-010 13.9373 1.08981
2521.15 2.55487e-010 14.9328 1.17938
2689.22 2.52147e-010 15.9283 1.26895
2857.3 2.28995e-010 16.9239 1.35852
