276.021 0.0619681 -9.81844e-010 -0.0860696
552.042 0.143587 -2.12665e-009 -0.098027
828.063 0.225205 -3.26766e-009 -0.109984
1104.08 0.306824 -4.40313e-009 -0.121942
1380.1 0.388442 -5.55115e-009 -0.133899
1656.13 0.470061 -6.69136e-009 -0.145857
1932.15 0.551679 -7.83054e-009 -0.157814
2208.17 0.633298 -8.96952e-009 -0.169771
2484.19 0.714916 -1.01117e-008 -0.181729
2760.21 0.796535 -1.12594e-008 -0.193686
3036.23 0.878153 -1.23966e-008 -0.205644
3312.25 0.959772 -1.35323e-008 -0.217601
3588.27 1.04139 -1.46755e-008 -0.229558
3864.29 1.12301 -1.58129e-008 -0.241516
4140.31 1.20463 -1.69525e-008 -0.253473
4416.33 1.28625 -1.80901e-008 -0.265431
4692.36 1.36786 -1.92356e-008 -0.277388
