168.076 2.20988e-010 0.317503 -0.0466635
336.153 2.40944e-010 0.635005 0.0286274
504.229 2.15816e-010 0.952508 0.103918
672.306 2.23558e-010 1.27001 0.179209
840.382 1.98278e-010 1.58751 0.2545
1008.46 1.97381e-010 1.90502 0.329791
1176.53 2.39249e-010 2.22252 0.405082
1344.61 2.09439e-010 2.54002 0.480373
1512.69 2.39137e-010 2.85752 0.555664
1680.76 2.61802e-010 3.17503 0.630954
1848.84 2.08816e-010 3.49253 0.706245
2016.92 2.23656e-010 3.81003 0.781536
2184.99 2.02966e-010 4.12753 0.856827
2353.07 2.3345e-010 4.44504 0.932118
2521.15 2.34621e-010 4.76254 1.00741
2689.22 2.21816e-010 5.08004 1.0827
2857.3 2.15627e-010 5.39754 1.15799
