276.021 0.222067 9.29272e-010 -0.131143
552.042 0.534512 1.33796e-009 -0.134862
828.063 0.846956 1.75465e-009 -0.138582
1104.08 1.1594 2.18478e-009 -0.142301
1380.1 1.47184 2.58603e-009 -0.146021
1656.13 1.78429 3.00528e-009 -0.14974
1932.15 2.09673 3.42638e-009 -0.15346
2208.17 2.40918 3.84833e-009 -0.157179
2484.19 2.72162 4.26286e-009 -0.160899
2760.21 3.03407 4.66457e-009 -0.164618
3036.23 3.34651 5.09172e-009 -0.168338
3312.25 3.65895 5.52023e-009 -0.172057
3588.27 3.9714 5.93238e-009 -0.175777
3864.29 4.28384 6.35716e-009 -0.179496
4140.31 4.59629 6.77773e-009 -0.183216
4416.33 4.90873 7.20298e-009 -0.186935
4692.36 5.22118 7.60985e-009 -0.190655
