168.076 -1.01456e-010 0.0550312 -0.101356
336.153 -1.16879e-010 0.110062 -0.142259
504.229 -9.71658e-011 0.165094 -0.183162
672.306 -1.05375e-010 0.220125 -0.224065
840.382 -9.48272e-011 0.275156 -0.264968
1008.46 -9.07541e-011 0.330187 -0.305871
1176.53 -1.08362e-010 0.385219 -0.346775
1344.61 -9.76299e-011 0.44025 -0.387678
1512.69 -1.11594e-010 0.495281 -0.428581
1680.76 -1.19063e-010 0.550312 -0.469484
1848.84 -9.70008e-011 0.605343 -0.510387
2016.92 -1.05414e-010 0.660375 -0.55129
2184.99 -9.3548e-011 0.715406 -0.592194
2353.07 -1.07469e-010 0.770437 -0.633097
2521.15 -1.07882e-010 0.825468 -0.674
2689.22 -1.00183e-010 0.8805 -0.714903
2857.3 -9.73768e-011 0.935531 -0.755806
