168.076 -2.36429e-010 0.723285 -0.244509
336.153 -2.53281e-010 1.44657 -0.332681
504.229 -2.28357e-010 2.16986 -0.420853
672.306 -2.37623e-010 2.89314 -0.509025
840.382 -2.13255e-010 3.61643 -0.597197
1008.46 -2.103e-010 4.33971 -0.685369
1176.53 -2.40962e-010 5.063 -0.773541
1344.61 -2.44473e-010 5.78628 -0.861713
1512.69 -2.61295e-010 6.50957 -0.949885
1680.76 -2.5393e-010 7.23285 -1.03806
1848.84 -2.13795e-010 7.95614 -1.12623
2016.92 -2.34008e-010 8.67942 -1.2144
2184.99 -2.26596e-010 9.40271 -1.30257
2353.07 -2.49346e-010 10.126 -1.39074
2521.15 -2.43e-010 10.8493 -1.47892
2689.22 -2.43779e-010 11.5726 -1.56709
2857.3 -2.21421e-010 12.2958 -1.65526
