168.076 1.95739e-010 0.234599 -0.0378873
336.153 2.25264e-010 0.469197 0.0286925
504.229 1.88414e-010 0.703796 0.0952722
672.306 2.03379e-010 0.938394 0.161852
840.382 1.82559e-010 1.17299 0.228432
1008.46 1.75731e-010 1.40759 0.295011
1176.53 2.0938e-010 1.64219 0.361591
1344.61 1.8811e-010 1.87679 0.428171
1512.69 2.1516e-010 2.11139 0.49475
1680.76 2.29127e-010 2.34599 0.56133
1848.84 1.86266e-010 2.58058 0.62791
2016.92 2.03379e-010 2.81518 0.69449
2184.99 1.81156e-010 3.04978 0.761069
2353.07 2.06598e-010 3.28438 0.827649
2521.15 2.08842e-010 3.51898 0.894229
2689.22 1.94042e-010 3.75358 0.960808
2857.3 1.87634e-010 3.98818 1.02739
