168.076 -2.15806e-010 0.466671 -0.218003
336.153 -2.3483e-010 0.933342 -0.299577
504.229 -2.21765e-010 1.40001 -0.381151
672.306 -2.19296e-010 1.86668 -0.462726
840.382 -1.94313e-010 2.33336 -0.5443
1008.46 -1.96145e-010 2.80003 -0.625875
1176.53 -2.29785e-010 3.2667 -0.707449
1344.61 -2.09736e-010 3.73337 -0.789023
1512.69 -2.38212e-010 4.20004 -0.870598
1680.76 -2.57317e-010 4.66671 -0.952172
1848.84 -2.15418e-010 5.13338 -1.03375
2016.92 -2.26858e-010 5.60005 -1.11532
2184.99 -2.06891e-010 6.06672 -1.19689
2353.07 -2.28126e-010 6.53339 -1.27847
2521.15 -2.3603e-010 7.00007 -1.36004
2689.22 -2.40244e-010 7.46674 -1.44162
2857.3 -2.07425e-010 7.93341 -1.52319
