168.076 2.45476e-010 0.435154 -0.0548541
336.153 2.69164e-010 0.870307 0.0267203
504.229 2.55066e-010 1.30546 0.108295
672.306 2.49438e-010 1.74061 0.189869
840.382 2.25416e-010 2.17577 0.271443
1008.46 2.2741e-010 2.61092 0.353018
1176.53 2.63495e-010 3.04608 0.434592
1344.61 2.41628e-010 3.48123 0.516166
1512.69 2.7153e-010 3.91638 0.597741
1680.76 2.91757e-010 4.35154 0.679315
1848.84 2.44794e-010 4.78669 0.760889
2016.92 2.60318e-010 5.22184 0.842464
2184.99 2.40793e-010 5.657 0.924038
2353.07 2.6015e-010 6.09215 1.00561
2521.15 2.70691e-010 6.5273 1.08719
2689.22 2.71669e-010 6.96246 1.16876
2857.3 2.37119e-010 7.39761 1.25034
