168.076 -1.90758e-010 1 -0.253764
336.153 -2.09538e-010 2 -0.343335
504.229 -1.85357e-010 3 -0.432907
672.306 -1.95368e-010 4 -0.522478
840.382 -1.86287e-010 5 -0.61205
1008.46 -1.69373e-010 6 -0.701621
1176.53 -1.96383e-010 7 -0.791193
1344.61 -1.98815e-010 8 -0.880764
1512.69 -2.06443e-010 9 -0.970336
1680.76 -2.06245e-010 10 -1.05991
1848.84 -1.83597e-010 11 -1.14948
2016.92 -1.96877e-010 12 -1.23905
2184.99 -1.87269e-010 13 -1.32862
2353.07 -2.18037e-010 14 -1.41819
2521.15 -1.97014e-010 15 -1.50776
2689.22 -1.99598e-010 16 -1.59734
2857.3 -1.78933e-010 17 -1.68691
