168.076 2.29634e-011 0.863345 -0.161771
336.153 2.63147e-011 1.72669 -0.161771
504.229 2.61593e-011 2.59004 -0.161771
672.306 2.31977e-011 3.45338 -0.161771
840.382 2.42915e-011 4.31673 -0.161771
1008.46 2.45671e-011 5.18007 -0.161771
1176.53 2.58744e-011 6.04342 -0.161771
1344.61 2.47339e-011 6.90676 -0.161771
1512.69 2.53886e-011 7.77011 -0.161771
1680.76 2.66379e-011 8.63345 -0.161771
1848.84 2.2521e-011 9.4968 -0.161771
2016.92 2.61695e-011 10.3601 -0.161771
2184.99 2.62335e-011 11.2235 -0.161771
2353.07 2.4511e-011 12.0868 -0.161771
2521.15 2.67268e-011 12.9502 -0.161771
2689.22 2.42051e-011 13.8135 -0.161771
2857.3 2.28527e-011 14.6769 -0.161771
