168.076 2.59468e-010 0.590402 -0.062145
336.153 2.80886e-010 1.1808 0.0235993
504.229 2.58144e-010 1.7712 0.109344
672.306 2.61065e-010 2.36161 0.195088
840.382 2.36708e-010 2.95201 0.280832
1008.46 2.39151e-010 3.54241 0.366576
1176.53 2.65186e-010 4.13281 0.452321
1344.61 2.55735e-010 4.72321 0.538065
1512.69 2.85206e-010 5.31361 0.623809
1680.76 2.93505e-010 5.90402 0.709554
1848.84 2.45649e-010 6.49442 0.795298
2016.92 2.62994e-010 7.08482 0.881042
2184.99 2.50636e-010 7.67522 0.966786
2353.07 2.64909e-010 8.26562 1.05253
2521.15 2.7629e-010 8.85602 1.13828
2689.22 2.79865e-010 9.44643 1.22402
2857.3 2.39778e-010 10.0368 1.30976
