276.021 0.381625 -1.12257e-009 -0.0789652
552.042 0.94699 -1.84546e-009 -0.040996
828.063 1.51236 -2.57657e-009 -0.00302682
1104.08 2.07772 -3.31732e-009 0.0349424
1380.1 2.64309 -4.03449e-009 0.0729116
1656.13 3.20845 -4.76575e-009 0.110881
1932.15 3.77382 -5.49961e-009 0.14885
2208.17 4.33918 -6.23423e-009 0.186819
2484.19 4.90455 -6.96359e-009 0.224788
2760.21 5.46992 -7.68082e-009 0.262757
3036.23 6.03528 -8.41508e-009 0.300727
3312.25 6.60065 -9.15914e-009 0.338696
3588.27 7.16601 -9.88474e-009 0.376665
3864.29 7.73138 -1.06241e-008 0.414634
4140.31 8.29674 -1.13567e-008 0.452603
4416.33 8.86211 -1.20924e-008 0.490573
4692.36 9.42748 -1.28141e-008 0.528542
