276.021 0.297182 2.74199e-010 -0.102993
552.042 0.72945 2.70289e-010 -0.0284208
828.063 1.16172 2.69266e-010 0.0461515
1104.08 1.59399 2.75407e-010 0.120724
1380.1 2.02625 2.67062e-010 0.195296
1656.13 2.45852 2.68462e-010 0.269869
1932.15 2.89079 2.69765e-010 0.344441
2208.17 3.32306 2.71637e-010 0.419013
2484.19 3.75532 2.69355e-010 0.493586
2760.21 4.18759 2.61515e-010 0.568158
3036.23 4.61986 2.69481e-010 0.64273
3312.25 5.05213 2.71643e-010 0.717303
3588.27 5.48439 2.68816e-010 0.791875
3864.29 5.91666 2.70726e-010 0.866447
4140.31 6.34893 2.72405e-010 0.94102
4416.33 6.7812 2.7674e-010 1.01559
4692.36 7.21347 2.71564e-010 1.09016
