276.021 0.315151 2.15767e-010 -0.0626285
552.042 0.764466 7.81897e-010 -0.0209294
828.063 1.21378 1.34061e-009 0.0207696
1104.08 1.6631 1.8907e-009 0.0624687
1380.1 2.11241 2.46178e-009 0.104168
1656.13 2.56173 3.02021e-009 0.145867
1932.15 3.01104 3.57642e-009 0.187566
2208.17 3.46036 4.13228e-009 0.229265
2484.19 3.90967 4.69252e-009 0.270964
2760.21 4.35899 5.26333e-009 0.312663
3036.23 4.8083 5.81901e-009 0.354362
3312.25 5.25762 6.36686e-009 0.396061
3588.27 5.70693 6.93016e-009 0.43776
3864.29 6.15625 7.48193e-009 0.479459
4140.31 6.60556 8.03935e-009 0.521158
4416.33 7.05488 8.59396e-009 0.562857
4692.36 7.50419 9.16097e-009 0.604556
