168.076 -1.76627e-010 0.212204 -0.171047
336.153 -2.03253e-010 0.424407 -0.237626
504.229 -1.67288e-010 0.636611 -0.304206
672.306 -1.84035e-010 0.848814 -0.370786
840.382 -1.62755e-010 1.06102 -0.437366
1008.46 -1.55755e-010 1.27322 -0.503945
1176.53 -1.87866e-010 1.48542 -0.570525
1344.61 -1.67562e-010 1.69763 -0.637105
1512.69 -1.9362e-010 1.90983 -0.703684
1680.76 -2.07147e-010 2.12204 -0.770264
1848.84 -1.67308e-010 2.33424 -0.836844
2016.92 -1.82111e-010 2.54644 -0.903423
2184.99 -1.59545e-010 2.75865 -0.970003
2353.07 -1.85918e-010 2.97085 -1.03658
2521.15 -1.86758e-010 3.18305 -1.10316
2689.22 -1.7386e-010 3.39526 -1.16974
2857.3 -1.68483e-010 3.60746 -1.23632
