168.076 1.57041e-010 0.144588 -0.0287825
336.153 1.80903e-010 0.289177 0.0264012
504.229 1.5183e-010 0.433765 0.081585
672.306 1.63066e-010 0.578353 0.136769
840.382 1.47509e-010 0.722941 0.191953
1008.46 1.41758e-010 0.86753 0.247136
1176.53 1.68057e-010 1.01212 0.30232
1344.61 1.51839e-010 1.15671 0.357504
1512.69 1.73048e-010 1.30129 0.412688
1680.76 1.83643e-010 1.44588 0.467871
1848.84 1.50285e-010 1.59047 0.523055
2016.92 1.63865e-010 1.73506 0.578239
2184.99 1.46728e-010 1.87965 0.633423
2353.07 1.66425e-010 2.02424 0.688607
2521.15 1.67828e-010 2.16882 0.74379
2689.22 1.55725e-010 2.31341 0.798974
2857.3 1.50635e-010 2.458 0.854158
