168.076 5.85124e-011 0.0200092 -0.0103302
336.153 6.77723e-011 0.0400184 0.0132649
504.229 5.66363e-011 0.0600275 0.03686
672.306 6.04875e-011 0.0800367 0.060455
840.382 5.51008e-011 0.100046 0.0840501
1008.46 5.29173e-011 0.120055 0.107645
1176.53 6.26621e-011 0.140064 0.13124
1344.61 5.66755e-011 0.160073 0.154835
1512.69 6.45859e-011 0.180083 0.17843
1680.76 6.8532e-011 0.200092 0.202025
1848.84 5.62543e-011 0.220101 0.22562
2016.92 6.1146e-011 0.24011 0.249216
2184.99 5.48218e-011 0.260119 0.272811
2353.07 6.21546e-011 0.280128 0.296406
2521.15 6.25209e-011 0.300138 0.320001
2689.22 5.79683e-011 0.320147 0.343596
2857.3 5.66285e-011 0.340156 0.367191
