168.076 -1.42809e-010 0.144588 -0.13915
336.153 -1.64324e-010 0.289177 -0.194334
504.229 -1.36259e-010 0.433765 -0.249518
672.306 -1.48555e-010 0.578353 -0.304701
840.382 -1.32747e-010 0.722941 -0.359885
1008.46 -1.26984e-010 0.86753 -0.415069
1176.53 -1.52117e-010 1.01212 -0.470253
1344.61 -1.36557e-010 1.15671 -0.525437
1512.69 -1.56964e-010 1.30129 -0.58062
1680.76 -1.67367e-010 1.44588 -0.635804
1848.84 -1.36132e-010 1.59047 -0.690988
2016.92 -1.48006e-010 1.73506 -0.746172
2184.99 -1.30725e-010 1.87965 -0.801355
2353.07 -1.51018e-010 2.02424 -0.856539
2521.15 -1.51461e-010 2.16882 -0.911723
2689.22 -1.40766e-010 2.31341 -0.966907
2857.3 -1.36438e-010 2.458 -1.02209
