168.076 5.8083e-011 0.0120727 -0.0103302
336.153 6.72803e-011 0.0241453 0.0132649
504.229 5.61729e-011 0.036218 0.03686
672.306 6.00398e-011 0.0482906 0.060455
840.382 5.46481e-011 0.0603633 0.0840501
1008.46 5.24593e-011 0.0724359 0.107645
1176.53 6.21702e-011 0.0845086 0.13124
1344.61 5.62167e-011 0.0965812 0.154835
1512.69 6.41031e-011 0.108654 0.17843
1680.76 6.80397e-011 0.120727 0.202025
1848.84 5.58269e-011 0.132799 0.22562
2016.92 6.06712e-011 0.144872 0.249216
2184.99 5.43425e-011 0.156945 0.272811
2353.07 6.16878e-011 0.169017 0.296406
2521.15 6.20198e-011 0.18109 0.320001
2689.22 5.75109e-011 0.193162 0.343596
2857.3 5.62082e-011 0.205235 0.367191
