168.076 2.21647e-010 0.346592 -0.0466635
336.153 2.41758e-010 0.693184 0.0286274
504.229 2.1685e-010 1.03978 0.103918
672.306 2.24236e-010 1.38637 0.179209
840.382 1.9911e-010 1.73296 0.2545
1008.46 1.98283e-010 2.07955 0.329791
1176.53 2.39956e-010 2.42615 0.405082
1344.61 2.10333e-010 2.77274 0.480373
1512.69 2.3998e-010 3.11933 0.555664
1680.76 2.62558e-010 3.46592 0.630954
1848.84 2.09704e-010 3.81251 0.706245
2016.92 2.24623e-010 4.15911 0.781536
2184.99 2.04026e-010 4.5057 0.856827
2353.07 2.34172e-010 4.85229 0.932118
2521.15 2.35591e-010 5.19888 1.00741
2689.22 2.22945e-010 5.54548 1.0827
2857.3 2.16235e-010 5.89207 1.15799
