168.076 -1.89991e-010 1 -0.253764
336.153 -2.09084e-010 2 -0.343335
504.229 -1.84864e-010 3 -0.432907
672.306 -1.94843e-010 4 -0.522478
840.382 -1.85817e-010 5 -0.61205
1008.46 -1.68644e-010 6 -0.701621
1176.53 -1.95723e-010 7 -0.791193
1344.61 -1.98282e-010 8 -0.880764
1512.69 -2.06028e-010 9 -0.970336
1680.76 -2.05622e-010 10 -1.05991
1848.84 -1.83319e-010 11 -1.14948
2016.92 -1.96421e-010 12 -1.23905
2184.99 -1.86822e-010 13 -1.32862
2353.07 -2.17557e-010 14 -1.41819
2521.15 -1.96715e-010 15 -1.50776
2689.22 -1.98874e-010 16 -1.59734
2857.3 -1.78354e-010 17 -1.68691
