276.021 0.0304337 -2.51734e-009 -0.000491237
552.042 0.0675983 -4.83899e-009 0.0274615
828.063 0.104763 -7.16252e-009 0.0554142
1104.08 0.141928 -9.4882e-009 0.0833669
1380.1 0.179092 -1.18087e-008 0.11132
1656.13 0.216257 -1.41323e-008 0.139272
1932.15 0.253421 -1.64565e-008 0.167225
2208.17 0.290586 -1.87808e-008 0.195178
2484.19 0.327751 -2.11037e-008 0.22313
2760.21 0.364915 -2.34243e-008 0.251083
3036.23 0.40208 -2.57489e-008 0.279036
3312.25 0.439244 -2.80749e-008 0.306988
3588.27 0.476409 -3.03973e-008 0.334941
3864.29 0.513574 -3.27224e-008 0.362894
4140.31 0.550738 -3.50464e-008 0.390847
4416.33 0.587903 -3.73711e-008 0.418799
4692.36 0.625068 -3.96926e-008 0.446752
