276.021 0.164293 1.16704e-011 -0.0728593
552.042 0.381285 1.14536e-011 -0.0938911
828.063 0.598278 1.12421e-011 -0.114923
1104.08 0.81527 1.14694e-011 -0.135955
1380.1 1.03226 1.1378e-011 -0.156987
1656.13 1.24926 1.14354e-011 -0.178018
1932.15 1.46625 1.14177e-011 -0.19905
2208.17 1.68324 1.15299e-011 -0.220082
2484.19 1.90023 1.13134e-011 -0.241114
2760.21 2.11723 1.11799e-011 -0.262146
3036.23 2.33422 1.14027e-011 -0.283178
3312.25 2.55121 1.1438e-011 -0.304209
3588.27 2.7682 1.15448e-011 -0.325241
3864.29 2.9852 1.13586e-011 -0.346273
4140.31 3.20219 1.14516e-011 -0.367305
4416.33 3.41918 1.17477e-011 -0.388337
4692.36 3.63617 1.15581e-011 -0.409369
