168.076 1.50487e-011 0.466671 -0.136428
336.153 1.73802e-011 0.933342 -0.136428
504.229 1.68088e-011 1.40001 -0.136428
672.306 1.52569e-011 1.86668 -0.136428
840.382 1.57887e-011 2.33336 -0.136428
1008.46 1.58767e-011 2.80003 -0.136428
1176.53 1.69675e-011 3.2667 -0.136428
1344.61 1.62093e-011 3.73337 -0.136428
1512.69 1.68686e-011 4.20004 -0.136428
1680.76 1.7319e-011 4.66671 -0.136428
1848.84 1.47818e-011 5.13338 -0.136428
2016.92 1.68796e-011 5.60005 -0.136428
2184.99 1.717e-011 6.06672 -0.136428
2353.07 1.61453e-011 6.53339 -0.136428
2521.15 1.74893e-011 7.00007 -0.136428
2689.22 1.5858e-011 7.46674 -0.136428
2857.3 1.49431e-011 7.93341 -0.136428
