168.076 2.61717e-010 0.863345 -0.0724853
336.153 2.85587e-010 1.72669 0.0168006
504.229 2.6321e-010 2.59004 0.106086
672.306 2.64745e-010 3.45338 0.195372
840.382 2.46557e-010 4.31673 0.284658
1008.46 2.44805e-010 5.18007 0.373944
1176.53 2.817e-010 6.04342 0.46323
1344.61 2.65797e-010 6.90676 0.552516
1512.69 2.84746e-010 7.77011 0.641802
1680.76 2.84673e-010 8.63345 0.731088
1848.84 2.49583e-010 9.4968 0.820374
2016.92 2.73104e-010 10.3601 0.909659
2184.99 2.67833e-010 11.2235 0.998945
2353.07 2.76506e-010 12.0868 1.08823
2521.15 2.76232e-010 12.9502 1.17752
2689.22 2.75192e-010 13.8135 1.2668
2857.3 2.49882e-010 14.6769 1.35609
