168.076 2.21529e-010 0.342828 -0.0466635
336.153 2.41562e-010 0.685655 0.0286274
504.229 2.16438e-010 1.02848 0.103918
672.306 2.24102e-010 1.37131 0.179209
840.382 1.98854e-010 1.71414 0.2545
1008.46 1.97964e-010 2.05697 0.329791
1176.53 2.39863e-010 2.39979 0.405082
1344.61 2.10024e-010 2.74262 0.480373
1512.69 2.39734e-010 3.08545 0.555664
1680.76 2.62428e-010 3.42828 0.630954
1848.84 2.09338e-010 3.7711 0.706245
2016.92 2.24266e-010 4.11393 0.781536
2184.99 2.03595e-010 4.45676 0.856827
2353.07 2.34021e-010 4.79959 0.932118
2521.15 2.35258e-010 5.14242 1.00741
2689.22 2.22386e-010 5.48524 1.0827
2857.3 2.16159e-010 5.82807 1.15799
