276.021 0.443654 -1.15915e-009 -0.0938261
552.042 1.12965 -1.90287e-009 -0.0607145
828.063 1.81564 -2.65603e-009 -0.027603
1104.08 2.50164 -3.41903e-009 0.0055086
1380.1 3.18763 -4.15729e-009 0.0386202
1656.13 3.87363 -4.91006e-009 0.0717317
1932.15 4.55962 -5.66596e-009 0.104843
2208.17 5.24562 -6.42278e-009 0.137955
2484.19 5.93161 -7.17427e-009 0.171066
2760.21 6.6176 -7.912e-009 0.204178
3036.23 7.3036 -8.66737e-009 0.23729
3312.25 7.98959 -9.43513e-009 0.270401
3588.27 8.67559 -1.01822e-008 0.303513
3864.29 9.36158 -1.09444e-008 0.336624
4140.31 10.0476 -1.16985e-008 0.369736
4416.33 10.7336 -1.24565e-008 0.402847
4692.36 11.4196 -1.31992e-008 0.435959
