168.076 -2.16237e-010 0.858881 -0.251057
336.153 -2.33353e-010 1.71776 -0.340343
504.229 -2.11267e-010 2.57664 -0.429629
672.306 -2.18772e-010 3.43552 -0.518915
840.382 -1.98133e-010 4.29441 -0.608201
1008.46 -1.96115e-010 5.15329 -0.697486
1176.53 -2.30538e-010 6.01217 -0.786772
1344.61 -2.16599e-010 6.87105 -0.876058
1512.69 -2.34467e-010 7.72993 -0.965344
1680.76 -2.31795e-010 8.58881 -1.05463
1848.84 -2.0482e-010 9.44769 -1.14392
2016.92 -2.21136e-010 10.3066 -1.2332
2184.99 -2.15853e-010 11.1655 -1.32249
2353.07 -2.27653e-010 12.0243 -1.41177
2521.15 -2.23196e-010 12.8832 -1.50106
2689.22 -2.27243e-010 13.7421 -1.59035
2857.3 -2.04603e-010 14.601 -1.67963
