168.076 -5.55407e-011 0.0211889 -0.0575203
336.153 -6.43128e-011 0.0423779 -0.0811154
504.229 -5.34181e-011 0.0635668 -0.10471
672.306 -5.74234e-011 0.0847557 -0.128306
840.382 -5.20299e-011 0.105945 -0.151901
1008.46 -4.9833e-011 0.127134 -0.175496
1176.53 -5.93286e-011 0.148323 -0.199091
1344.61 -5.34846e-011 0.169511 -0.222686
1512.69 -6.12125e-011 0.1907 -0.246281
1680.76 -6.51497e-011 0.211889 -0.269876
1848.84 -5.32791e-011 0.233078 -0.293471
2016.92 -5.78398e-011 0.254267 -0.317066
2184.99 -5.15079e-011 0.275456 -0.340661
2353.07 -5.89266e-011 0.296645 -0.364256
2521.15 -5.90959e-011 0.317834 -0.387851
2689.22 -5.48312e-011 0.339023 -0.411446
2857.3 -5.36809e-011 0.360212 -0.435041
