168.076 2.2161e-010 0.346592 -0.0466635
336.153 2.41654e-010 0.693184 0.0286274
504.229 2.16531e-010 1.03978 0.103918
672.306 2.24183e-010 1.38637 0.179209
840.382 1.98939e-010 1.73296 0.2545
1008.46 1.9805e-010 2.07955 0.329791
1176.53 2.39954e-010 2.42615 0.405082
1344.61 2.10111e-010 2.77274 0.480373
1512.69 2.39823e-010 3.11933 0.555664
1680.76 2.62521e-010 3.46592 0.630954
1848.84 2.09415e-010 3.81251 0.706245
2016.92 2.24357e-010 4.15911 0.781536
2184.99 2.03689e-010 4.5057 0.856827
2353.07 2.34106e-010 4.85229 0.932118
2521.15 2.35352e-010 5.19888 1.00741
2689.22 2.22471e-010 5.54548 1.0827
2857.3 2.16238e-010 5.89207 1.15799
