168.076 2.02827e-011 0.727694 -0.156337
336.153 2.33354e-011 1.45539 -0.156337
504.229 2.29721e-011 2.18308 -0.156337
672.306 2.05147e-011 2.91078 -0.156337
840.382 2.13776e-011 3.63847 -0.156337
1008.46 2.15929e-011 4.36616 -0.156337
1176.53 2.29249e-011 5.09386 -0.156337
1344.61 2.1843e-011 5.82155 -0.156337
1512.69 2.25605e-011 6.54924 -0.156337
1680.76 2.3483e-011 7.27694 -0.156337
1848.84 1.99042e-011 8.00463 -0.156337
2016.92 2.29535e-011 8.73233 -0.156337
2184.99 2.32149e-011 9.46002 -0.156337
2353.07 2.16482e-011 10.1877 -0.156337
2521.15 2.3643e-011 10.9154 -0.156337
2689.22 2.14093e-011 11.6431 -0.156337
2857.3 2.01538e-011 12.3708 -0.156337
