168.076 -1.43523e-010 0.123267 -0.13915
336.153 -1.65152e-010 0.246534 -0.194334
504.229 -1.37055e-010 0.369802 -0.249518
672.306 -1.49281e-010 0.493069 -0.304701
840.382 -1.33495e-010 0.616336 -0.359885
1008.46 -1.27736e-010 0.739603 -0.415069
1176.53 -1.52921e-010 0.862871 -0.470253
1344.61 -1.37329e-010 0.986138 -0.525437
1512.69 -1.57767e-010 1.10941 -0.58062
1680.76 -1.68193e-010 1.23267 -0.635804
1848.84 -1.36837e-010 1.35594 -0.690988
2016.92 -1.48809e-010 1.47921 -0.746172
2184.99 -1.3154e-010 1.60247 -0.801355
2353.07 -1.51789e-010 1.72574 -0.856539
2521.15 -1.5229e-010 1.84901 -0.911723
2689.22 -1.41521e-010 1.97228 -0.966907
2857.3 -1.37148e-010 2.09554 -1.02209
