168.076 2.75932e-010 0.693627 -0.0681649
336.153 2.98864e-010 1.38725 0.0200071
504.229 2.73165e-010 2.08088 0.108179
672.306 2.77591e-010 2.77451 0.196351
840.382 2.55014e-010 3.46814 0.284523
1008.46 2.52498e-010 4.16176 0.372695
1176.53 2.85864e-010 4.85539 0.460867
1344.61 2.86922e-010 5.54902 0.549039
1512.69 3.05185e-010 6.24265 0.637211
1680.76 2.99681e-010 6.93627 0.725383
1848.84 2.52758e-010 7.6299 0.813555
2016.92 2.78851e-010 8.32353 0.901727
2184.99 2.72131e-010 9.01716 0.989899
2353.07 2.91527e-010 9.71078 1.07807
2521.15 2.89151e-010 10.4044 1.16624
2689.22 2.85582e-010 11.098 1.25442
2857.3 2.60748e-010 11.7917 1.34259
