168.076 2.58714e-010 0.56156 -0.062145
336.153 2.79983e-010 1.12312 0.0235993
504.229 2.57285e-010 1.68468 0.109344
672.306 2.60294e-010 2.24624 0.195088
840.382 2.35813e-010 2.8078 0.280832
1008.46 2.38364e-010 3.36936 0.366576
1176.53 2.64263e-010 3.93092 0.452321
1344.61 2.5465e-010 4.49248 0.538065
1512.69 2.84344e-010 5.05404 0.623809
1680.76 2.92865e-010 5.6156 0.709554
1848.84 2.45035e-010 6.17716 0.795298
2016.92 2.62132e-010 6.73872 0.881042
2184.99 2.49661e-010 7.30028 0.966786
2353.07 2.63914e-010 7.86184 1.05253
2521.15 2.75475e-010 8.4234 1.13828
2689.22 2.79296e-010 8.98497 1.22402
2857.3 2.38894e-010 9.54653 1.30976
