276.021 0.533824 4.73246e-010 -0.115878
552.042 1.43501 1.33539e-009 -0.0926955
828.063 2.33621 2.19257e-009 -0.069513
1104.08 3.2374 3.04228e-009 -0.0463305
1380.1 4.13859 3.91345e-009 -0.023148
1656.13 5.03978 4.76816e-009 3.44562e-005
1932.15 5.94097 5.62536e-009 0.0232169
2208.17 6.84216 6.47969e-009 0.0463994
2484.19 7.74335 7.3404e-009 0.0695819
2760.21 8.64455 8.21412e-009 0.0927644
3036.23 9.54574 9.05907e-009 0.115947
3312.25 10.4469 9.90913e-009 0.139129
3588.27 11.3481 1.07753e-008 0.162312
3864.29 12.2493 1.16261e-008 0.185494
4140.31 13.1505 1.24824e-008 0.208677
4416.33 14.0517 1.33366e-008 0.231859
4692.36 14.9529 1.42012e-008 0.255042
