168.076 -5.5627e-011 0.0200092 -0.0575203
336.153 -6.43916e-011 0.0400184 -0.0811154
504.229 -5.35044e-011 0.0600275 -0.10471
672.306 -5.75257e-011 0.0800367 -0.128306
840.382 -5.21322e-011 0.100046 -0.151901
1008.46 -4.99398e-011 0.120055 -0.175496
1176.53 -5.94388e-011 0.140064 -0.199091
1344.61 -5.3578e-011 0.160073 -0.222686
1512.69 -6.13034e-011 0.180083 -0.246281
1680.76 -6.52509e-011 0.200092 -0.269876
1848.84 -5.33601e-011 0.220101 -0.293471
2016.92 -5.7928e-011 0.24011 -0.317066
2184.99 -5.15969e-011 0.260119 -0.340661
2353.07 -5.90166e-011 0.280128 -0.364256
2521.15 -5.92022e-011 0.300138 -0.387851
2689.22 -5.49307e-011 0.320147 -0.411446
2857.3 -5.37547e-011 0.340156 -0.435041
