276.021 0.240682 -7.08876e-010 -0.0454476
552.042 0.570858 -1.1208e-009 -0.00176401
828.063 0.901033 -1.53855e-009 0.0419195
1104.08 1.23121 -1.9638e-009 0.0856031
1380.1 1.56138 -2.37136e-009 0.129287
1656.13 1.89156 -2.78949e-009 0.17297
1932.15 2.22174 -3.20965e-009 0.216654
2208.17 2.55191 -3.63002e-009 0.260337
2484.19 2.88209 -4.0466e-009 0.304021
2760.21 3.21226 -4.45429e-009 0.347704
3036.23 3.54244 -4.87523e-009 0.391388
3312.25 3.87261 -5.3021e-009 0.435071
3588.27 4.20279 -5.71616e-009 0.478755
3864.29 4.53296 -6.13981e-009 0.522439
4140.31 4.86314 -6.55902e-009 0.566122
4416.33 5.19332 -6.9806e-009 0.609806
4692.36 5.52349 -7.39158e-009 0.653489
