168.076 7.06892e-012 0.144588 -0.0839663
336.153 8.24112e-012 0.289177 -0.0839663
504.229 7.74523e-012 0.433765 -0.0839663
672.306 7.2131e-012 0.578353 -0.0839663
840.382 7.3364e-012 0.722941 -0.0839663
1008.46 7.34984e-012 0.86753 -0.0839663
1176.53 7.92397e-012 1.01212 -0.0839663
1344.61 7.60162e-012 1.15671 -0.0839663
1512.69 7.99523e-012 1.30129 -0.0839663
1680.76 8.09582e-012 1.44588 -0.0839663
1848.84 7.03436e-012 1.59047 -0.0839663
2016.92 7.88767e-012 1.73506 -0.0839663
2184.99 7.95467e-012 1.87965 -0.0839663
2353.07 7.65462e-012 2.02424 -0.0839663
2521.15 8.14196e-012 2.16882 -0.0839663
2689.22 7.4429e-012 2.31341 -0.0839663
2857.3 7.05819e-012 2.458 -0.0839663
