168.076 -1.00772e-010 0.0708347 -0.101356
336.153 -1.1608e-010 0.141669 -0.142259
504.229 -9.64135e-011 0.212504 -0.183162
672.306 -1.04679e-010 0.283339 -0.224065
840.382 -9.4116e-011 0.354174 -0.264968
1008.46 -9.00402e-011 0.425008 -0.305871
1176.53 -1.07594e-010 0.495843 -0.346775
1344.61 -9.6892e-011 0.566678 -0.387678
1512.69 -1.10821e-010 0.637512 -0.428581
1680.76 -1.18276e-010 0.708347 -0.469484
1848.84 -9.63204e-011 0.779182 -0.510387
2016.92 -1.04649e-010 0.850017 -0.55129
2184.99 -9.27779e-011 0.920851 -0.592194
2353.07 -1.0673e-010 0.991686 -0.633097
2521.15 -1.07092e-010 1.06252 -0.674
2689.22 -9.94612e-011 1.13336 -0.714903
2857.3 -9.66913e-011 1.20419 -0.755806
