276.021 0.553762 3.38568e-009 -0.1604
552.042 1.53958 5.45552e-009 -0.121986
828.063 2.5254 7.5381e-009 -0.0835726
1104.08 3.51121 9.64962e-009 -0.0451588
1380.1 4.49703 1.16992e-008 -0.00674495
1656.13 5.48284 1.37908e-008 0.0316689
1932.15 6.46866 1.58824e-008 0.0700827
2208.17 7.45448 1.79762e-008 0.108497
2484.19 8.44029 2.0053e-008 0.14691
2760.21 9.42611 2.21046e-008 0.185324
3036.23 10.4119 2.42237e-008 0.223738
3312.25 11.3977 2.63193e-008 0.262152
3588.27 12.3836 2.83914e-008 0.300566
3864.29 13.3694 3.04875e-008 0.338979
4140.31 14.3552 3.25796e-008 0.377393
4416.33 15.341 3.46826e-008 0.415807
4692.36 16.3268 3.67469e-008 0.454221
