276.021 0.146314 1.21615e-010 -0.0697508
552.042 0.346134 1.19879e-010 -0.0171712
828.063 0.545955 1.19431e-010 0.0354084
1104.08 0.745775 1.22162e-010 0.087988
1380.1 0.945595 1.18446e-010 0.140568
1656.13 1.14542 1.19058e-010 0.193147
1932.15 1.34524 1.19649e-010 0.245727
2208.17 1.54506 1.20478e-010 0.298306
2484.19 1.74488 1.19472e-010 0.350886
2760.21 1.9447 1.15991e-010 0.403466
3036.23 2.14452 1.19516e-010 0.456045
3312.25 2.34434 1.20467e-010 0.508625
3588.27 2.54416 1.19207e-010 0.561204
3864.29 2.74398 1.20077e-010 0.613784
4140.31 2.9438 1.20814e-010 0.666364
4416.33 3.14362 1.22732e-010 0.718943
4692.36 3.34344 1.20441e-010 0.771523
