276.021 0.559237 -2.79019e-009 -0.120471
552.042 1.53474 -5.04703e-009 -0.0998159
828.063 2.51024 -7.30902e-009 -0.0791613
1104.08 3.48574 -9.57842e-009 -0.0585067
1380.1 4.46124 -1.18257e-008 -0.0378521
1656.13 5.43675 -1.40884e-008 -0.0171975
1932.15 6.41225 -1.63523e-008 0.00345713
2208.17 7.38775 -1.86156e-008 0.0241117
2484.19 8.36325 -2.08753e-008 0.0447664
2760.21 9.33875 -2.31239e-008 0.065421
3036.23 10.3143 -2.53958e-008 0.0860756
3312.25 11.2898 -2.76605e-008 0.10673
3588.27 12.2653 -2.99147e-008 0.127385
3864.29 13.2408 -3.21825e-008 0.148039
4140.31 14.2163 -3.44448e-008 0.168694
4416.33 15.1918 -3.67099e-008 0.189349
4692.36 16.1673 -3.89644e-008 0.210003
