168.076 -2.16466e-010 0.435154 -0.218003
336.153 -2.35583e-010 0.870307 -0.299577
504.229 -2.22529e-010 1.30546 -0.381151
672.306 -2.19959e-010 1.74061 -0.462726
840.382 -1.95014e-010 2.17577 -0.5443
1008.46 -1.96858e-010 2.61092 -0.625875
1176.53 -2.30537e-010 3.04608 -0.707449
1344.61 -2.10451e-010 3.48123 -0.789023
1512.69 -2.38937e-010 3.91638 -0.870598
1680.76 -2.58085e-010 4.35154 -0.952172
1848.84 -2.16058e-010 4.78669 -1.03375
2016.92 -2.2761e-010 5.22184 -1.11532
2184.99 -2.07657e-010 5.657 -1.19689
2353.07 -2.28821e-010 6.09215 -1.27847
2521.15 -2.36805e-010 6.5273 -1.36004
2689.22 -2.40944e-010 6.96246 -1.44162
2857.3 -2.08077e-010 7.39761 -1.52319
