276.021 0.0304337 2.33896e-009 -0.000491237
552.042 0.0675983 4.66445e-009 0.0274615
828.063 0.104763 6.98806e-009 0.0554142
1104.08 0.141928 9.30951e-009 0.0833669
1380.1 0.179092 1.16362e-008 0.11132
1656.13 0.216257 1.39597e-008 0.139272
1932.15 0.253421 1.62826e-008 0.167225
2208.17 0.290586 1.86055e-008 0.195178
2484.19 0.327751 2.09297e-008 0.22313
2760.21 0.364915 2.32563e-008 0.251083
3036.23 0.40208 2.55788e-008 0.279036
3312.25 0.439244 2.78999e-008 0.306988
3588.27 0.476409 3.02247e-008 0.334941
3864.29 0.513574 3.25467e-008 0.362894
4140.31 0.550738 3.48698e-008 0.390847
4416.33 0.587903 3.71923e-008 0.418799
4692.36 0.625068 3.95179e-008 0.446752
