168.076 1.08845e-010 0.0687896 -0.0195493
336.153 1.25519e-010 0.137579 0.0213539
504.229 1.05226e-010 0.206369 0.0622571
672.306 1.12928e-010 0.275158 0.10316
840.382 1.02461e-010 0.343948 0.144063
1008.46 9.84036e-011 0.412737 0.184967
1176.53 1.16618e-010 0.481527 0.22587
1344.61 1.05571e-010 0.550316 0.266773
1512.69 1.19981e-010 0.619106 0.307676
1680.76 1.27492e-010 0.687896 0.348579
1848.84 1.04371e-010 0.756685 0.389482
2016.92 1.13647e-010 0.825475 0.430386
2184.99 1.01826e-010 0.894264 0.471289
2353.07 1.15472e-010 0.963054 0.512192
2521.15 1.16374e-010 1.03184 0.553095
2689.22 1.07963e-010 1.10063 0.593998
2857.3 1.04769e-010 1.16942 0.634901
