168.076 1.77459e-011 0.594689 -0.147889
336.153 2.04588e-011 1.18938 -0.147889
504.229 1.99495e-011 1.78407 -0.147889
672.306 1.79741e-011 2.37876 -0.147889
840.382 1.86571e-011 2.97344 -0.147889
1008.46 1.88042e-011 3.56813 -0.147889
1176.53 2.00542e-011 4.16282 -0.147889
1344.61 1.91259e-011 4.75751 -0.147889
1512.69 1.98276e-011 5.3522 -0.147889
1680.76 2.04738e-011 5.94689 -0.147889
1848.84 1.74109e-011 6.54158 -0.147889
2016.92 1.99799e-011 7.13627 -0.147889
2184.99 2.03089e-011 7.73095 -0.147889
2353.07 1.89884e-011 8.32564 -0.147889
2521.15 2.06646e-011 8.92033 -0.147889
2689.22 1.8739e-011 9.51502 -0.147889
2857.3 1.7621e-011 10.1097 -0.147889
