168.076 2.54279e-011 1 -0.164192
336.153 2.89067e-011 2 -0.164192
504.229 2.91447e-011 3 -0.164192
672.306 2.56534e-011 4 -0.164192
840.382 2.70345e-011 5 -0.164192
1008.46 2.73663e-011 6 -0.164192
1176.53 2.84124e-011 7 -0.164192
1344.61 2.73613e-011 8 -0.164192
1512.69 2.78566e-011 9 -0.164192
1680.76 2.95377e-011 10 -0.164192
1848.84 2.48947e-011 11 -0.164192
2016.92 2.92861e-011 12 -0.164192
2184.99 2.88363e-011 13 -0.164192
2353.07 2.72405e-011 14 -0.164192
2521.15 2.94287e-011 15 -0.164192
2689.22 2.66749e-011 16 -0.164192
2857.3 2.53566e-011 17 -0.164192
