276.021 0.222067 1.94178e-010 -0.0873398
552.042 0.534512 1.91408e-010 -0.022536
828.063 0.846956 1.90688e-010 0.0422677
1104.08 1.1594 1.95043e-010 0.107071
1380.1 1.47184 1.89122e-010 0.171875
1656.13 1.78429 1.90106e-010 0.236679
1932.15 2.09673 1.91039e-010 0.301483
2208.17 2.40918 1.92364e-010 0.366286
2484.19 2.72162 1.90753e-010 0.43109
2760.21 3.03407 1.85198e-010 0.495894
3036.23 3.34651 1.90832e-010 0.560698
3312.25 3.65895 1.92356e-010 0.625501
3588.27 3.9714 1.9035e-010 0.690305
3864.29 4.28384 1.91721e-010 0.755109
4140.31 4.59629 1.92903e-010 0.819913
4416.33 4.90873 1.9597e-010 0.884716
4692.36 5.22118 1.92308e-010 0.94952
