168.076 -1.76116e-010 0.234599 -0.171047
336.153 -2.02449e-010 0.469197 -0.237626
504.229 -1.6677e-010 0.703796 -0.304206
672.306 -1.83385e-010 0.938394 -0.370786
840.382 -1.62111e-010 1.17299 -0.437366
1008.46 -1.55229e-010 1.40759 -0.503945
1176.53 -1.87336e-010 1.64219 -0.570525
1344.61 -1.66972e-010 1.87679 -0.637105
1512.69 -1.93006e-010 2.11139 -0.703684
1680.76 -2.06581e-010 2.34599 -0.770264
1848.84 -1.66813e-010 2.58058 -0.836844
2016.92 -1.81425e-010 2.81518 -0.903423
2184.99 -1.58945e-010 3.04978 -0.970003
2353.07 -1.85385e-010 3.28438 -1.03658
2521.15 -1.86163e-010 3.51898 -1.10316
2689.22 -1.73355e-010 3.75358 -1.16974
2857.3 -1.68066e-010 3.98818 -1.23632
