276.021 0.0770767 6.12902e-011 -0.0501899
552.042 0.179701 6.04155e-011 -0.0122639
828.063 0.282325 6.01909e-011 0.0256622
1104.08 0.384949 6.15689e-011 0.0635883
1380.1 0.487573 5.96919e-011 0.101514
1656.13 0.590197 5.99995e-011 0.13944
1932.15 0.692821 6.03e-011 0.177366
2208.17 0.795445 6.07175e-011 0.215293
2484.19 0.898069 6.02126e-011 0.253219
2760.21 1.00069 5.84563e-011 0.291145
3036.23 1.10332 6.02314e-011 0.329071
3312.25 1.20594 6.07097e-011 0.366997
3588.27 1.30857 6.00726e-011 0.404923
3864.29 1.41119 6.0516e-011 0.442849
4140.31 1.51381 6.08865e-011 0.480775
4416.33 1.61644 6.18517e-011 0.518701
4692.36 1.71906 6.06986e-011 0.556627
