168.076 -1.96651e-010 0.346592 -0.197245
336.153 -2.12819e-010 0.693184 -0.272536
504.229 -1.89099e-010 1.03978 -0.347827
672.306 -1.98833e-010 1.38637 -0.423118
840.382 -1.72968e-010 1.73296 -0.498409
1008.46 -1.72057e-010 2.07955 -0.5737
1176.53 -2.11808e-010 2.42615 -0.648991
1344.61 -1.83419e-010 2.77274 -0.724281
1512.69 -2.11848e-010 3.11933 -0.799572
1680.76 -2.33825e-010 3.46592 -0.874863
1848.84 -1.8506e-010 3.81251 -0.950154
2016.92 -1.96631e-010 4.15911 -1.02544
2184.99 -1.7559e-010 4.5057 -1.10074
2353.07 -2.07249e-010 4.85229 -1.17603
2521.15 -2.06607e-010 5.19888 -1.25132
2689.22 -1.96587e-010 5.54548 -1.32661
2857.3 -1.91342e-010 5.89207 -1.4019
