276.021 0.523028 1.92025e-009 -0.163376
552.042 1.41435 2.76343e-009 -0.130569
828.063 2.30568 3.61836e-009 -0.0977626
1104.08 3.197 4.49993e-009 -0.0649561
1380.1 4.08833 5.32455e-009 -0.0321496
1656.13 4.97965 6.18922e-009 0.000656875
1932.15 5.87097 7.05057e-009 0.0334634
2208.17 6.7623 7.91701e-009 0.0662699
2484.19 7.65362 8.76534e-009 0.0990764
2760.21 8.54495 9.58824e-009 0.131883
3036.23 9.43627 1.0479e-008 0.164689
3312.25 10.3276 1.13499e-008 0.197496
3588.27 11.2189 1.21936e-008 0.230302
3864.29 12.1102 1.30616e-008 0.263109
4140.31 13.0016 1.39257e-008 0.295915
4416.33 13.8929 1.4799e-008 0.328722
4692.36 14.7842 1.56369e-008 0.361528
