276.021 0.0770767 1.02761e-009 -0.0860696
552.042 0.179701 1.77402e-009 -0.098027
828.063 0.282325 2.52437e-009 -0.109984
1104.08 0.384949 3.2806e-009 -0.121942
1380.1 0.487573 4.02358e-009 -0.133899
1656.13 0.590197 4.77484e-009 -0.145857
1932.15 0.692821 5.52714e-009 -0.157814
2208.17 0.795445 6.27965e-009 -0.169771
2484.19 0.898069 7.02881e-009 -0.181729
2760.21 1.00069 7.77208e-009 -0.193686
3036.23 1.10332 8.52663e-009 -0.205644
3312.25 1.20594 9.28253e-009 -0.217601
3588.27 1.30857 1.00305e-008 -0.229558
3864.29 1.41119 1.07847e-008 -0.241516
4140.31 1.51381 1.15366e-008 -0.253473
4416.33 1.61644 1.22905e-008 -0.265431
4692.36 1.71906 1.30362e-008 -0.277388
