168.076 2.59292e-010 0.590402 -0.062145
336.153 2.80645e-010 1.1808 0.0235993
504.229 2.57965e-010 1.7712 0.109344
672.306 2.60872e-010 2.36161 0.195088
840.382 2.36428e-010 2.95201 0.280832
1008.46 2.38993e-010 3.54241 0.366576
1176.53 2.64922e-010 4.13281 0.452321
1344.61 2.55272e-010 4.72321 0.538065
1512.69 2.84974e-010 5.31361 0.623809
1680.76 2.93545e-010 5.90402 0.709554
1848.84 2.45601e-010 6.49442 0.795298
2016.92 2.62797e-010 7.08482 0.881042
2184.99 2.50331e-010 7.67522 0.966786
2353.07 2.64519e-010 8.26562 1.05253
2521.15 2.76157e-010 8.85602 1.13828
2689.22 2.79911e-010 9.44643 1.22402
2857.3 2.39468e-010 10.0368 1.30976
