168.076 1.56324e-010 0.123267 -0.0287825
336.153 1.80072e-010 0.246534 0.0264012
504.229 1.51035e-010 0.369802 0.081585
672.306 1.62339e-010 0.493069 0.136769
840.382 1.46759e-010 0.616336 0.191953
1008.46 1.41005e-010 0.739603 0.247136
1176.53 1.67252e-010 0.862871 0.30232
1344.61 1.51068e-010 0.986138 0.357504
1512.69 1.72243e-010 1.10941 0.412688
1680.76 1.82817e-010 1.23267 0.467871
1848.84 1.49579e-010 1.35594 0.523055
2016.92 1.63063e-010 1.47921 0.578239
2184.99 1.45913e-010 1.60247 0.633423
2353.07 1.65652e-010 1.72574 0.688607
2521.15 1.66999e-010 1.84901 0.74379
2689.22 1.54973e-010 1.97228 0.798974
2857.3 1.49924e-010 2.09554 0.854158
