276.021 0.383702 4.88326e-011 -0.117078
552.042 0.952924 4.79734e-011 -0.149883
828.063 1.52215 4.72699e-011 -0.182688
1104.08 2.09137 4.82604e-011 -0.215493
1380.1 2.66059 4.75935e-011 -0.248298
1656.13 3.22981 4.78214e-011 -0.281103
1932.15 3.79904 4.78357e-011 -0.313908
2208.17 4.36826 4.82755e-011 -0.346713
2484.19 4.93748 4.74942e-011 -0.379518
2760.21 5.5067 4.67159e-011 -0.412323
3036.23 6.07593 4.77711e-011 -0.445127
3312.25 6.64515 4.7955e-011 -0.477932
3588.27 7.21437 4.81737e-011 -0.510737
3864.29 7.78359 4.76794e-011 -0.543542
4140.31 8.35282 4.80517e-011 -0.576347
4416.33 8.92204 4.91762e-011 -0.609152
4692.36 9.49126 4.83482e-011 -0.641957
