168.076 1.0905e-010 0.0708347 -0.0195493
336.153 1.25768e-010 0.141669 0.0213539
504.229 1.05445e-010 0.212504 0.0622571
672.306 1.13145e-010 0.283339 0.10316
840.382 1.02674e-010 0.354174 0.144063
1008.46 9.86241e-011 0.425008 0.184967
1176.53 1.16857e-010 0.495843 0.22587
1344.61 1.05791e-010 0.566678 0.266773
1512.69 1.20217e-010 0.637512 0.307676
1680.76 1.27733e-010 0.708347 0.348579
1848.84 1.04595e-010 0.779182 0.389482
2016.92 1.13883e-010 0.850017 0.430386
2184.99 1.02051e-010 0.920851 0.471289
2353.07 1.15704e-010 0.991686 0.512192
2521.15 1.16622e-010 1.06252 0.553095
2689.22 1.08182e-010 1.13336 0.593998
2857.3 1.04972e-010 1.20419 0.634901
