276.021 0.238231 -7.68861e-010 -0.0454476
552.042 0.564614 -1.23743e-009 -0.00176401
828.063 0.890996 -1.71182e-009 0.0419195
1104.08 1.21738 -2.19374e-009 0.0856031
1380.1 1.54376 -2.65794e-009 0.129287
1656.13 1.87014 -3.13272e-009 0.17297
1932.15 2.19653 -3.60953e-009 0.216654
2208.17 2.52291 -4.08656e-009 0.260337
2484.19 2.84929 -4.55978e-009 0.304021
2760.21 3.17567 -5.02412e-009 0.347704
3036.23 3.50206 -5.50171e-009 0.391388
3312.25 3.82844 -5.98524e-009 0.435071
3588.27 4.15482 -6.45595e-009 0.478755
3864.29 4.4812 -6.93625e-009 0.522439
4140.31 4.80759 -7.41211e-009 0.566122
4416.33 5.13397 -7.89034e-009 0.609806
4692.36 5.46035 -8.35797e-009 0.653489
