168.076 2.46121e-010 0.466671 -0.0548541
336.153 2.69853e-010 0.933342 0.0267203
504.229 2.55625e-010 1.40001 0.108295
672.306 2.50043e-010 1.86668 0.189869
840.382 2.26113e-010 2.33336 0.271443
1008.46 2.28122e-010 2.80003 0.353018
1176.53 2.63984e-010 3.2667 0.434592
1344.61 2.42381e-010 3.73337 0.516166
1512.69 2.72204e-010 4.20004 0.597741
1680.76 2.9221e-010 4.66671 0.679315
1848.84 2.45203e-010 5.13338 0.760889
2016.92 2.60865e-010 5.60005 0.842464
2184.99 2.41501e-010 6.06672 0.924038
2353.07 2.60673e-010 6.53339 1.00561
2521.15 2.71272e-010 7.00007 1.08719
2689.22 2.72225e-010 7.46674 1.16876
2857.3 2.37561e-010 7.93341 1.25034
