276.021 0.0917641 6.30597e-010 -0.0123432
552.042 0.208442 1.38475e-009 0.026419
828.063 0.325119 2.13561e-009 0.0651811
1104.08 0.441797 2.88252e-009 0.103943
1380.1 0.558475 3.63911e-009 0.142706
1656.13 0.675152 4.38976e-009 0.181468
1932.15 0.79183 5.13935e-009 0.22023
2208.17 0.908508 5.88892e-009 0.258992
2484.19 1.02519 6.64068e-009 0.297754
2760.21 1.14186 7.3971e-009 0.336517
3036.23 1.25854 8.14609e-009 0.375279
3312.25 1.37522 8.89228e-009 0.414041
3588.27 1.4919 9.64522e-009 0.452803
3864.29 1.60857 1.0393e-008 0.491565
4140.31 1.72525 1.11432e-008 0.530327
4416.33 1.84193 1.18919e-008 0.56909
4692.36 1.95861 1.26465e-008 0.607852
