168.076 2.40847e-010 1 -0.0746207
336.153 2.66898e-010 2 0.0149508
504.229 2.43153e-010 3 0.104522
672.306 2.4615e-010 4 0.194094
840.382 2.39886e-010 5 0.283665
1008.46 2.23376e-010 6 0.373237
1176.53 2.52548e-010 7 0.462808
1344.61 2.53005e-010 8 0.55238
1512.69 2.61741e-010 9 0.641951
1680.76 2.64697e-010 10 0.731523
1848.84 2.33108e-010 11 0.821094
2016.92 2.54994e-010 12 0.910666
2184.99 2.44495e-010 13 1.00024
2353.07 2.72038e-010 14 1.08981
2521.15 2.55573e-010 15 1.17938
2689.22 2.52224e-010 16 1.26895
2857.3 2.29067e-010 17 1.35852
