168.076 -1.43567e-010 0.123267 -0.13915
336.153 -1.65155e-010 0.246534 -0.194334
504.229 -1.37076e-010 0.369802 -0.249518
672.306 -1.4931e-010 0.493069 -0.304701
840.382 -1.3353e-010 0.616336 -0.359885
1008.46 -1.27738e-010 0.739603 -0.415069
1176.53 -1.52953e-010 0.862871 -0.470253
1344.61 -1.37334e-010 0.986138 -0.525437
1512.69 -1.57787e-010 1.10941 -0.58062
1680.76 -1.68191e-010 1.23267 -0.635804
1848.84 -1.3686e-010 1.35594 -0.690988
2016.92 -1.48823e-010 1.47921 -0.746172
2184.99 -1.31582e-010 1.60247 -0.801355
2353.07 -1.51834e-010 1.72574 -0.856539
2521.15 -1.5229e-010 1.84901 -0.911723
2689.22 -1.41529e-010 1.97228 -0.966907
2857.3 -1.37156e-010 2.09554 -1.02209
