276.021 0.0917641 5.09609e-012 -0.0524669
552.042 0.208442 4.99843e-012 -0.0676374
828.063 0.325119 4.89658e-012 -0.0828078
1104.08 0.441797 4.99349e-012 -0.0979782
1380.1 0.558475 4.96913e-012 -0.113149
1656.13 0.675152 4.99477e-012 -0.128319
1932.15 0.79183 4.98226e-012 -0.143489
2208.17 0.908508 5.03316e-012 -0.15866
2484.19 1.02519 4.93117e-012 -0.17383
2760.21 1.14186 4.88525e-012 -0.189001
3036.23 1.25854 4.97587e-012 -0.204171
3312.25 1.37522 4.98891e-012 -0.219342
3588.27 1.4919 5.04828e-012 -0.234512
3864.29 1.60857 4.95119e-012 -0.249682
4140.31 1.72525 4.99298e-012 -0.264853
4416.33 1.84193 5.12849e-012 -0.280023
4692.36 1.95861 5.04747e-012 -0.295194
