168.076 -1.97257e-010 0.317503 -0.197245
336.153 -2.13458e-010 0.635005 -0.272536
504.229 -1.89534e-010 0.952508 -0.347827
672.306 -1.9945e-010 1.27001 -0.423118
840.382 -1.7349e-010 1.58751 -0.498409
1008.46 -1.72489e-010 1.90502 -0.5737
1176.53 -2.1256e-010 2.22252 -0.648991
1344.61 -1.83906e-010 2.54002 -0.724281
1512.69 -2.12437e-010 2.85752 -0.799572
1680.76 -2.34551e-010 3.17503 -0.874863
1848.84 -1.85409e-010 3.49253 -0.950154
2016.92 -1.97112e-010 3.81003 -1.02544
2184.99 -1.76057e-010 4.12753 -1.10074
2353.07 -2.07872e-010 4.44504 -1.17603
2521.15 -2.07151e-010 4.76254 -1.25132
2689.22 -1.96818e-010 5.08004 -1.32661
2857.3 -1.92019e-010 5.39754 -1.4019
