168.076 2.7648e-010 0.723285 -0.0681649
336.153 2.99478e-010 1.44657 0.0200071
504.229 2.73828e-010 2.16986 0.108179
672.306 2.78135e-010 2.89314 0.196351
840.382 2.556e-010 3.61643 0.284523
1008.46 2.53109e-010 4.33971 0.372695
1176.53 2.86474e-010 5.063 0.460867
1344.61 2.87509e-010 5.78628 0.549039
1512.69 3.05765e-010 6.50957 0.637211
1680.76 3.00337e-010 7.23285 0.725383
1848.84 2.533e-010 7.95614 0.813555
2016.92 2.79504e-010 8.67942 0.901727
2184.99 2.72751e-010 9.40271 0.989899
2353.07 2.92104e-010 10.126 1.07807
2521.15 2.89789e-010 10.8493 1.16624
2689.22 2.86159e-010 11.5726 1.25442
2857.3 2.61296e-010 12.2958 1.34259
