168.076 2.21e-010 0.317503 -0.0466635
336.153 2.41018e-010 0.635005 0.0286274
504.229 2.16108e-010 0.952508 0.103918
672.306 2.23585e-010 1.27001 0.179209
840.382 1.98422e-010 1.58751 0.2545
1008.46 1.97587e-010 1.90502 0.329791
1176.53 2.3922e-010 2.22252 0.405082
1344.61 2.09636e-010 2.54002 0.480373
1512.69 2.39265e-010 2.85752 0.555664
1680.76 2.61809e-010 3.17503 0.630954
1848.84 2.09077e-010 3.49253 0.706245
2016.92 2.23891e-010 3.81003 0.781536
2184.99 2.03274e-010 4.12753 0.856827
2353.07 2.33487e-010 4.44504 0.932118
2521.15 2.34829e-010 4.76254 1.00741
2689.22 2.22259e-010 5.08004 1.0827
2857.3 2.15596e-010 5.39754 1.15799
