168.076 2.41414e-010 1 -0.0746207
336.153 2.6743e-010 2 0.0149508
504.229 2.43801e-010 3 0.104522
672.306 2.4683e-010 4 0.194094
840.382 2.40503e-010 5 0.283665
1008.46 2.23952e-010 6 0.373237
1176.53 2.53445e-010 7 0.462808
1344.61 2.53571e-010 8 0.55238
1512.69 2.62466e-010 9 0.641951
1680.76 2.65371e-010 10 0.731523
1848.84 2.33709e-010 11 0.821094
2016.92 2.55749e-010 12 0.910666
2184.99 2.4527e-010 13 1.00024
2353.07 2.72355e-010 14 1.08981
2521.15 2.56235e-010 15 1.17938
2689.22 2.53033e-010 16 1.26895
2857.3 2.29728e-010 17 1.35852
