168.076 9.95899e-012 0.237928 -0.104467
336.153 1.15802e-011 0.475855 -0.104467
504.229 1.09694e-011 0.713783 -0.104467
672.306 1.01334e-011 0.95171 -0.104467
840.382 1.03729e-011 1.18964 -0.104467
1008.46 1.0406e-011 1.42757 -0.104467
1176.53 1.11778e-011 1.66549 -0.104467
1344.61 1.07116e-011 1.90342 -0.104467
1512.69 1.12346e-011 2.14135 -0.104467
1680.76 1.14336e-011 2.37928 -0.104467
1848.84 9.86408e-012 2.6172 -0.104467
2016.92 1.11226e-011 2.85513 -0.104467
2184.99 1.12525e-011 3.09306 -0.104467
2353.07 1.07615e-011 3.33099 -0.104467
2521.15 1.15026e-011 3.56891 -0.104467
2689.22 1.04815e-011 3.80684 -0.104467
2857.3 9.92392e-012 4.04477 -0.104467
