168.076 1.50881e-012 0.0211889 -0.0339252
336.153 1.76764e-012 0.0423779 -0.0339252
504.229 1.638e-012 0.0635668 -0.0339252
672.306 1.54858e-012 0.0847557 -0.0339252
840.382 1.55271e-012 0.105945 -0.0339252
1008.46 1.5574e-012 0.127134 -0.0339252
1176.53 1.68572e-012 0.148323 -0.0339252
1344.61 1.6196e-012 0.169511 -0.0339252
1512.69 1.71621e-012 0.1907 -0.0339252
1680.76 1.71595e-012 0.211889 -0.0339252
1848.84 1.51323e-012 0.233078 -0.0339252
2016.92 1.6827e-012 0.254267 -0.0339252
2184.99 1.68657e-012 0.275456 -0.0339252
2353.07 1.64076e-012 0.296645 -0.0339252
2521.15 1.7355e-012 0.317834 -0.0339252
2689.22 1.58843e-012 0.339023 -0.0339252
2857.3 1.50276e-012 0.360212 -0.0339252
