274.553 0.490571 -1.89102e-010 -0.106667
549.081 1.28417 -1.45202e-009 -0.0793856
823.585 2.07783 -2.22196e-009 -0.0525865
1098.06 2.87155 -3.00419e-009 -0.02627
1372.52 3.66534 -3.80254e-009 -0.000436263
1646.95 4.45918 -4.52119e-009 0.0249148
1921.35 5.25309 -5.24088e-009 0.049783
2195.73 6.04706 -6.04214e-009 0.0741682
2470.09 6.84109 -6.78604e-009 0.0980705
2744.42 7.63519 -7.55438e-009 0.12149
3018.72 8.42935 -8.24925e-009 0.144426
3293 9.22356 -8.9815e-009 0.166879
3567.26 10.0178 -9.72716e-009 0.188848
3841.49 10.8122 -1.05886e-008 0.210334
4115.69 11.6066 -1.09695e-008 0.231336
4389.87 12.4011 -1.2109e-008 0.251855
4664.03 13.1956 -1.31005e-008 0.271891
4938.16 13.9902 -1.3615e-008 0.291442
5212.27 14.7848 -1.44075e-008 0.31051
5486.35 15.5796 -1.50986e-008 0.329093
5760.4 16.3743 -1.59257e-008 0.347193
6034.43 17.1692 -1.67265e-008 0.364808
6308.44 17.9641 -1.74337e-008 0.381939
6582.41 18.7591 -1.82926e-008 0.398586
6856.37 19.5541 -1.8957e-008 0.414749
7130.3 20.3492 -1.95134e-008 0.430427
7404.2 21.1444 -2.07587e-008 0.44562
7678.08 21.9396 -2.12714e-008 0.460328
7951.93 22.7349 -2.09545e-008 0.474552
8225.76 23.5302 -2.27617e-008 0.488291
8499.57 24.3256 -2.35265e-008 0.501545
8773.34 25.1211 -2.42665e-008 0.514314
9047.09 25.9166 -2.50537e-008 0.526597
9320.82 26.7122 -2.57923e-008 0.538396
9594.52 27.5079 -2.62364e-008 0.549709
9868.2 28.3036 -2.74392e-008 0.560536
10141.8 29.0994 -2.81044e-008 0.570878
10415.5 29.8953 -2.88599e-008 0.580734
10689.1 30.6912 -2.95522e-008 0.590104
10962.6 31.4872 -3.03936e-008 0.598989
11236.2 32.2832 -3.11568e-008 0.607387
11509.7 33.0794 -3.19097e-008 0.615299
11783.2 33.8755 -3.35841e-008 0.622725
12056.7 34.6718 -3.34538e-008 0.629665
12330.1 35.4681 -3.42673e-008 0.636118
12603.5 36.2644 -3.49744e-008 0.642084
12876.9 37.0609 -3.60596e-008 0.647564
13150.3 37.8574 -3.64033e-008 0.652558
13423.6 38.6539 -3.74509e-008 0.657064
13697 39.4506 -3.80473e-008 0.661083
13970.3 40.2472 -3.88991e-008 0.664615
