274.553 0.0893565 8.93072e-010 -0.0124124
549.081 0.203076 1.47436e-009 0.0263178
823.585 0.316819 2.18752e-009 0.0650198
1098.06 0.430586 2.90829e-009 0.103694
1372.52 0.544377 3.64222e-009 0.142339
1646.95 0.658192 4.40207e-009 0.180957
1921.35 0.772032 5.16657e-009 0.219546
2195.73 0.885895 5.93109e-009 0.258108
2470.09 0.999783 6.71637e-009 0.296642
2744.42 1.1137 7.50835e-009 0.335147
3018.72 1.22763 8.32917e-009 0.373625
3293 1.34159 9.13268e-009 0.412075
3567.26 1.45558 9.97785e-009 0.450497
3841.49 1.56959 1.07779e-008 0.488892
4115.69 1.68363 1.15516e-008 0.527259
4389.87 1.79769 1.2455e-008 0.565598
4664.03 1.91177 1.32631e-008 0.603909
4938.16 2.02588 1.42034e-008 0.642193
5212.27 2.14001 1.50738e-008 0.68045
5486.35 2.25417 1.59796e-008 0.718679
5760.4 2.36836 1.68712e-008 0.75688
6034.43 2.48257 1.78592e-008 0.795054
6308.44 2.5968 1.87055e-008 0.833201
6582.41 2.71107 1.96159e-008 0.871321
6856.37 2.82535 2.05779e-008 0.909413
7130.3 2.93966 2.15358e-008 0.947478
7404.2 3.054 2.24572e-008 0.985515
7678.08 3.16836 2.34561e-008 1.02353
7951.93 3.28275 2.47298e-008 1.06151
8225.76 3.39717 2.54329e-008 1.09947
8499.57 3.51161 2.64358e-008 1.1374
8773.34 3.62607 2.74395e-008 1.1753
9047.09 3.74056 2.84657e-008 1.21317
9320.82 3.85508 2.94956e-008 1.25102
9594.52 3.96962 3.03519e-008 1.28884
9868.2 4.08419 3.158e-008 1.32664
10141.8 4.19879 3.26372e-008 1.36441
10415.5 4.31341 3.37135e-008 1.40215
10689.1 4.42806 3.48041e-008 1.43986
10962.6 4.54274 3.58854e-008 1.47755
11236.2 4.65744 3.69837e-008 1.51521
11509.7 4.77217 3.80958e-008 1.55285
11783.2 4.88692 3.90583e-008 1.59045
12056.7 5.0017 4.03414e-008 1.62804
12330.1 5.11651 4.14691e-008 1.66559
12603.5 5.23134 4.26274e-008 1.70312
12876.9 5.34621 4.39186e-008 1.74062
13150.3 5.46109 4.49735e-008 1.7781
13423.6 5.57601 4.61952e-008 1.81555
13697 5.69095 4.73164e-008 1.85297
13970.3 5.80592 4.8455e-008 1.89037
