274.553 0.219141 8.1505e-011 -0.131204
549.081 0.527914 6.13671e-010 -0.135151
823.585 0.836737 1.02219e-009 -0.139268
1098.06 1.14561 1.36928e-009 -0.143557
1372.52 1.45454 1.75456e-009 -0.148016
1646.95 1.76351 2.08749e-009 -0.152646
1921.35 2.07254 2.42136e-009 -0.157448
2195.73 2.38162 2.78785e-009 -0.162421
2470.09 2.69076 3.12209e-009 -0.167566
2744.42 2.99994 3.42839e-009 -0.172882
3018.72 3.30917 3.75399e-009 -0.178371
3293 3.61846 4.11235e-009 -0.184032
3567.26 3.9278 4.38728e-009 -0.189865
3841.49 4.2372 4.73719e-009 -0.19587
4115.69 4.54664 5.53267e-009 -0.202049
4389.87 4.85614 5.48193e-009 -0.2084
4664.03 5.16569 5.80714e-009 -0.214923
4938.16 5.4753 6.02832e-009 -0.221621
5212.27 5.78495 6.36727e-009 -0.228491
5486.35 6.09467 6.67e-009 -0.235535
5760.4 6.40443 6.96186e-009 -0.242752
6034.43 6.71425 7.04412e-009 -0.250143
6308.44 7.02412 7.56499e-009 -0.257708
6582.41 7.33405 7.9425e-009 -0.265448
6856.37 7.64403 8.15895e-009 -0.273361
7130.3 7.95407 8.58692e-009 -0.281449
7404.2 8.26416 8.69896e-009 -0.289712
7678.08 8.57431 9.02913e-009 -0.29815
7951.93 8.88451 9.06036e-009 -0.306762
8225.76 9.19476 9.59907e-009 -0.31555
8499.57 9.50507 9.8733e-009 -0.324513
8773.34 9.81544 1.019e-008 -0.333651
9047.09 10.1259 1.04235e-008 -0.342965
9320.82 10.4363 1.07108e-008 -0.352455
9594.52 10.7469 1.21704e-008 -0.362121
9868.2 11.0575 1.12225e-008 -0.371963
10141.8 11.3681 1.15253e-008 -0.381982
10415.5 11.6788 1.17789e-008 -0.392177
10689.1 11.9896 1.20347e-008 -0.402548
10962.6 12.3004 1.22706e-008 -0.413097
11236.2 12.6113 1.25304e-008 -0.423823
11509.7 12.9222 1.27739e-008 -0.434726
11783.2 13.2332 1.32043e-008 -0.445806
12056.7 13.5442 1.32725e-008 -0.457064
12330.1 13.8553 1.35121e-008 -0.468499
12603.5 14.1665 1.37585e-008 -0.480113
12876.9 14.4777 1.33582e-008 -0.491905
13150.3 14.789 1.43075e-008 -0.503875
13423.6 15.1003 1.40297e-008 -0.516023
13697 15.4117 1.46968e-008 -0.52835
13970.3 15.7232 1.5032e-008 -0.540856
