274.553 0.0768845 6.51425e-010 -0.0860811
549.081 0.17951 1.51609e-009 -0.0981056
823.585 0.282174 2.30785e-009 -0.110179
1098.06 0.384876 3.09226e-009 -0.122302
1372.52 0.487615 3.8969e-009 -0.134475
1646.95 0.590392 4.68958e-009 -0.146697
1921.35 0.693208 5.49635e-009 -0.158968
2195.73 0.796061 6.32612e-009 -0.17129
2470.09 0.898952 7.15234e-009 -0.183662
2744.42 1.00188 7.98152e-009 -0.196083
3018.72 1.10485 8.82021e-009 -0.208555
3293 1.20786 9.69264e-009 -0.221077
3567.26 1.3109 1.05301e-008 -0.23365
3841.49 1.41398 1.14299e-008 -0.246273
4115.69 1.5171 1.25269e-008 -0.258947
4389.87 1.62026 1.32551e-008 -0.271672
4664.03 1.72346 1.41829e-008 -0.284448
4938.16 1.8267 1.50421e-008 -0.297276
5212.27 1.92997 1.59808e-008 -0.310154
5486.35 2.03329 1.69092e-008 -0.323084
5760.4 2.13664 1.78515e-008 -0.336066
6034.43 2.24003 1.86827e-008 -0.349099
6308.44 2.34346 1.97687e-008 -0.362184
6582.41 2.44693 2.07726e-008 -0.375321
6856.37 2.55044 2.17244e-008 -0.38851
7130.3 2.65399 2.27699e-008 -0.401752
7404.2 2.75758 2.37105e-008 -0.415046
7678.08 2.8612 2.47314e-008 -0.428392
7951.93 2.96487 2.55452e-008 -0.441791
8225.76 3.06857 2.67819e-008 -0.455243
8499.57 3.17232 2.78179e-008 -0.468748
8773.34 3.2761 2.88846e-008 -0.482306
9047.09 3.37992 2.99262e-008 -0.495917
9320.82 3.48379 3.10002e-008 -0.509581
9594.52 3.58769 3.25809e-008 -0.523299
9868.2 3.69163 3.31484e-008 -0.537071
10141.8 3.79561 3.42705e-008 -0.550896
10415.5 3.89964 3.53703e-008 -0.564775
10689.1 4.0037 3.64813e-008 -0.578708
10962.6 4.1078 3.76012e-008 -0.592696
11236.2 4.21194 3.87378e-008 -0.606738
11509.7 4.31612 3.9878e-008 -0.620834
11783.2 4.42034 4.11478e-008 -0.634985
12056.7 4.5246 4.21953e-008 -0.649191
12330.1 4.62891 4.33683e-008 -0.663451
12603.5 4.73325 4.45495e-008 -0.677767
12876.9 4.83763 4.54214e-008 -0.692137
13150.3 4.94205 4.69564e-008 -0.706563
13423.6 5.04652 4.79628e-008 -0.721045
13697 5.15102 4.93681e-008 -0.735582
13970.3 5.25557 5.06602e-008 -0.750175
