274.553 0.128155 1.2818e-010 -0.112165
549.081 0.301861 5.82029e-010 -0.121758
823.585 0.475613 9.31621e-010 -0.131435
1098.06 0.64941 1.25619e-009 -0.141197
1372.52 0.823252 1.60708e-009 -0.151044
1646.95 0.99714 1.93018e-009 -0.160975
1921.35 1.17107 2.26551e-009 -0.170991
2195.73 1.34505 2.62723e-009 -0.181093
2470.09 1.51908 2.97562e-009 -0.19128
2744.42 1.69315 3.31739e-009 -0.201552
3018.72 1.86727 3.66892e-009 -0.21191
3293 2.04143 4.06156e-009 -0.222354
3567.26 2.21564 4.39466e-009 -0.232883
3841.49 2.3899 4.80391e-009 -0.243499
4115.69 2.5642 5.50295e-009 -0.254201
4389.87 2.73855 5.65073e-009 -0.26499
4664.03 2.91295 6.07519e-009 -0.275865
4938.16 3.08739 6.40092e-009 -0.286827
5212.27 3.26188 6.83226e-009 -0.297876
5486.35 3.43642 7.23953e-009 -0.309012
5760.4 3.61101 7.65975e-009 -0.320236
6034.43 3.78564 7.9258e-009 -0.331547
6308.44 3.96032 8.52307e-009 -0.342945
6582.41 4.13505 9.01458e-009 -0.354431
6856.37 4.30982 9.41092e-009 -0.366006
7130.3 4.48464 9.94144e-009 -0.377668
7404.2 4.65951 1.03055e-008 -0.389419
7678.08 4.83443 1.07885e-008 -0.401258
7951.93 5.0094 1.10072e-008 -0.413186
8225.76 5.18441 1.17349e-008 -0.425202
8499.57 5.35948 1.22121e-008 -0.437308
8773.34 5.53459 1.27262e-008 -0.449502
9047.09 5.70975 1.31937e-008 -0.461786
9320.82 5.88496 1.37023e-008 -0.47416
9594.52 6.06021 1.4968e-008 -0.486623
9868.2 6.23552 1.47007e-008 -0.499176
10141.8 6.41088 1.52486e-008 -0.511819
10415.5 6.58628 1.57632e-008 -0.524552
10689.1 6.76173 1.62846e-008 -0.537375
10962.6 6.93724 1.68122e-008 -0.550289
11236.2 7.11279 1.73559e-008 -0.563294
11509.7 7.28839 1.78968e-008 -0.576389
11783.2 7.46404 1.86135e-008 -0.589575
12056.7 7.63974 1.90098e-008 -0.602853
12330.1 7.81549 1.95736e-008 -0.616222
12603.5 7.99129 2.01434e-008 -0.629682
12876.9 8.16714 2.02798e-008 -0.643235
13150.3 8.34305 2.13278e-008 -0.656879
13423.6 8.519 2.16054e-008 -0.670615
13697 8.695 2.24784e-008 -0.684443
13970.3 8.87105 2.3164e-008 -0.698364
