274.553 0.564917 2.81093e-009 -0.120631
549.081 1.56494 4.38125e-009 -0.100635
823.585 2.56501 6.48179e-009 -0.0812487
1098.06 3.5651 8.55709e-009 -0.0624728
1372.52 4.56523 1.06028e-008 -0.0443074
1646.95 5.56539 1.27561e-008 -0.0267524
1921.35 6.56558 1.4913e-008 -0.00980785
2195.73 7.56581 1.69527e-008 0.00652612
2470.09 8.56607 1.9071e-008 0.0222495
2744.42 9.56637 2.11507e-008 0.0373623
3018.72 10.5667 2.33272e-008 0.0518644
3293 11.5671 2.55057e-008 0.0657559
3567.26 12.5675 2.7575e-008 0.0790365
3841.49 13.5679 2.95717e-008 0.0917064
4115.69 14.5683 3.23365e-008 0.103765
4389.87 15.5688 3.37898e-008 0.115214
4664.03 16.5694 3.56405e-008 0.126051
4938.16 17.5699 3.80013e-008 0.136277
5212.27 18.5705 4.00806e-008 0.145892
5486.35 19.5712 4.22924e-008 0.154896
5760.4 20.5718 4.429e-008 0.163289
6034.43 21.5725 4.63079e-008 0.171071
6308.44 22.5732 4.85242e-008 0.178242
6582.41 23.574 5.05322e-008 0.184801
6856.37 24.5748 5.27395e-008 0.190749
7130.3 25.5756 5.51822e-008 0.196085
7404.2 26.5765 5.65519e-008 0.20081
7678.08 27.5774 5.90244e-008 0.204924
7951.93 28.5783 6.24488e-008 0.208426
8225.76 29.5793 6.32935e-008 0.211316
8499.57 30.5803 6.54003e-008 0.213595
8773.34 31.5813 6.75585e-008 0.215262
9047.09 32.5823 6.96242e-008 0.216317
9320.82 33.5834 7.1769e-008 0.21676
9594.52 34.5846 7.46646e-008 0.216591
9868.2 35.5857 7.58609e-008 0.215811
10141.8 36.5869 7.80944e-008 0.214418
10415.5 37.5881 8.02073e-008 0.212413
10689.1 38.5894 8.24325e-008 0.209796
10962.6 39.5907 8.44236e-008 0.206567
11236.2 40.592 8.65416e-008 0.202726
11509.7 41.5934 8.86678e-008 0.198272
11783.2 42.5948 8.9557e-008 0.193206
12056.7 43.5962 9.28862e-008 0.187527
12330.1 44.5976 9.49486e-008 0.181236
12603.5 45.5991 9.71291e-008 0.174332
12876.9 46.6006 9.87337e-008 0.166815
13150.3 47.6022 1.01543e-007 0.158686
13423.6 48.6038 1.03098e-007 0.149944
13697 49.6054 1.05588e-007 0.140589
13970.3 50.6071 1.07598e-007 0.13062
