274.553 0.0150114 2.68911e-009 -0.0511843
549.081 0.0342329 5.39705e-009 -0.0606956
823.585 0.053469 8.06421e-009 -0.0702292
1098.06 0.0727197 1.07349e-008 -0.0797853
1372.52 0.0919849 1.34147e-008 -0.0893639
1646.95 0.111265 1.60928e-008 -0.0989651
1921.35 0.130559 1.87811e-008 -0.108589
2195.73 0.149868 2.14818e-008 -0.118235
2470.09 0.169191 2.41842e-008 -0.127905
2744.42 0.188529 2.68929e-008 -0.137597
3018.72 0.207882 2.96043e-008 -0.147312
3293 0.227249 3.23377e-008 -0.157049
3567.26 0.246631 3.50554e-008 -0.16681
3841.49 0.266027 3.78111e-008 -0.176594
4115.69 0.285438 4.06428e-008 -0.186401
4389.87 0.304863 4.33317e-008 -0.196231
4664.03 0.324303 4.61135e-008 -0.206084
4938.16 0.343757 4.88512e-008 -0.215961
5212.27 0.363226 5.16355e-008 -0.22586
5486.35 0.382709 5.44161e-008 -0.235784
5760.4 0.402207 5.72094e-008 -0.24573
6034.43 0.42172 5.99525e-008 -0.2557
6308.44 0.441247 6.28159e-008 -0.265694
6582.41 0.460788 6.56441e-008 -0.275711
6856.37 0.480344 6.84518e-008 -0.285752
7130.3 0.499914 7.12972e-008 -0.295817
7404.2 0.519499 7.41195e-008 -0.305905
7678.08 0.539099 7.69617e-008 -0.316018
7951.93 0.558713 7.96916e-008 -0.326154
8225.76 0.578342 8.26694e-008 -0.336314
8499.57 0.597985 8.55327e-008 -0.346498
8773.34 0.617642 8.84125e-008 -0.356706
9047.09 0.637314 9.12851e-008 -0.366939
9320.82 0.657001 9.41743e-008 -0.377195
9594.52 0.676702 9.72686e-008 -0.387476
9868.2 0.696417 9.99638e-008 -0.397781
10141.8 0.716147 1.02883e-007 -0.408111
10415.5 0.735891 1.05795e-007 -0.418465
10689.1 0.75565 1.08714e-007 -0.428844
10962.6 0.775424 1.11644e-007 -0.439247
11236.2 0.795212 1.14582e-007 -0.449675
11509.7 0.815014 1.17524e-007 -0.460127
11783.2 0.834831 1.20535e-007 -0.470604
12056.7 0.854662 1.23435e-007 -0.481106
12330.1 0.874508 1.26403e-007 -0.491633
12603.5 0.894369 1.29374e-007 -0.502185
12876.9 0.914243 1.32202e-007 -0.512762
13150.3 0.934133 1.35351e-007 -0.523364
13423.6 0.954036 1.38257e-007 -0.533991
13697 0.973954 1.41336e-007 -0.544643
13970.3 0.993887 1.44373e-007 -0.555321
