274.553 0.492004 1.25354e-009 -0.106667
549.081 1.2891 1.4685e-009 -0.0793878
823.585 2.08626 2.17805e-009 -0.052593
1098.06 2.88347 2.8753e-009 -0.026283
1372.52 3.68076 3.55714e-009 -0.000457872
1646.95 4.4781 4.31915e-009 0.0248822
1921.35 5.2755 5.08056e-009 0.0497373
2195.73 6.07297 5.76065e-009 0.0741072
2470.09 6.87049 6.49866e-009 0.0979919
2744.42 7.66808 7.21229e-009 0.121391
3018.72 8.46574 8.00033e-009 0.144305
3293 9.26345 8.75146e-009 0.166734
3567.26 10.0612 9.48886e-009 0.188677
3841.49 10.8591 1.01111e-008 0.210134
4115.69 11.657 1.12181e-008 0.231106
4389.87 12.4549 1.15602e-008 0.251592
4664.03 13.253 1.20531e-008 0.271591
4938.16 14.051 1.30245e-008 0.291105
5212.27 14.8492 1.37177e-008 0.310133
5486.35 15.6474 1.45132e-008 0.328675
5760.4 16.4457 1.51723e-008 0.34673
6034.43 17.244 1.58578e-008 0.364299
6308.44 18.0424 1.66387e-008 0.381382
6582.41 18.8409 1.72675e-008 0.397978
6856.37 19.6394 1.80914e-008 0.414087
7130.3 20.438 1.9025e-008 0.42971
7404.2 21.2366 1.92655e-008 0.444846
7678.08 22.0354 2.02433e-008 0.459494
7951.93 22.8341 2.20529e-008 0.473656
8225.76 23.633 2.17328e-008 0.487331
8499.57 24.4319 2.24583e-008 0.500519
8773.34 25.2308 2.32092e-008 0.513219
9047.09 26.0299 2.39128e-008 0.525432
9320.82 26.829 2.46658e-008 0.537157
9594.52 27.6281 2.57198e-008 0.548395
9868.2 28.4273 2.60021e-008 0.559145
10141.8 29.2266 2.68299e-008 0.569407
10415.5 30.026 2.75671e-008 0.579181
10689.1 30.8254 2.83684e-008 0.588467
10962.6 31.6248 2.902e-008 0.597266
11236.2 32.4244 2.97505e-008 0.605575
11509.7 33.224 3.04918e-008 0.613397
11783.2 34.0237 3.03088e-008 0.62073
12056.7 34.8234 3.19369e-008 0.627575
12330.1 35.6232 3.26183e-008 0.633931
12603.5 36.423 3.3407e-008 0.639798
12876.9 37.2229 3.38138e-008 0.645176
13150.3 38.0229 3.49709e-008 0.650065
13423.6 38.823 3.54159e-008 0.654465
13697 39.6231 3.63188e-008 0.658376
13970.3 40.4233 3.69637e-008 0.661798
