274.553 0.478171 -1.10375e-009 -0.163742
549.081 1.26023 -1.56617e-009 -0.138125
823.585 2.04234 -2.1109e-009 -0.113003
1098.06 2.82449 -2.87058e-009 -0.0883753
1372.52 3.6067 -3.43835e-009 -0.0642414
1646.95 4.38895 -4.14417e-009 -0.0406018
1921.35 5.17126 -4.87399e-009 -0.0174565
2195.73 5.95361 -5.47708e-009 0.00519448
2470.09 6.73601 -6.17089e-009 0.027351
2744.42 7.51846 -6.94198e-009 0.0490129
3018.72 8.30096 -7.59205e-009 0.0701803
3293 9.08352 -8.2269e-009 0.090853
3567.26 9.86612 -9.01448e-009 0.111031
3841.49 10.6488 -9.69578e-009 0.130714
4115.69 11.4315 -9.38699e-009 0.149902
4389.87 12.2142 -1.07901e-008 0.168595
4664.03 12.997 -1.15784e-008 0.186794
4938.16 13.7799 -1.23844e-008 0.204496
5212.27 14.5628 -1.30283e-008 0.221704
5486.35 15.3457 -1.37135e-008 0.238417
5760.4 16.1287 -1.44569e-008 0.254634
6034.43 16.9118 -1.54998e-008 0.270355
6308.44 17.6949 -1.58378e-008 0.285581
6582.41 18.478 -1.6348e-008 0.300312
6856.37 19.2612 -1.72186e-008 0.314546
7130.3 20.0445 -1.7488e-008 0.328285
7404.2 20.8278 -1.87673e-008 0.341528
7678.08 21.6111 -1.93009e-008 0.354275
7951.93 22.3945 -2.01666e-008 0.366526
8225.76 23.178 -2.06666e-008 0.378281
8499.57 23.9615 -2.13693e-008 0.389539
8773.34 24.7451 -2.19898e-008 0.400301
9047.09 25.5287 -2.27672e-008 0.410567
9320.82 26.3123 -2.34157e-008 0.420336
9594.52 27.096 -2.12576e-008 0.429609
9868.2 27.8798 -2.49007e-008 0.438384
10141.8 28.6636 -2.54945e-008 0.446663
10415.5 29.4475 -2.6178e-008 0.454446
10689.1 30.2314 -2.68707e-008 0.461731
10962.6 31.0154 -2.76265e-008 0.468519
11236.2 31.7994 -2.83062e-008 0.47481
11509.7 32.5834 -2.90176e-008 0.480603
11783.2 33.3676 -2.93372e-008 0.485899
12056.7 34.1517 -3.03908e-008 0.490698
12330.1 34.936 -3.1129e-008 0.494999
12603.5 35.7202 -3.17868e-008 0.498803
12876.9 36.5046 -3.39183e-008 0.502109
13150.3 37.2889 -3.2836e-008 0.504916
13423.6 38.0734 -3.49435e-008 0.507226
13697 38.8579 -3.45712e-008 0.509038
13970.3 39.6424 -3.51858e-008 0.510352
