274.553 0.531962 1.91625e-010 -0.13714
549.081 1.4332 -3.95926e-011 -0.174898
823.585 2.33444 -6.72181e-012 -0.213202
1098.06 3.2357 -4.29304e-011 -0.252051
1372.52 4.13697 -3.88012e-011 -0.291445
1646.95 5.03825 -1.19613e-011 -0.331384
1921.35 5.93954 7.64578e-012 -0.371869
2195.73 6.84085 9.41881e-013 -0.412899
2470.09 7.74217 1.18337e-011 -0.454474
2744.42 8.6435 -2.66032e-011 -0.496595
3018.72 9.54484 2.41599e-011 -0.539261
3293 10.4462 8.51374e-011 -0.582473
3567.26 11.3476 1.20514e-011 -0.626231
3841.49 12.2489 -2.29948e-011 -0.670534
4115.69 13.1503 6.59239e-010 -0.715383
4389.87 14.0517 6.90137e-011 -0.760777
4664.03 14.9531 -5.48073e-011 -0.806718
4938.16 15.8546 7.08226e-012 -0.853204
5212.27 16.756 4.00307e-012 -0.900236
5486.35 17.6575 6.4038e-011 -0.947815
5760.4 18.5589 -1.14002e-011 -0.995939
6034.43 19.4604 -1.56037e-010 -1.04461
6308.44 20.3619 -2.2356e-013 -1.09383
6582.41 21.2634 -1.57815e-011 -1.14359
6856.37 22.1649 -3.93457e-013 -1.1939
7130.3 23.0664 2.91344e-010 -1.24475
7404.2 23.968 -2.69331e-010 -1.29615
7678.08 24.8695 -2.24873e-011 -1.3481
7951.93 25.7711 5.85495e-010 -1.4006
8225.76 26.6727 6.08318e-012 -1.45364
8499.57 27.5743 1.99734e-012 -1.50723
8773.34 28.4759 4.55359e-011 -1.56136
9047.09 29.3775 -3.35784e-012 -1.61604
9320.82 30.2791 3.03444e-011 -1.67127
9594.52 31.1808 1.20799e-009 -1.72704
9868.2 32.0824 -9.3943e-011 -1.78336
10141.8 32.9841 1.86723e-011 -1.84023
10415.5 33.8858 2.28726e-011 -1.89765
10689.1 34.7875 8.08684e-011 -1.95561
10962.6 35.6892 -2.09103e-012 -2.01412
11236.2 36.5909 4.20627e-012 -2.07318
11509.7 37.4926 6.1805e-012 -2.13278
11783.2 38.3943 -5.44277e-010 -2.19294
12056.7 39.2961 2.76024e-012 -2.25364
12330.1 40.1979 -4.23491e-011 -2.31488
12603.5 41.0997 5.31454e-012 -2.37668
12876.9 42.0015 -6.96669e-010 -2.43902
13150.3 42.9033 1.8129e-010 -2.50191
13423.6 43.8051 -4.89425e-010 -2.56535
13697 44.7069 -3.86006e-012 -2.62933
13970.3 45.6088 -5.09452e-011 -2.69387
