274.553 0.364026 2.57919e-010 -0.154686
549.081 0.913863 1.09655e-009 -0.143796
823.585 1.46376 1.82822e-009 -0.133244
1098.06 2.0137 2.43414e-009 -0.12303
1372.52 2.56371 3.13667e-009 -0.113155
1646.95 3.11377 3.75422e-009 -0.103618
1921.35 3.66389 4.35978e-009 -0.0944199
2195.73 4.21406 5.04711e-009 -0.0855604
2470.09 4.7643 5.67736e-009 -0.0770397
2744.42 5.31459 6.25095e-009 -0.0688581
3018.72 5.86493 6.89111e-009 -0.0610155
3293 6.41534 7.56989e-009 -0.0535121
3567.26 6.9658 8.12721e-009 -0.0463481
3841.49 7.51632 8.78319e-009 -0.0395235
4115.69 8.0669 1.01585e-008 -0.0330386
4389.87 8.61753 1.0236e-008 -0.0268933
4664.03 9.16822 1.08388e-008 -0.0210879
4938.16 9.71898 1.13558e-008 -0.0156224
5212.27 10.2698 1.20295e-008 -0.0104971
5486.35 10.8207 1.26624e-008 -0.00571192
5760.4 11.3716 1.32638e-008 -0.00126714
6034.43 11.9226 1.36113e-008 0.00283716
6308.44 12.4736 1.45316e-008 0.00660084
6582.41 13.0247 1.53062e-008 0.0100238
6856.37 13.5759 1.58014e-008 0.0131058
7130.3 14.1271 1.6716e-008 0.0158469
7404.2 14.6784 1.697e-008 0.0182468
7678.08 15.2297 1.77025e-008 0.0203054
7951.93 15.7811 1.80625e-008 0.0220226
8225.76 16.3326 1.89816e-008 0.0233983
8499.57 16.8841 1.96089e-008 0.0244322
8773.34 17.4357 2.03076e-008 0.0251244
9047.09 17.9874 2.08736e-008 0.0254746
9320.82 18.5391 2.15357e-008 0.0254827
9594.52 19.0908 2.42423e-008 0.0251485
9868.2 19.6427 2.27518e-008 0.024472
10141.8 20.1945 2.3461e-008 0.023453
10415.5 20.7465 2.40914e-008 0.0220913
10689.1 21.2985 2.47326e-008 0.0203868
10962.6 21.8506 2.53214e-008 0.0183394
11236.2 22.4027 2.59687e-008 0.0159489
11509.7 22.9549 2.65933e-008 0.0132152
11783.2 23.5072 2.74936e-008 0.0101381
12056.7 24.0595 2.78762e-008 0.00671751
12330.1 24.6119 2.8496e-008 0.00295325
12603.5 25.1643 2.91486e-008 -0.00115481
12876.9 25.7168 2.87014e-008 -0.00560683
13150.3 26.2694 3.06469e-008 -0.0104029
13423.6 26.822 3.0325e-008 -0.0155433
13697 27.3747 3.1698e-008 -0.0210281
13970.3 27.9275 3.24297e-008 -0.0268573
