274.553 0.0749335 7.04366e-010 -0.0860808
549.081 0.17484 1.61963e-009 -0.0981037
823.585 0.274784 2.4615e-009 -0.110174
1098.06 0.374766 3.29644e-009 -0.122293
1372.52 0.474785 4.15129e-009 -0.13446
1646.95 0.574841 4.99436e-009 -0.146675
1921.35 0.674935 5.85152e-009 -0.158938
2195.73 0.775067 6.73153e-009 -0.17125
2470.09 0.875237 7.60808e-009 -0.18361
2744.42 0.975444 8.48776e-009 -0.19602
3018.72 1.07569 9.37661e-009 -0.208478
3293 1.17597 1.02992e-008 -0.220985
3567.26 1.27629 1.1187e-008 -0.233541
3841.49 1.37665 1.21373e-008 -0.246147
4115.69 1.47705 1.3282e-008 -0.258802
4389.87 1.57748 1.40624e-008 -0.271506
4664.03 1.67796 1.50411e-008 -0.28426
4938.16 1.77847 1.59503e-008 -0.297064
5212.27 1.87902 1.69391e-008 -0.309918
5486.35 1.97961 1.79176e-008 -0.322822
5760.4 2.08023 1.89103e-008 -0.335776
6034.43 2.1809 1.97926e-008 -0.348781
6308.44 2.2816 2.09277e-008 -0.361836
6582.41 2.38234 2.19814e-008 -0.374942
6856.37 2.48312 2.29836e-008 -0.388098
7130.3 2.58394 2.40781e-008 -0.401306
7404.2 2.6848 2.50704e-008 -0.414564
7678.08 2.7857 2.61409e-008 -0.427874
7951.93 2.88663 2.70036e-008 -0.441235
8225.76 2.98761 2.82913e-008 -0.454647
8499.57 3.08862 2.93774e-008 -0.468111
8773.34 3.18967 3.04938e-008 -0.481626
9047.09 3.29076 3.15855e-008 -0.495194
9320.82 3.3919 3.27094e-008 -0.508813
9594.52 3.49307 3.43335e-008 -0.522485
9868.2 3.59427 3.49577e-008 -0.536209
10141.8 3.69552 3.61294e-008 -0.549985
10415.5 3.79681 3.7279e-008 -0.563814
10689.1 3.89814 3.84398e-008 -0.577695
10962.6 3.9995 3.96097e-008 -0.59163
11236.2 4.10091 4.0796e-008 -0.605617
11509.7 4.20236 4.19861e-008 -0.619657
11783.2 4.30384 4.33058e-008 -0.633751
12056.7 4.40537 4.44029e-008 -0.647898
12330.1 4.50693 4.56258e-008 -0.662098
12603.5 4.60854 4.68564e-008 -0.676353
12876.9 4.71018 4.77817e-008 -0.690661
13150.3 4.81187 4.9362e-008 -0.705022
13423.6 4.91359 5.04212e-008 -0.719438
13697 5.01536 5.18736e-008 -0.733909
13970.3 5.11716 5.32151e-008 -0.748433
