274.553 0.143656 -2.68598e-010 -0.112168
549.081 0.340119 -1.93706e-010 -0.121778
823.585 0.536627 -2.18411e-010 -0.131486
1098.06 0.733181 -2.7211e-010 -0.141292
1372.52 0.929781 -2.96337e-010 -0.151197
1646.95 1.12643 -3.50096e-010 -0.161201
1921.35 1.32312 -3.91886e-010 -0.171304
2195.73 1.51985 -4.05704e-010 -0.181506
2470.09 1.71664 -4.33854e-010 -0.191807
2744.42 1.91347 -4.70157e-010 -0.202208
3018.72 2.11034 -4.93586e-010 -0.212708
3293 2.30727 -4.76506e-010 -0.223309
3567.26 2.50424 -5.20238e-010 -0.234009
3841.49 2.70125 -4.88752e-010 -0.244809
4115.69 2.89832 -1.43475e-010 -0.25571
4389.87 3.09543 -3.88943e-010 -0.266711
4664.03 3.29258 -3.45953e-010 -0.277813
4938.16 3.48979 -3.94326e-010 -0.289015
5212.27 3.68704 -3.38169e-010 -0.300319
5486.35 3.88434 -3.05862e-010 -0.311724
5760.4 4.08168 -2.62723e-010 -0.32323
6034.43 4.27908 -3.80307e-010 -0.334837
6308.44 4.47652 -1.50173e-010 -0.346546
6582.41 4.67401 -3.13249e-011 -0.358357
6856.37 4.87155 -1.28352e-011 -0.37027
7130.3 5.06914 1.52445e-010 -0.382285
7404.2 5.26677 1.259e-010 -0.394402
7678.08 5.46445 2.39129e-010 -0.406622
7951.93 5.66219 9.30541e-011 -0.418945
8225.76 5.85997 4.36633e-010 -0.43137
8499.57 6.0578 5.3894e-010 -0.443898
8773.34 6.25568 6.80268e-010 -0.45653
9047.09 6.4536 7.7137e-010 -0.469264
9320.82 6.65158 9.06552e-010 -0.482103
9594.52 6.84961 1.85673e-009 -0.495045
9868.2 7.04768 1.15347e-009 -0.50809
10141.8 7.24581 1.33045e-009 -0.52124
10415.5 7.44398 1.47129e-009 -0.534494
10689.1 7.64221 1.61942e-009 -0.547853
10962.6 7.84048 1.77152e-009 -0.561316
11236.2 8.0388 1.94186e-009 -0.574883
11509.7 8.23718 2.10902e-009 -0.588556
11783.2 8.4356 2.45085e-009 -0.602333
12056.7 8.63408 2.4754e-009 -0.616216
12330.1 8.83261 2.66457e-009 -0.630205
12603.5 9.03118 2.86279e-009 -0.644298
12876.9 9.22981 2.59427e-009 -0.658498
13150.3 9.42849 3.30862e-009 -0.672804
13423.6 9.62722 3.18423e-009 -0.687215
13697 9.826 3.70638e-009 -0.701733
13970.3 10.0248 4.0211e-009 -0.716358
