274.553 0.523079 1.63168e-009 -0.11604
549.081 1.39894 2.17271e-009 -0.0934505
823.585 2.27485 3.22391e-009 -0.0713974
1098.06 3.15081 4.26546e-009 -0.0498804
1372.52 4.02682 5.27553e-009 -0.0288996
1646.95 4.90288 6.38125e-009 -0.00845494
1921.35 5.77899 7.48789e-009 0.0114534
2195.73 6.65515 8.49559e-009 0.0308254
2470.09 7.53136 9.571e-009 0.0496609
2744.42 8.40762 1.06161e-008 0.0679599
3018.72 9.28394 1.17414e-008 0.0857224
3293 10.1603 1.28501e-008 0.102948
3567.26 11.0367 1.39088e-008 0.119637
3841.49 11.9132 1.48579e-008 0.13579
4115.69 12.7897 1.64006e-008 0.151405
4389.87 13.6663 1.69755e-008 0.166484
4664.03 14.5429 1.779e-008 0.181025
4938.16 15.4196 1.91052e-008 0.19503
5212.27 16.2963 2.01326e-008 0.208497
5486.35 17.173 2.12787e-008 0.221427
5760.4 18.0499 2.2249e-008 0.23382
6034.43 18.9267 2.32388e-008 0.245675
6308.44 19.8037 2.43804e-008 0.256993
6582.41 20.6806 2.53402e-008 0.267774
6856.37 21.5577 2.6494e-008 0.278016
7130.3 22.4347 2.78228e-008 0.287722
7404.2 23.3119 2.82791e-008 0.296889
7678.08 24.1891 2.96296e-008 0.305518
7951.93 25.0663 3.18791e-008 0.31361
8225.76 25.9436 3.17818e-008 0.321163
8499.57 26.8209 3.28351e-008 0.328178
8773.34 27.6983 3.39218e-008 0.334655
9047.09 28.5757 3.4946e-008 0.340594
9320.82 29.4532 3.60275e-008 0.345995
9594.52 30.3307 3.75684e-008 0.350856
9868.2 31.2083 3.80143e-008 0.35518
10141.8 32.086 3.91743e-008 0.358965
10415.5 32.9637 4.02332e-008 0.362211
10689.1 33.8414 4.13777e-008 0.364918
10962.6 34.7192 4.23332e-008 0.367086
11236.2 35.597 4.33896e-008 0.368715
11509.7 36.4749 4.44549e-008 0.369806
11783.2 37.3529 4.4456e-008 0.370357
12056.7 38.2309 4.65451e-008 0.370368
12330.1 39.1089 4.75518e-008 0.369841
12603.5 39.987 4.86627e-008 0.368774
12876.9 40.8652 4.93293e-008 0.367167
13150.3 41.7434 5.09022e-008 0.36502
13423.6 42.6217 5.15853e-008 0.362334
13697 43.5 5.28595e-008 0.359108
13970.3 44.3783 5.38169e-008 0.355343
