274.553 0.14596 -8.88217e-011 -0.112169
549.081 0.345806 1.77484e-010 -0.121781
823.585 0.545697 3.3261e-010 -0.131493
1098.06 0.745634 4.46001e-010 -0.141306
1372.52 0.945616 5.77127e-010 -0.15122
1646.95 1.14564 6.66251e-010 -0.161235
1921.35 1.34572 7.55136e-010 -0.17135
2195.73 1.54584 8.59998e-010 -0.181567
2470.09 1.74601 9.38299e-010 -0.191886
2744.42 1.94622 9.95959e-010 -0.202305
3018.72 2.14648 1.05485e-009 -0.212827
3293 2.34678 1.14202e-009 -0.223451
3567.26 2.54714 1.15614e-009 -0.234176
3841.49 2.74753 1.23312e-009 -0.245004
4115.69 2.94798 1.61538e-009 -0.255934
4389.87 3.14847 1.38896e-009 -0.266967
4664.03 3.34901 1.44057e-009 -0.278102
4938.16 3.5496 1.38986e-009 -0.289341
5212.27 3.75024 1.43141e-009 -0.300682
5486.35 3.95092 1.43702e-009 -0.312127
5760.4 4.15165 1.44112e-009 -0.323675
6034.43 4.35243 1.27146e-009 -0.335326
6308.44 4.55325 1.44001e-009 -0.347081
6582.41 4.75413 1.4844e-009 -0.358941
6856.37 4.95505 1.41559e-009 -0.370904
7130.3 5.15602 1.48334e-009 -0.382971
7404.2 5.35704 1.34358e-009 -0.395143
7678.08 5.55811 1.33462e-009 -0.407419
7951.93 5.75922 1.05515e-009 -0.419801
8225.76 5.96039 1.25045e-009 -0.432287
8499.57 6.1616 1.19391e-009 -0.444878
8773.34 6.36286 1.1647e-009 -0.457574
9047.09 6.56418 1.07275e-009 -0.470376
9320.82 6.76554 1.01338e-009 -0.483283
9594.52 6.96695 1.76569e-009 -0.496296
9868.2 7.16841 8.34711e-010 -0.509416
10141.8 7.36992 7.81594e-010 -0.522641
10415.5 7.57148 6.80121e-010 -0.535972
10689.1 7.77309 5.74147e-010 -0.54941
10962.6 7.97475 4.59846e-010 -0.562955
11236.2 8.17646 3.52226e-010 -0.576606
11509.7 8.37822 2.29521e-010 -0.590364
11783.2 8.58003 2.69403e-010 -0.60423
12056.7 8.78189 -1.93435e-011 -0.618203
12330.1 8.9838 -1.55696e-010 -0.632283
12603.5 9.18576 -2.94508e-010 -0.646471
12876.9 9.38777 -9.16848e-010 -0.660767
13150.3 9.58984 -5.57495e-010 -0.675171
13423.6 9.79195 -1.05888e-009 -0.689683
13697 9.99412 -9.17913e-010 -0.704303
13970.3 10.1963 -9.99083e-010 -0.719032
