274.553 0.296415 2.37051e-010 -0.145013
549.081 0.728786 9.77005e-010 -0.141784
823.585 1.16121 1.61119e-009 -0.138811
1098.06 1.59369 2.15285e-009 -0.136094
1372.52 2.02623 2.75811e-009 -0.133634
1646.95 2.45882 3.2963e-009 -0.131431
1921.35 2.89146 3.83074e-009 -0.129484
2195.73 3.32416 4.42088e-009 -0.127793
2470.09 3.75692 4.96838e-009 -0.12636
2744.42 4.18973 5.47438e-009 -0.125184
3018.72 4.6226 6.02083e-009 -0.124266
3293 5.05552 6.60493e-009 -0.123605
3567.26 5.4885 7.08839e-009 -0.123201
3841.49 5.92153 7.66137e-009 -0.123055
4115.69 6.35462 8.82153e-009 -0.123167
4389.87 6.78777 8.89471e-009 -0.123537
4664.03 7.22098 9.42925e-009 -0.124165
4938.16 7.65424 9.86783e-009 -0.125052
5212.27 8.08756 1.04453e-008 -0.126197
5486.35 8.52094 1.09795e-008 -0.1276
5760.4 8.95437 1.15015e-008 -0.129263
6034.43 9.38786 1.17864e-008 -0.131184
6308.44 9.82141 1.25811e-008 -0.133364
6582.41 10.255 1.32306e-008 -0.135804
6856.37 10.6887 1.36593e-008 -0.138503
7130.3 11.1224 1.43972e-008 -0.141461
7404.2 11.5562 1.46638e-008 -0.14468
7678.08 11.99 1.52689e-008 -0.148158
7951.93 12.4239 1.55205e-008 -0.151896
8225.76 12.8579 1.63443e-008 -0.155894
8499.57 13.2919 1.68719e-008 -0.160152
8773.34 13.726 1.74571e-008 -0.164671
9047.09 14.1601 1.79342e-008 -0.169451
9320.82 14.5943 1.84859e-008 -0.174491
9594.52 15.0286 2.06485e-008 -0.179793
9868.2 15.4629 1.95092e-008 -0.185355
10141.8 15.8973 2.00951e-008 -0.191179
10415.5 16.3317 2.06171e-008 -0.197264
10689.1 16.7662 2.11428e-008 -0.203611
10962.6 17.2008 2.16396e-008 -0.210219
11236.2 17.6354 2.21749e-008 -0.21709
11509.7 18.0701 2.26911e-008 -0.224222
11783.2 18.5048 2.3428e-008 -0.231617
12056.7 18.9396 2.37473e-008 -0.239274
12330.1 19.3745 2.4263e-008 -0.247193
12603.5 19.8094 2.47958e-008 -0.255376
12876.9 20.2444 2.44478e-008 -0.263821
13150.3 20.6795 2.59927e-008 -0.272529
13423.6 21.1146 2.57678e-008 -0.281501
13697 21.5497 2.68828e-008 -0.290736
13970.3 21.985 2.75001e-008 -0.300234
