274.553 0.468343 -2.58456e-011 -0.16374
549.081 1.22667 6.60348e-010 -0.13811
823.585 1.98505 1.25653e-009 -0.112959
1098.06 2.74349 1.64576e-009 -0.0882866
1372.52 3.50198 2.22029e-009 -0.0640932
1646.95 4.26052 2.66047e-009 -0.0403789
1921.35 5.01911 3.07792e-009 -0.0171436
2195.73 5.77775 3.61949e-009 0.00561239
2470.09 6.53645 4.07281e-009 0.0278891
2744.42 7.2952 4.45141e-009 0.0496865
3018.72 8.05401 4.94678e-009 0.0710045
3293 8.81287 5.45841e-009 0.0918429
3567.26 9.57178 5.82057e-009 0.112202
3841.49 10.3307 6.29087e-009 0.132081
4115.69 11.0898 7.71829e-009 0.15148
4389.87 11.8488 7.48636e-009 0.1704
4664.03 12.608 7.85742e-009 0.188839
4938.16 13.3671 8.19804e-009 0.206799
5212.27 14.1264 8.70444e-009 0.224278
5486.35 14.8856 9.16901e-009 0.241277
5760.4 15.645 9.57914e-009 0.257796
6034.43 16.4044 9.69628e-009 0.273835
6308.44 17.1638 1.05014e-008 0.289393
6582.41 17.9233 1.11403e-008 0.30447
6856.37 18.6829 1.14253e-008 0.319067
7130.3 19.4425 1.22943e-008 0.333183
7404.2 20.2021 1.21919e-008 0.346818
7678.08 20.9619 1.28034e-008 0.359972
7951.93 21.7216 1.30739e-008 0.372645
8225.76 22.4815 1.37442e-008 0.384838
8499.57 23.2413 1.41963e-008 0.396548
8773.34 24.0013 1.47288e-008 0.407778
9047.09 24.7613 1.51089e-008 0.418526
9320.82 25.5213 1.56138e-008 0.428793
9594.52 26.2814 1.88475e-008 0.438578
9868.2 27.0416 1.64455e-008 0.447881
10141.8 27.8018 1.70046e-008 0.456702
10415.5 28.562 1.74768e-008 0.465042
10689.1 29.3223 1.79399e-008 0.472899
10962.6 30.0827 1.83443e-008 0.480275
11236.2 30.8431 1.88218e-008 0.487168
11509.7 31.6036 1.92686e-008 0.493579
11783.2 32.3642 2.01132e-008 0.499507
12056.7 33.1248 2.0212e-008 0.504953
12330.1 33.8854 2.06348e-008 0.509917
12603.5 34.6461 2.1134e-008 0.514397
12876.9 35.4069 2.02046e-008 0.518395
13150.3 36.1677 2.23919e-008 0.521909
13423.6 36.9286 2.14893e-008 0.524941
13697 37.6895 2.29893e-008 0.52749
13970.3 38.4505 2.35358e-008 0.529555
