274.553 0.143656 -1.47233e-010 -0.112168
549.081 0.340119 6.32941e-011 -0.121778
823.585 0.536627 1.61969e-010 -0.131486
1098.06 0.733181 2.1952e-010 -0.141292
1372.52 0.929781 2.94361e-010 -0.151197
1646.95 1.12643 3.27479e-010 -0.161201
1921.35 1.32312 3.60422e-010 -0.171304
2195.73 1.51985 4.09126e-010 -0.181506
2470.09 1.71664 4.31443e-010 -0.191807
2744.42 1.91347 4.33371e-010 -0.202208
3018.72 2.11034 4.36086e-010 -0.212708
3293 2.30727 4.67196e-010 -0.223309
3567.26 2.50424 4.25469e-010 -0.234009
3841.49 2.70125 4.46757e-010 -0.244809
4115.69 2.89832 7.69796e-010 -0.25571
4389.87 3.09543 4.90034e-010 -0.266711
4664.03 3.29258 4.86592e-010 -0.277813
4938.16 3.48979 3.79748e-010 -0.289015
5212.27 3.68704 3.65348e-010 -0.300319
5486.35 3.88434 3.15011e-010 -0.311724
5760.4 4.08168 2.63504e-010 -0.32323
6034.43 4.27908 3.92336e-011 -0.334837
6308.44 4.47652 1.50746e-010 -0.346546
6582.41 4.67401 1.38945e-010 -0.358357
6856.37 4.87155 1.47489e-011 -0.37027
7130.3 5.06914 2.5261e-011 -0.382285
7404.2 5.26677 -1.67947e-010 -0.394402
7678.08 5.46445 -2.33412e-010 -0.406622
7951.93 5.66219 -5.70088e-010 -0.418945
8225.76 5.85997 -4.29119e-010 -0.43137
8499.57 6.0578 -5.4131e-010 -0.443898
8773.34 6.25568 -6.26465e-010 -0.45653
9047.09 6.4536 -7.73786e-010 -0.469264
9320.82 6.65158 -8.88942e-010 -0.482103
9594.52 6.84961 -2.01008e-010 -0.495045
9868.2 7.04768 -1.17842e-009 -0.50809
10141.8 7.24581 -1.2876e-009 -0.52124
10415.5 7.44398 -1.44468e-009 -0.534494
10689.1 7.64221 -1.60632e-009 -0.547853
10962.6 7.84048 -1.77591e-009 -0.561316
11236.2 8.0388 -1.93911e-009 -0.574883
11509.7 8.23718 -2.11731e-009 -0.588556
11783.2 8.4356 -2.13272e-009 -0.602333
12056.7 8.63408 -2.47718e-009 -0.616216
12330.1 8.83261 -2.66881e-009 -0.630205
12603.5 9.03118 -2.86329e-009 -0.644298
12876.9 9.22981 -3.53632e-009 -0.658498
13150.3 9.42849 -3.23822e-009 -0.672804
13423.6 9.62722 -3.79066e-009 -0.687215
13697 9.826 -3.70833e-009 -0.701733
13970.3 10.0248 -3.84511e-009 -0.716358
