274.553 0.312028 9.7796e-010 -0.0627578
549.081 0.75756 1.26504e-009 -0.0213189
823.585 1.20316 1.85321e-009 0.0198823
1098.06 1.64884 2.43198e-009 0.0608456
1372.52 2.09458 3.01932e-009 0.101571
1646.95 2.5404 3.64586e-009 0.142059
1921.35 2.98629 4.26537e-009 0.182308
2195.73 3.43225 4.84736e-009 0.22232
2470.09 3.87828 5.45652e-009 0.262093
2744.42 4.32439 6.05643e-009 0.301628
3018.72 4.77056 6.70775e-009 0.340925
3293 5.21681 7.30511e-009 0.379984
3567.26 5.66314 7.93044e-009 0.418805
3841.49 6.10953 8.45858e-009 0.457387
4115.69 6.556 9.11931e-009 0.49573
4389.87 7.00254 9.63958e-009 0.533836
4664.03 7.44915 1.00905e-008 0.571702
4938.16 7.89584 1.08499e-008 0.60933
5212.27 8.3426 1.14185e-008 0.64672
5486.35 8.78944 1.20577e-008 0.68387
5760.4 9.23635 1.26114e-008 0.720782
6034.43 9.68333 1.32521e-008 0.757455
6308.44 10.1304 1.38019e-008 0.793889
6582.41 10.5775 1.43262e-008 0.830084
6856.37 11.0247 1.49815e-008 0.86604
7130.3 11.472 1.56677e-008 0.901757
7404.2 11.9194 1.60229e-008 0.937235
7678.08 12.3668 1.67303e-008 0.972473
7951.93 12.8143 1.80294e-008 1.00747
8225.76 13.2619 1.79211e-008 1.04223
8499.57 13.7095 1.85061e-008 1.07675
8773.34 14.1573 1.90871e-008 1.11103
9047.09 14.6051 1.9672e-008 1.14508
9320.82 15.053 2.02642e-008 1.17888
9594.52 15.5009 2.07629e-008 1.21244
9868.2 15.9489 2.1358e-008 1.24576
10141.8 16.3971 2.19871e-008 1.27884
10415.5 16.8452 2.25787e-008 1.31169
10689.1 17.2935 2.31926e-008 1.34429
10962.6 17.7418 2.37369e-008 1.37665
11236.2 18.1903 2.43129e-008 1.40877
11509.7 18.6388 2.48971e-008 1.44066
11783.2 19.0873 2.50426e-008 1.4723
12056.7 19.536 2.60413e-008 1.5037
12330.1 19.9847 2.65785e-008 1.53486
12603.5 20.4335 2.71898e-008 1.56578
12876.9 20.8824 2.77645e-008 1.59646
13150.3 21.3314 2.83842e-008 1.6269
13423.6 21.7804 2.89008e-008 1.6571
13697 22.2295 2.94681e-008 1.68705
13970.3 22.6787 2.99511e-008 1.71677
