274.553 0.564915 2.12549e-010 -0.138991
549.081 1.56492 -4.79285e-011 -0.177146
823.585 2.56492 -7.91212e-012 -0.215903
1098.06 3.56492 -5.05941e-011 -0.255264
1372.52 4.56492 -4.54952e-011 -0.295227
1646.95 5.56492 -1.40798e-011 -0.335793
1921.35 6.56492 8.75772e-012 -0.376962
2195.73 7.56492 1.09574e-012 -0.418733
2470.09 8.56492 1.35538e-011 -0.461108
2744.42 9.56492 -3.12448e-011 -0.504086
3018.72 10.5649 2.66078e-011 -0.547667
3293 11.5649 1.00215e-010 -0.591851
3567.26 12.5649 1.36521e-011 -0.636637
3841.49 13.5649 -2.71387e-011 -0.682027
4115.69 14.5649 7.7058e-010 -0.728021
4389.87 15.5649 8.12531e-011 -0.774617
4664.03 16.5649 -6.1692e-011 -0.821816
4938.16 17.5649 8.42017e-012 -0.869619
5212.27 18.5649 4.98582e-012 -0.918025
5486.35 19.5649 7.44438e-011 -0.967034
5760.4 20.5649 -1.33786e-011 -1.01665
6034.43 21.5649 -1.80663e-010 -1.06686
6308.44 22.5649 -2.97108e-013 -1.11768
6582.41 23.5649 -1.83862e-011 -1.1691
6856.37 24.5649 -4.76362e-013 -1.22113
7130.3 25.5649 3.39848e-010 -1.27376
7404.2 26.5649 -3.16143e-010 -1.32699
7678.08 27.5649 -2.66117e-011 -1.38083
7951.93 28.5649 6.78904e-010 -1.43527
8225.76 29.5649 7.17462e-012 -1.49031
8499.57 30.5649 2.37668e-012 -1.54596
8773.34 31.5649 5.34089e-011 -1.60221
9047.09 32.5649 -3.97712e-012 -1.65907
9320.82 33.5649 3.58422e-011 -1.71653
9594.52 34.5649 1.41338e-009 -1.77459
9868.2 35.5649 -1.07192e-010 -1.83326
10141.8 36.5649 2.14579e-011 -1.89253
10415.5 37.5649 2.67178e-011 -1.9524
10689.1 38.5649 9.61808e-011 -2.01288
10962.6 39.5649 -2.41368e-012 -2.07397
11236.2 40.5649 4.92228e-012 -2.13565
11509.7 41.5649 7.00817e-012 -2.19795
11783.2 42.5649 -6.4367e-010 -2.26084
12056.7 43.5649 3.15815e-012 -2.32434
12330.1 44.5649 -4.80404e-011 -2.38845
12603.5 45.5649 6.11506e-012 -2.45316
12876.9 46.5649 -8.11548e-010 -2.51847
13150.3 47.5649 2.13322e-010 -2.58439
13423.6 48.5649 -5.73762e-010 -2.65091
13697 49.5649 -4.47175e-012 -2.71804
13970.3 50.5649 -5.98263e-011 -2.78577
