274.553 0.530814 1.43309e-009 -0.11604
549.081 1.42879 1.7852e-009 -0.0934625
823.585 2.32682 2.65551e-009 -0.0714339
1098.06 3.22489 3.5132e-009 -0.0499546
1372.52 4.12301 4.34101e-009 -0.0290246
1646.95 5.02118 5.26526e-009 -0.00864408
1921.35 5.9194 6.19007e-009 0.011187
2195.73 6.81767 7.01502e-009 0.0304684
2470.09 7.71598 7.90822e-009 0.0492003
2744.42 8.61434 8.76932e-009 0.0673824
3018.72 9.51276 9.71363e-009 0.0850149
3293 10.4112 1.06424e-008 0.102097
3567.26 11.3097 1.15156e-008 0.11863
3841.49 12.2083 1.22807e-008 0.134613
4115.69 13.1069 1.3666e-008 0.150046
4389.87 14.0055 1.40365e-008 0.164928
4664.03 14.9042 1.4664e-008 0.179261
4938.16 15.803 1.57984e-008 0.193043
5212.27 16.7018 1.66429e-008 0.206275
5486.35 17.6006 1.76082e-008 0.218956
5760.4 18.4995 1.83931e-008 0.231087
6034.43 19.3985 1.9195e-008 0.242668
6308.44 20.2975 2.01591e-008 0.253698
6582.41 21.1965 2.09355e-008 0.264177
6856.37 22.0956 2.1907e-008 0.274106
7130.3 22.9948 2.30635e-008 0.283483
7404.2 23.8939 2.33159e-008 0.29231
7678.08 24.7932 2.44928e-008 0.300586
7951.93 25.6925 2.65808e-008 0.30831
8225.76 26.5918 2.62801e-008 0.315484
8499.57 27.4912 2.71503e-008 0.322106
8773.34 28.3906 2.80556e-008 0.328177
9047.09 29.2901 2.88948e-008 0.333697
9320.82 30.1896 2.97945e-008 0.338665
9594.52 31.0892 3.11961e-008 0.343081
9868.2 31.9888 3.1411e-008 0.346946
10141.8 32.8885 3.23914e-008 0.35026
10415.5 33.7883 3.32673e-008 0.353021
10689.1 34.688 3.42311e-008 0.35523
10962.6 35.5878 3.5e-008 0.356888
11236.2 36.4877 3.58734e-008 0.357993
11509.7 37.3876 3.67555e-008 0.358547
11783.2 38.2876 3.65514e-008 0.358548
12056.7 39.1876 3.8479e-008 0.357996
12330.1 40.0877 3.9301e-008 0.356893
12603.5 40.9878 4.023e-008 0.355237
12876.9 41.888 4.06878e-008 0.353028
13150.3 42.7882 4.21096e-008 0.350266
13423.6 43.6885 4.25839e-008 0.346952
13697 44.5888 4.3693e-008 0.343085
13970.3 45.4892 4.44651e-008 0.338664
