274.553 0.14596 -3.27579e-010 -0.112169
549.081 0.345806 -3.09017e-010 -0.121781
823.585 0.545697 -3.89362e-010 -0.131493
1098.06 0.745634 -4.99289e-010 -0.141306
1372.52 0.945616 -5.79278e-010 -0.15122
1646.95 1.14564 -6.89056e-010 -0.161235
1921.35 1.34572 -7.86904e-010 -0.17135
2195.73 1.54584 -8.56545e-010 -0.181567
2470.09 1.74601 -9.40667e-010 -0.191886
2744.42 1.94622 -1.03317e-009 -0.202305
3018.72 2.14648 -1.11234e-009 -0.212827
3293 2.34678 -1.15108e-009 -0.223451
3567.26 2.54714 -1.25083e-009 -0.234176
3841.49 2.74753 -1.2755e-009 -0.245004
4115.69 2.94798 -9.82809e-010 -0.255934
4389.87 3.14847 -1.28673e-009 -0.266967
4664.03 3.34901 -1.30045e-009 -0.278102
4938.16 3.5496 -1.40443e-009 -0.289341
5212.27 3.75024 -1.40404e-009 -0.300682
5486.35 3.95092 -1.42747e-009 -0.312127
5760.4 4.15165 -1.44039e-009 -0.323675
6034.43 4.35243 -1.615e-009 -0.335326
6308.44 4.55325 -1.43944e-009 -0.347081
6582.41 4.75413 -1.37599e-009 -0.358941
6856.37 4.95505 -1.41366e-009 -0.370904
7130.3 5.15602 -1.30268e-009 -0.382971
7404.2 5.35704 -1.38728e-009 -0.395143
7678.08 5.55811 -1.32901e-009 -0.407419
7951.93 5.75922 -1.52932e-009 -0.419801
8225.76 5.96039 -1.24283e-009 -0.432287
8499.57 6.1616 -1.19626e-009 -0.444878
8773.34 6.36286 -1.11035e-009 -0.457574
9047.09 6.56418 -1.07519e-009 -0.470376
9320.82 6.76554 -9.95519e-010 -0.483283
9594.52 6.96695 -9.22415e-011 -0.496296
9868.2 7.16841 -8.60302e-010 -0.509416
10141.8 7.36992 -7.38466e-010 -0.522641
10415.5 7.57148 -6.53189e-010 -0.535972
10689.1 7.77309 -5.60538e-010 -0.54941
10962.6 7.97475 -4.64263e-010 -0.562955
11236.2 8.17646 -3.49428e-010 -0.576606
11509.7 8.37822 -2.37815e-010 -0.590364
11783.2 8.58003 4.82853e-011 -0.60423
12056.7 8.78189 1.75731e-011 -0.618203
12330.1 8.9838 1.51074e-010 -0.632283
12603.5 9.18576 2.94041e-010 -0.646471
12876.9 9.38777 -3.46604e-011 -0.660767
13150.3 9.58984 6.30082e-010 -0.675171
13423.6 9.79195 4.45949e-010 -0.689683
13697 9.99412 9.15941e-010 -0.704303
13970.3 10.1963 1.17554e-009 -0.719032
