274.553 0.366089 3.09152e-010 -0.154686
549.081 0.91978 1.19569e-009 -0.143799
823.585 1.47353 1.97636e-009 -0.133252
1098.06 2.02733 2.63025e-009 -0.123047
1372.52 2.58119 3.38163e-009 -0.113183
1646.95 3.1351 4.04758e-009 -0.103659
1921.35 3.68907 4.70141e-009 -0.0944775
2195.73 4.2431 5.4374e-009 -0.085637
2470.09 4.79719 6.11603e-009 -0.0771381
2744.42 5.35133 6.73766e-009 -0.0689808
3018.72 5.90552 7.42653e-009 -0.0611653
3293 6.45978 8.15386e-009 -0.0536917
3567.26 7.01409 8.75938e-009 -0.0465601
3841.49 7.56846 9.46335e-009 -0.0397707
4115.69 8.12289 1.08914e-008 -0.0333236
4389.87 8.67737 1.10141e-008 -0.0272189
4664.03 9.23192 1.16639e-008 -0.0214567
4938.16 9.78652 1.22297e-008 -0.0160371
5212.27 10.3412 1.29518e-008 -0.0109604
5486.35 10.8959 1.36332e-008 -0.00622653
5760.4 11.4507 1.42826e-008 -0.00183573
6034.43 12.0055 1.4677e-008 0.0022119
6308.44 12.5604 1.5647e-008 0.00591622
6582.41 13.1153 1.64704e-008 0.00927712
6856.37 13.6704 1.70134e-008 0.0122945
7130.3 14.2254 1.79784e-008 0.0149681
7404.2 14.7806 1.82773e-008 0.0172979
7678.08 15.3357 1.90592e-008 0.0192837
7951.93 15.891 1.94698e-008 0.0209255
8225.76 16.4463 2.04351e-008 0.022223
8499.57 17.0017 2.11105e-008 0.0231762
8773.34 17.5571 2.18578e-008 0.0237848
9047.09 18.1126 2.24717e-008 0.0240489
9320.82 18.6681 2.31823e-008 0.0239681
9594.52 19.2237 2.59491e-008 0.0235425
9868.2 19.7794 2.44942e-008 0.0227717
10141.8 20.3351 2.52521e-008 0.0216558
10415.5 20.8909 2.59309e-008 0.0201946
10689.1 21.4468 2.66205e-008 0.0183879
10962.6 22.0027 2.72571e-008 0.0162356
11236.2 22.5587 2.79526e-008 0.0137375
11509.7 23.1147 2.86254e-008 0.0108935
11783.2 23.6708 2.95733e-008 0.00770353
12056.7 24.227 3.00047e-008 0.00416734
12330.1 24.7832 3.06724e-008 0.000284827
12603.5 25.3395 3.13734e-008 -0.00394416
12876.9 25.8958 3.09681e-008 -0.00851977
13150.3 26.4522 3.29699e-008 -0.0134421
13423.6 27.0087 3.26897e-008 -0.0187114
13697 27.5652 3.41155e-008 -0.0243278
13970.3 28.1218 3.48955e-008 -0.0302913
