274.553 0.221521 -6.82845e-010 -0.131205
549.081 0.53403 -9.18791e-010 -0.135154
823.585 0.846589 -1.27221e-009 -0.139277
1098.06 1.1592 -1.68249e-009 -0.143573
1372.52 1.47186 -2.04865e-009 -0.148043
1646.95 1.78457 -2.4622e-009 -0.152686
1921.35 2.09734 -2.86962e-009 -0.157504
2195.73 2.41015 -3.2388e-009 -0.162495
2470.09 2.72302 -3.63519e-009 -0.16766
2744.42 3.03593 -4.0546e-009 -0.173
3018.72 3.3489 -4.44873e-009 -0.178515
3293 3.66193 -4.80507e-009 -0.184204
3567.26 3.975 -5.23973e-009 -0.190067
3841.49 4.28813 -5.59434e-009 -0.196106
4115.69 4.60131 -5.49396e-009 -0.20232
4389.87 4.91454 -6.24135e-009 -0.20871
4664.03 5.22782 -6.60565e-009 -0.215274
4938.16 5.54116 -7.06742e-009 -0.222015
5212.27 5.85455 -7.40637e-009 -0.228931
5486.35 6.168 -7.77629e-009 -0.236024
5760.4 6.4815 -8.15228e-009 -0.243292
6034.43 6.79505 -8.73367e-009 -0.250737
6308.44 7.10866 -8.86849e-009 -0.258358
6582.41 7.42232 -9.14232e-009 -0.266156
6856.37 7.73603 -9.57296e-009 -0.274131
7130.3 8.0498 -9.78464e-009 -0.282283
7404.2 8.36362 -1.03117e-008 -0.290612
7678.08 8.6775 -1.06117e-008 -0.299118
7951.93 8.99143 -1.12044e-008 -0.307802
8225.76 9.30542 -1.12881e-008 -0.316663
8499.57 9.61946 -1.16294e-008 -0.325702
8773.34 9.93356 -1.19227e-008 -0.33492
9047.09 10.2477 -1.22947e-008 -0.344315
9320.82 10.5619 -1.26072e-008 -0.353889
9594.52 10.8762 -1.17321e-008 -0.363642
9868.2 11.1905 -1.32805e-008 -0.373573
10141.8 11.5049 -1.35616e-008 -0.383683
10415.5 11.8193 -1.38873e-008 -0.393972
10689.1 12.1338 -1.42056e-008 -0.40444
10962.6 12.4484 -1.4539e-008 -0.415088
11236.2 12.763 -1.48432e-008 -0.425915
11509.7 13.0776 -1.51584e-008 -0.436922
11783.2 13.3924 -1.52819e-008 -0.448109
12056.7 13.7071 -1.57619e-008 -0.459477
12330.1 14.022 -1.60659e-008 -0.471024
12603.5 14.3369 -1.63575e-008 -0.482752
12876.9 14.6518 -1.72966e-008 -0.49466
13150.3 14.9668 -1.68685e-008 -0.50675
13423.6 15.2819 -1.76746e-008 -0.51902
13697 15.597 -1.75216e-008 -0.531472
13970.3 15.9122 -1.76989e-008 -0.544105
