274.553 0.278813 -1.99182e-010 -0.14501
549.081 0.681267 1.28986e-010 -0.141758
823.585 1.08378 3.43812e-010 -0.138741
1098.06 1.48635 4.73018e-010 -0.135959
1372.52 1.88897 6.60242e-010 -0.133413
1646.95 2.29165 7.83444e-010 -0.131102
1921.35 2.69439 9.03833e-010 -0.129027
2195.73 3.09718 1.0772e-009 -0.127187
2470.09 3.50004 1.20991e-009 -0.125584
2744.42 3.90295 1.30369e-009 -0.124217
3018.72 4.30592 1.43309e-009 -0.123086
3293 4.70894 1.60133e-009 -0.122191
3567.26 5.11203 1.67134e-009 -0.121534
3841.49 5.51517 1.83247e-009 -0.121112
4115.69 5.91837 2.54619e-009 -0.120928
4389.87 6.32163 2.22893e-009 -0.120981
4664.03 6.72495 2.35822e-009 -0.12127
4938.16 7.12833 2.37964e-009 -0.121798
5212.27 7.53176 2.5424e-009 -0.122562
5486.35 7.93526 2.66157e-009 -0.123565
5760.4 8.33881 2.77193e-009 -0.124805
6034.43 8.74243 2.65349e-009 -0.126283
6308.44 9.1461 3.02374e-009 -0.127999
6582.41 9.54984 3.25567e-009 -0.129953
6856.37 9.95364 3.2746e-009 -0.132146
7130.3 10.3575 3.5833e-009 -0.134577
7404.2 10.7614 3.46096e-009 -0.137247
7678.08 11.1654 3.64449e-009 -0.140156
7951.93 11.5694 3.46671e-009 -0.143304
8225.76 11.9735 3.89212e-009 -0.146692
8499.57 12.3777 4.00699e-009 -0.150318
8773.34 12.7819 4.1767e-009 -0.154184
9047.09 13.1862 4.24349e-009 -0.15829
9320.82 13.5905 4.38065e-009 -0.162636
9594.52 13.9949 6.04189e-009 -0.167221
9868.2 14.3994 4.58273e-009 -0.172047
10141.8 14.8039 4.75184e-009 -0.177113
10415.5 15.2085 4.86062e-009 -0.18242
10689.1 15.6132 4.97269e-009 -0.187967
10962.6 16.0179 5.05994e-009 -0.193755
11236.2 16.4227 5.18233e-009 -0.199784
11509.7 16.8275 5.28653e-009 -0.206054
11783.2 17.2324 5.61449e-009 -0.212566
12056.7 17.6374 5.51814e-009 -0.219319
12330.1 18.0424 5.62383e-009 -0.226313
12603.5 18.4475 5.74241e-009 -0.23355
12876.9 18.8527 5.02921e-009 -0.241028
13150.3 19.2579 6.10293e-009 -0.248749
13423.6 19.6632 5.51219e-009 -0.256712
13697 20.0686 6.18227e-009 -0.264918
13970.3 20.474 6.38673e-009 -0.273366
