274.553 0.128155 -5.4018e-010 -0.112165
549.081 0.301861 -7.04895e-010 -0.121758
823.585 0.475613 -9.85981e-010 -0.131435
1098.06 0.64941 -1.30408e-009 -0.141197
1372.52 0.823252 -1.60788e-009 -0.151044
1646.95 0.99714 -1.95153e-009 -0.160975
1921.35 1.17107 -2.29493e-009 -0.170991
2195.73 1.34505 -2.62401e-009 -0.181093
2470.09 1.51908 -2.97832e-009 -0.19128
2744.42 1.69315 -3.35131e-009 -0.201552
3018.72 1.86727 -3.72649e-009 -0.21191
3293 2.04143 -4.07251e-009 -0.222354
3567.26 2.21564 -4.48995e-009 -0.232883
3841.49 2.3899 -4.84329e-009 -0.243499
4115.69 2.5642 -4.91871e-009 -0.254201
4389.87 2.73855 -5.55726e-009 -0.26499
4664.03 2.91295 -5.93111e-009 -0.275865
4938.16 3.08739 -6.41556e-009 -0.286827
5212.27 3.26188 -6.80631e-009 -0.297876
5486.35 3.43642 -7.23304e-009 -0.309012
5760.4 3.61101 -7.65866e-009 -0.320236
6034.43 3.78564 -8.25032e-009 -0.331547
6308.44 3.96032 -8.52249e-009 -0.342945
6582.41 4.13505 -8.91229e-009 -0.354431
6856.37 4.30982 -9.4091e-009 -0.366006
7130.3 4.48464 -9.78363e-009 -0.377668
7404.2 4.65951 -1.03364e-008 -0.389419
7678.08 4.83443 -1.0782e-008 -0.401258
7951.93 5.0094 -1.15035e-008 -0.413186
8225.76 5.18441 -1.1728e-008 -0.425202
8499.57 5.35948 -1.22146e-008 -0.437308
8773.34 5.53459 -1.26761e-008 -0.449502
9047.09 5.70975 -1.31959e-008 -0.461786
9320.82 5.88496 -1.36864e-008 -0.47416
9594.52 6.06021 -1.34315e-008 -0.486623
9868.2 6.23552 -1.47213e-008 -0.499176
10141.8 6.41088 -1.52076e-008 -0.511819
10415.5 6.58628 -1.57388e-008 -0.524552
10689.1 6.76173 -1.62749e-008 -0.537375
10962.6 6.93724 -1.68164e-008 -0.550289
11236.2 7.11279 -1.73535e-008 -0.563294
11509.7 7.28839 -1.79051e-008 -0.576389
11783.2 7.46404 -1.82924e-008 -0.589575
12056.7 7.63974 -1.90117e-008 -0.602853
12330.1 7.81549 -1.95752e-008 -0.616222
12603.5 7.99129 -2.01442e-008 -0.629682
12876.9 8.16714 -2.11582e-008 -0.643235
13150.3 8.34305 -2.12722e-008 -0.656879
13423.6 8.519 -2.21681e-008 -0.670615
13697 8.695 -2.24802e-008 -0.684443
13970.3 8.87105 -2.29911e-008 -0.698364
