274.553 0.440567 -2.76659e-010 -0.0939869
549.081 1.12299 -1.52394e-009 -0.0613339
823.585 1.80549 -2.3391e-009 -0.029088
1098.06 2.48806 -3.15933e-009 0.00275089
1372.52 3.1707 -3.98152e-009 0.0341826
1646.95 3.85341 -4.7409e-009 0.065207
1921.35 4.53619 -5.50226e-009 0.095824
2195.73 5.21904 -6.33165e-009 0.126034
2470.09 5.90197 -7.11343e-009 0.155836
2744.42 6.58497 -7.91299e-009 0.18523
3018.72 7.26804 -8.6462e-009 0.214217
3293 7.95118 -9.43107e-009 0.242796
3567.26 8.6344 -1.02055e-008 0.270967
3841.49 9.31768 -1.10905e-008 0.29873
4115.69 10.001 -1.16337e-008 0.326085
4389.87 10.6845 -1.26902e-008 0.353032
4664.03 11.368 -1.36954e-008 0.37957
4938.16 12.0516 -1.42661e-008 0.4057
5212.27 12.7352 -1.50932e-008 0.431422
5486.35 13.4189 -1.58324e-008 0.456735
5760.4 14.1027 -1.66855e-008 0.481639
6034.43 14.7866 -1.75029e-008 0.506135
6308.44 15.4705 -1.82715e-008 0.530222
6582.41 16.1546 -1.91647e-008 0.553899
6856.37 16.8386 -1.98708e-008 0.577168
7130.3 17.5228 -2.05167e-008 0.600028
7404.2 18.207 -2.16916e-008 0.622478
7678.08 18.8913 -2.22953e-008 0.644519
7951.93 19.5757 -2.21212e-008 0.66615
8225.76 20.2602 -2.38696e-008 0.687372
8499.57 20.9447 -2.46727e-008 0.708184
8773.34 21.6293 -2.54658e-008 0.728587
9047.09 22.314 -2.62802e-008 0.748579
9320.82 22.9988 -2.7063e-008 0.768162
9594.52 23.6836 -2.77583e-008 0.787334
9868.2 24.3685 -2.87748e-008 0.806096
10141.8 25.0535 -2.94996e-008 0.824448
10415.5 25.7385 -3.02909e-008 0.842389
10689.1 26.4236 -3.10511e-008 0.85992
10962.6 27.1088 -3.19034e-008 0.87704
11236.2 27.7941 -3.27091e-008 0.89375
11509.7 28.4795 -3.35043e-008 0.910048
11783.2 29.1649 -3.5058e-008 0.925936
12056.7 29.8504 -3.51298e-008 0.941412
12330.1 30.536 -3.59829e-008 0.956477
12603.5 31.2216 -3.67359e-008 0.971131
12876.9 31.9073 -3.7755e-008 0.985373
13150.3 32.5931 -3.82884e-008 0.999204
13423.6 33.279 -3.92848e-008 1.01262
13697 33.965 -3.99776e-008 1.02563
13970.3 34.651 -4.08627e-008 1.03823
