274.553 0.145969 -1.80531e-011 -0.0698853
549.081 0.34586 -3.02889e-011 -0.0174223
823.585 0.545834 -8.62482e-012 0.0349408
1098.06 0.745892 -1.7563e-011 0.0872037
1372.52 0.946034 -4.30437e-012 0.139366
1646.95 1.14626 -4.99942e-012 0.191429
1921.35 1.34657 -7.54381e-012 0.24339
2195.73 1.54697 7.5688e-013 0.295252
2470.09 1.74744 1.08241e-012 0.347012
2744.42 1.94801 -1.1034e-011 0.398671
3018.72 2.14866 -1.77435e-013 0.45023
3293 2.34939 5.94692e-012 0.501687
3567.26 2.55021 1.77442e-012 0.553043
3841.49 2.75111 -1.02794e-011 0.604298
4115.69 2.9521 1.71022e-010 0.655451
4389.87 3.15317 2.94579e-011 0.706502
4664.03 3.35433 -1.3709e-011 0.757452
4938.16 3.55557 -3.09215e-013 0.8083
5212.27 3.7569 4.80359e-012 0.859046
5486.35 3.95832 1.03149e-011 0.909689
5760.4 4.15982 -1.22176e-012 0.96023
6034.43 4.3614 -7.08554e-011 1.01067
6308.44 4.56308 -5.16317e-014 1.06101
6582.41 4.76484 2.14886e-011 1.11124
6856.37 4.96668 2.98178e-013 1.16137
7130.3 5.16861 7.78147e-011 1.2114
7404.2 5.37063 -4.32493e-011 1.26132
7678.08 5.57274 -2.97279e-012 1.31114
7951.93 5.77493 7.20772e-011 1.36086
8225.76 5.97721 2.48922e-012 1.41048
8499.57 6.17958 2.71672e-013 1.45999
8773.34 6.38203 1.47553e-011 1.50939
9047.09 6.58457 -7.21958e-013 1.5587
9320.82 6.7872 6.21962e-012 1.6079
9594.52 6.98992 4.74367e-010 1.65699
9868.2 7.19272 -1.77933e-011 1.70598
10141.8 7.39562 7.8356e-012 1.75487
10415.5 7.5986 8.53132e-012 1.80365
10689.1 7.80167 1.37035e-011 1.85233
10962.6 8.00482 -7.72382e-013 1.9009
11236.2 8.20807 1.1824e-012 1.94937
11509.7 8.4114 -1.49904e-013 1.99773
11783.2 8.61483 -9.70264e-012 2.04598
12056.7 8.81834 3.36037e-013 2.09414
12330.1 9.02194 -1.03497e-011 2.14218
12603.5 9.22563 8.60088e-013 2.19012
12876.9 9.42941 -2.60231e-010 2.23796
13150.3 9.63328 5.43141e-011 2.28568
13423.6 9.83724 -1.73884e-010 2.33331
13697 10.0413 -4.05758e-013 2.38082
13970.3 10.2454 1.68725e-011 2.42823
