274.553 0.380572 1.17119e-009 -0.0791139
549.081 0.946078 1.50694e-009 -0.0415077
823.585 1.51166 2.21603e-009 -0.00422558
1098.06 2.07731 2.91343e-009 0.0327324
1372.52 2.64304 3.61782e-009 0.069366
1646.95 3.20885 4.37129e-009 0.105675
1921.35 3.77473 5.12312e-009 0.14166
2195.73 4.34069 5.82168e-009 0.177321
2470.09 4.90672 6.55781e-009 0.212657
2744.42 5.47283 7.28472e-009 0.247668
3018.72 6.03901 8.0708e-009 0.282354
3293 6.60527 8.80079e-009 0.316716
3567.26 7.1716 9.55311e-009 0.350753
3841.49 7.73801 1.02e-008 0.384464
4115.69 8.3045 1.10835e-008 0.417851
4389.87 8.87106 1.16474e-008 0.450913
4664.03 9.43771 1.21987e-008 0.483649
4938.16 10.0044 1.31249e-008 0.51606
5212.27 10.5712 1.38251e-008 0.548145
5486.35 11.1381 1.46051e-008 0.579905
5760.4 11.705 1.52895e-008 0.61134
6034.43 12.2721 1.60374e-008 0.642449
6308.44 12.8392 1.67582e-008 0.673232
6582.41 13.4063 1.74053e-008 0.703689
6856.37 13.9736 1.82174e-008 0.73382
7130.3 14.5409 1.90679e-008 0.763625
7404.2 15.1084 1.94995e-008 0.793104
7678.08 15.6758 2.03883e-008 0.822257
7951.93 16.2434 2.19683e-008 0.851083
8225.76 16.8111 2.18722e-008 0.879583
8499.57 17.3788 2.26024e-008 0.907757
8773.34 17.9466 2.33337e-008 0.935604
9047.09 18.5145 2.40621e-008 0.963124
9320.82 19.0824 2.48074e-008 0.990317
9594.52 19.6505 2.55313e-008 1.01718
9868.2 20.2186 2.61828e-008 1.04372
10141.8 20.7868 2.69766e-008 1.06994
10415.5 21.3551 2.77217e-008 1.09582
10689.1 21.9234 2.84923e-008 1.12138
10962.6 22.4919 2.91845e-008 1.14661
11236.2 23.0604 2.99151e-008 1.17151
11509.7 23.629 3.06557e-008 1.19609
11783.2 24.1977 3.08159e-008 1.22034
12056.7 24.7664 3.21103e-008 1.24426
12330.1 25.3353 3.27994e-008 1.26785
12603.5 25.9042 3.35787e-008 1.29111
12876.9 26.4732 3.42397e-008 1.31405
13150.3 27.0423 3.50967e-008 1.33665
13423.6 27.6114 3.57114e-008 1.35893
13697 28.1807 3.64997e-008 1.38088
13970.3 28.75 3.71479e-008 1.40251
