274.553 0.520078 3.73814e-010 -0.163527
549.081 1.4082 1.39466e-009 -0.131304
823.585 2.29637 2.3833e-009 -0.0996396
1098.06 3.18458 3.10833e-009 -0.0685351
1372.52 4.07283 4.07915e-009 -0.0379902
1646.95 4.96112 4.88357e-009 -0.00800499
1921.35 5.84945 5.65654e-009 0.0214206
2195.73 6.73782 6.58425e-009 0.0502864
2470.09 7.62624 7.40271e-009 0.0785924
2744.42 8.5147 8.13439e-009 0.106339
3018.72 9.4032 9.01099e-009 0.133525
3293 10.2917 9.88315e-009 0.160151
3567.26 11.1803 1.06058e-008 0.186217
3841.49 12.0689 1.14278e-008 0.211724
4115.69 12.9576 1.33725e-008 0.23667
4389.87 13.8463 1.34106e-008 0.261056
4664.03 14.7351 1.40884e-008 0.284881
4938.16 15.6239 1.48068e-008 0.308147
5212.27 16.5127 1.5675e-008 0.330852
5486.35 17.4016 1.64958e-008 0.352996
5760.4 18.2905 1.72651e-008 0.37458
6034.43 19.1794 1.77075e-008 0.395604
6308.44 20.0684 1.89094e-008 0.416067
6582.41 20.9575 1.99239e-008 0.435969
6856.37 21.8466 2.05536e-008 0.455311
7130.3 22.7357 2.18302e-008 0.474092
7404.2 23.6249 2.2001e-008 0.492312
7678.08 24.5141 2.30064e-008 0.509971
7951.93 25.4033 2.36973e-008 0.527069
8225.76 26.2926 2.46698e-008 0.543606
8499.57 27.182 2.54775e-008 0.559582
8773.34 28.0714 2.63752e-008 0.574997
9047.09 28.9608 2.70988e-008 0.589851
9320.82 29.8502 2.7975e-008 0.604143
9594.52 30.7397 3.19958e-008 0.617874
9868.2 31.6293 2.94793e-008 0.631043
10141.8 32.5189 3.04183e-008 0.643651
10415.5 33.4085 3.1257e-008 0.655698
10689.1 34.2982 3.20707e-008 0.667182
10962.6 35.1879 3.28232e-008 0.678105
11236.2 36.0777 3.36561e-008 0.688467
11509.7 36.9675 3.44549e-008 0.698266
11783.2 37.8573 3.56891e-008 0.707503
12056.7 38.7472 3.61068e-008 0.716179
12330.1 39.6371 3.68636e-008 0.724292
12603.5 40.5271 3.77315e-008 0.731843
12876.9 41.4171 3.68911e-008 0.738831
13150.3 42.3072 3.97491e-008 0.745258
13423.6 43.1973 3.89458e-008 0.751122
13697 44.0874 4.09899e-008 0.756423
13970.3 44.9776 4.18858e-008 0.761162
