274.553 0.557186 2.98209e-009 -0.120631
549.081 1.53273 4.71505e-009 -0.100623
823.585 2.5083 6.96915e-009 -0.0812108
1098.06 3.48392 9.2016e-009 -0.0623953
1372.52 4.45957 1.14027e-008 -0.044176
1646.95 5.43525 1.37105e-008 -0.0265531
1921.35 6.41098 1.60223e-008 -0.00952664
2195.73 7.38674 1.82182e-008 0.00690339
2470.09 8.36253 2.0492e-008 0.0227369
2744.42 9.33837 2.27295e-008 0.0379739
3018.72 10.3142 2.50604e-008 0.0526143
3293 11.2901 2.73919e-008 0.066658
3567.26 12.2661 2.9621e-008 0.080105
3841.49 13.2421 3.17756e-008 0.0929553
4115.69 14.2181 3.46677e-008 0.105209
4389.87 15.1941 3.63028e-008 0.116865
4664.03 16.1702 3.83151e-008 0.127925
4938.16 17.1464 4.08307e-008 0.138388
5212.27 18.1225 4.3067e-008 0.148254
5486.35 19.0987 4.54335e-008 0.157522
5760.4 20.075 4.75914e-008 0.166194
6034.43 21.0512 4.97722e-008 0.174268
6308.44 22.0275 5.21397e-008 0.181745
6582.41 23.0039 5.43058e-008 0.188625
6856.37 23.9803 5.66699e-008 0.194907
7130.3 24.9567 5.9258e-008 0.200592
7404.2 25.9331 6.08096e-008 0.20568
7678.08 26.9096 6.34291e-008 0.21017
7951.93 27.8862 6.69866e-008 0.214062
8225.76 28.8627 6.80127e-008 0.217357
8499.57 29.8393 7.02779e-008 0.220054
8773.34 30.816 7.25924e-008 0.222153
9047.09 31.7926 7.48185e-008 0.223654
9320.82 32.7693 7.71202e-008 0.224558
9594.52 33.7461 8.01236e-008 0.224863
9868.2 34.7229 8.1534e-008 0.224571
10141.8 35.6997 8.39221e-008 0.22368
10415.5 36.6765 8.61935e-008 0.222191
10689.1 37.6534 8.85748e-008 0.220104
10962.6 38.6304 9.07288e-008 0.217418
11236.2 39.6073 9.30056e-008 0.214134
11509.7 40.5843 9.52909e-008 0.210252
11783.2 41.5614 9.63649e-008 0.205771
12056.7 42.5384 9.98281e-008 0.200691
12330.1 43.5156 1.02052e-007 0.195013
12603.5 44.4927 1.0439e-007 0.188736
12876.9 45.4699 1.06184e-007 0.18186
13150.3 46.4471 1.09116e-007 0.174386
13423.6 47.4244 1.1086e-007 0.166312
13697 48.4017 1.13488e-007 0.157639
13970.3 49.379 1.15661e-007 0.148367
