274.553 0.314329 9.07918e-011 -0.105142
549.081 0.763705 -1.25643e-011 -0.135265
823.585 1.2131 -2.45176e-012 -0.165635
1098.06 1.66252 -1.5631e-011 -0.196253
1372.52 2.11196 -1.43164e-011 -0.227119
1646.95 2.56142 -4.41661e-012 -0.258233
1921.35 3.0109 3.17679e-012 -0.289594
2195.73 3.4604 3.68281e-013 -0.321203
2470.09 3.90993 4.9564e-012 -0.353059
2744.42 4.35947 -9.79373e-012 -0.385164
3018.72 4.80904 1.19452e-011 -0.417516
3293 5.25863 3.1842e-011 -0.450117
3567.26 5.70824 5.31828e-012 -0.482965
3841.49 6.15787 -8.17355e-012 -0.516061
4115.69 6.60753 2.54731e-010 -0.549406
4389.87 7.05721 2.5151e-011 -0.582999
4664.03 7.50691 -2.41836e-011 -0.61684
4938.16 7.95663 2.43704e-012 -0.650929
5212.27 8.40638 8.03314e-013 -0.685267
5486.35 8.85615 2.65501e-011 -0.719853
5760.4 9.30594 -4.26483e-012 -0.754687
6034.43 9.75576 -6.06016e-011 -0.78977
6308.44 10.2056 -6.95232e-015 -0.825101
6582.41 10.6555 -6.7145e-012 -0.860682
6856.37 11.1054 -1.39441e-013 -0.89651
7130.3 11.5553 1.11464e-010 -0.932588
7404.2 12.0052 -1.014e-010 -0.968914
7678.08 12.4552 -8.18436e-012 -1.00549
7951.93 12.9051 2.37361e-010 -1.04231
8225.76 13.3551 2.17848e-012 -1.07939
8499.57 13.8052 6.76976e-013 -1.11671
8773.34 14.2552 1.70734e-011 -1.15428
9047.09 14.7053 -1.20172e-012 -1.1921
9320.82 15.1554 1.075e-011 -1.23017
9594.52 15.6056 4.54267e-010 -1.26849
9868.2 16.0557 -4.11119e-011 -1.30706
10141.8 16.5059 7.49068e-012 -1.34588
10415.5 16.9561 8.65815e-012 -1.38494
10689.1 17.4063 2.9101e-011 -1.42426
10962.6 17.8566 -7.22752e-013 -1.46383
11236.2 18.3069 1.57621e-012 -1.50364
11509.7 18.7572 2.81843e-012 -1.54371
11783.2 19.2075 -1.93562e-010 -1.58403
12056.7 19.6579 1.14001e-012 -1.62459
12330.1 20.1083 -1.88522e-011 -1.66541
12603.5 20.5587 2.17934e-012 -1.70648
12876.9 21.0092 -2.68604e-010 -1.74779
13150.3 21.4596 6.55573e-011 -1.78936
13423.6 21.9101 -1.82002e-010 -1.83118
13697 22.3606 -1.4796e-012 -1.87324
13970.3 22.8112 -2.15475e-011 -1.91556
