274.553 0.0746801 5.34798e-010 -0.0124095
549.081 0.168623 7.81108e-010 0.0263338
823.585 0.262586 1.15476e-009 0.0650595
1098.06 0.356571 1.53698e-009 0.103768
1372.52 0.450578 1.93189e-009 0.142458
1646.95 0.544605 2.3525e-009 0.181131
1921.35 0.638655 2.7779e-009 0.219787
2195.73 0.732726 3.20384e-009 0.258425
2470.09 0.826818 3.65032e-009 0.297046
2744.42 0.920932 4.10434e-009 0.335649
3018.72 1.01507 4.58588e-009 0.374236
3293 1.10923 5.05036e-009 0.412805
3567.26 1.20341 5.55832e-009 0.451357
3841.49 1.29761 6.02074e-009 0.489891
4115.69 1.39183 6.44626e-009 0.528409
4389.87 1.48608 7.02074e-009 0.56691
4664.03 1.58034 7.49296e-009 0.605394
4938.16 1.67463 8.0945e-009 0.643861
5212.27 1.76895 8.62731e-009 0.68231
5486.35 1.86328 9.19463e-009 0.720744
5760.4 1.95764 9.75015e-009 0.75916
6034.43 2.05201 1.0403e-008 0.79756
6308.44 2.14642 1.09099e-008 0.835942
6582.41 2.24084 1.14836e-008 0.874309
6856.37 2.33529 1.21085e-008 0.912658
7130.3 2.42975 1.27253e-008 0.950991
7404.2 2.52425 1.33183e-008 0.989308
7678.08 2.61876 1.3977e-008 1.02761
7951.93 2.7133 1.49045e-008 1.06589
8225.76 2.80786 1.52808e-008 1.10416
8499.57 2.90244 1.59476e-008 1.14241
8773.34 2.99705 1.66147e-008 1.18065
9047.09 3.09167 1.73058e-008 1.21886
9320.82 3.18633 1.79994e-008 1.25707
9594.52 3.281 1.85033e-008 1.29525
9868.2 3.3757 1.94149e-008 1.33342
10141.8 3.47042 2.01348e-008 1.37158
10415.5 3.56516 2.08759e-008 1.40971
10689.1 3.65993 2.16306e-008 1.44784
10962.6 3.75472 2.23782e-008 1.48594
11236.2 3.84954 2.31417e-008 1.52403
11509.7 3.94438 2.39191e-008 1.56211
11783.2 4.03924 2.45546e-008 1.60017
12056.7 4.13412 2.5496e-008 1.63821
12330.1 4.22903 2.62903e-008 1.67624
12603.5 4.32397 2.71137e-008 1.71425
12876.9 4.41892 2.80816e-008 1.75224
13150.3 4.5139 2.879e-008 1.79022
13423.6 4.60891 2.96875e-008 1.82819
13697 4.70394 3.04685e-008 1.86614
13970.3 4.79899 3.12748e-008 1.90407
