274.553 0.382641 -2.36043e-010 -0.0791143
549.081 0.952004 -1.30726e-009 -0.0415109
823.585 1.52144 -2.00434e-009 -0.00423428
1098.06 2.09096 -2.7136e-009 0.0327154
1372.52 2.66054 -3.41607e-009 0.0693382
1646.95 3.23021 -4.06952e-009 0.105634
1921.35 3.79995 -4.72504e-009 0.141602
2195.73 4.36976 -5.4342e-009 0.177244
2470.09 4.93965 -6.10587e-009 0.212558
2744.42 5.50962 -6.78732e-009 0.247545
3018.72 6.07966 -7.40939e-009 0.282204
3293 6.64978 -8.08784e-009 0.316536
3567.26 7.21998 -8.74483e-009 0.35054
3841.49 7.79025 -9.50727e-009 0.384216
4115.69 8.3606 -1.003e-008 0.417565
4389.87 8.93102 -1.08787e-008 0.450586
4664.03 9.50152 -1.1738e-008 0.483279
4938.16 10.0721 -1.22218e-008 0.515643
5212.27 10.6428 -1.2932e-008 0.54768
5486.35 11.2135 -1.35625e-008 0.579389
5760.4 11.7843 -1.42894e-008 0.610769
6034.43 12.3552 -1.49534e-008 0.64182
6308.44 12.9261 -1.56433e-008 0.672544
6582.41 13.4972 -1.6408e-008 0.702938
6856.37 14.0683 -1.70075e-008 0.733004
7130.3 14.6395 -1.75677e-008 0.762742
7404.2 15.2108 -1.85512e-008 0.79215
7678.08 15.7821 -1.90737e-008 0.82123
7951.93 16.3536 -1.89035e-008 0.84998
8225.76 16.9251 -2.04152e-008 0.878401
8499.57 17.4967 -2.10982e-008 0.906493
8773.34 18.0683 -2.17801e-008 0.934256
9047.09 18.6401 -2.24655e-008 0.961689
9320.82 19.2119 -2.31337e-008 0.988793
9594.52 19.7838 -2.38181e-008 1.01557
9868.2 20.3558 -2.4587e-008 1.04201
10141.8 20.9279 -2.52071e-008 1.06813
10415.5 21.5 -2.58764e-008 1.09391
10689.1 22.0722 -2.65203e-008 1.11937
10962.6 22.6445 -2.72433e-008 1.14449
11236.2 23.2169 -2.79277e-008 1.16928
11509.7 23.7894 -2.86023e-008 1.19375
11783.2 24.3619 -2.98602e-008 1.21788
12056.7 24.9345 -2.99787e-008 1.24168
12330.1 25.5072 -3.07055e-008 1.26516
12603.5 26.08 -3.13418e-008 1.2883
12876.9 26.6529 -3.21003e-008 1.31111
13150.3 27.2258 -3.26553e-008 1.33359
13423.6 27.7989 -3.34602e-008 1.35574
13697 28.372 -3.40861e-008 1.37756
13970.3 28.9452 -3.48548e-008 1.39904
