274.553 0.552524 -2.66358e-009 -0.160569
549.081 1.5414 -4.61318e-009 -0.122786
823.585 2.5303 -6.5324e-009 -0.0856181
1098.06 3.51923 -8.75211e-009 -0.0490666
1372.52 4.50819 -1.06848e-008 -0.0131312
1646.95 5.49719 -1.28075e-008 0.0221881
1921.35 6.48621 -1.49698e-008 0.0568913
2195.73 7.47526 -1.69499e-008 0.0909783
2470.09 8.46435 -1.90576e-008 0.124449
2744.42 9.45346 -2.12623e-008 0.157304
3018.72 10.4426 -2.3302e-008 0.189542
3293 11.4318 -2.53582e-008 0.221164
3567.26 12.421 -2.75544e-008 0.252169
3841.49 13.4102 -2.96833e-008 0.282559
4115.69 14.3995 -3.05496e-008 0.312332
4389.87 15.3888 -3.35031e-008 0.341488
4664.03 16.3781 -3.58122e-008 0.370028
4938.16 17.3675 -3.7994e-008 0.397952
5212.27 18.3568 -4.006e-008 0.425259
5486.35 19.3462 -4.21686e-008 0.451949
5760.4 20.3357 -4.43355e-008 0.478023
6034.43 21.3252 -4.68686e-008 0.50348
6308.44 22.3147 -4.85521e-008 0.528321
6582.41 23.3042 -5.04576e-008 0.552545
6856.37 24.2938 -5.27697e-008 0.576152
7130.3 25.2834 -5.43582e-008 0.599143
7404.2 26.273 -5.72138e-008 0.621516
7678.08 27.2626 -5.91143e-008 0.643273
7951.93 28.2523 -6.12702e-008 0.664413
8225.76 29.242 -6.3312e-008 0.684936
8499.57 30.2318 -6.54385e-008 0.704842
8773.34 31.2216 -6.74726e-008 0.724131
9047.09 32.2114 -6.96905e-008 0.742803
9320.82 33.2012 -7.17372e-008 0.760858
9594.52 34.1911 -7.03313e-008 0.778296
9868.2 35.181 -7.614e-008 0.795117
10141.8 36.1709 -7.81158e-008 0.81132
10415.5 37.1608 -8.01991e-008 0.826906
10689.1 38.1508 -8.23208e-008 0.841875
10962.6 39.1408 -8.45144e-008 0.856226
11236.2 40.1309 -8.66154e-008 0.86996
11509.7 41.1209 -8.87536e-008 0.883077
11783.2 42.111 -9.04461e-008 0.895576
12056.7 43.1012 -9.29797e-008 0.907457
12330.1 44.0913 -9.51698e-008 0.918721
12603.5 45.0815 -9.72274e-008 0.929367
12876.9 46.0717 -1.01227e-007 0.939396
13150.3 47.062 -1.01037e-007 0.948807
13423.6 48.0523 -1.04934e-007 0.957599
13697 49.0426 -1.05726e-007 0.965774
13970.3 50.0329 -1.0777e-007 0.973331
