274.553 0.4277 -5.02407e-011 -0.128178
549.081 1.10013 -1.1535e-010 -0.0413017
823.585 1.77265 -2.89496e-011 0.0451447
1098.06 2.44528 -7.99861e-011 0.131161
1372.52 3.11801 -1.97687e-011 0.216746
1646.95 3.79084 -2.02724e-011 0.301901
1921.35 4.46377 -3.54566e-011 0.386625
2195.73 5.13679 3.03834e-012 0.470919
2470.09 5.80992 3.6197e-012 0.554781
2744.42 6.48315 -4.58813e-011 0.638212
3018.72 7.15649 2.65472e-012 0.721212
3293 7.82992 2.92771e-011 0.803781
3567.26 8.50345 8.93199e-012 0.885918
3841.49 9.17708 -4.28148e-011 0.967624
4115.69 9.85082 6.36228e-010 1.0489
4389.87 10.5247 1.26139e-010 1.12974
4664.03 11.1986 -5.61326e-011 1.21015
4938.16 11.8726 4.65103e-012 1.29013
5212.27 12.5468 2.01429e-011 1.36967
5486.35 13.221 4.1034e-011 1.44879
5760.4 13.8954 -5.4325e-012 1.52747
6034.43 14.5698 -2.36525e-010 1.60572
6308.44 15.2444 -2.88486e-013 1.68353
6582.41 15.919 8.08104e-011 1.76091
6856.37 16.5938 1.22076e-012 1.83786
7130.3 17.2686 3.19282e-010 1.91438
7404.2 17.9436 -1.80443e-010 1.99046
7678.08 18.6186 -1.28943e-011 2.06611
7951.93 19.2938 3.11286e-010 2.14133
8225.76 19.969 1.11898e-011 2.21611
8499.57 20.6444 3.60135e-012 2.29046
8773.34 21.3199 5.4471e-011 2.36437
9047.09 21.9955 -3.34377e-012 2.43785
9320.82 22.6711 2.92501e-011 2.5109
9594.52 23.3469 1.85895e-009 2.58351
9868.2 24.0228 -6.44191e-011 2.65569
10141.8 24.6988 2.36745e-011 2.72743
10415.5 25.3749 3.40856e-011 2.79874
10689.1 26.051 5.5438e-011 2.86961
10962.6 26.7273 -3.52334e-012 2.94005
11236.2 27.4037 4.98848e-012 3.01005
11509.7 28.0802 -9.30163e-013 3.07962
11783.2 28.7568 -6.43951e-011 3.14875
12056.7 29.4335 2.21124e-012 3.21745
12330.1 30.1104 -4.11641e-011 3.28571
12603.5 30.7873 3.37581e-012 3.35353
12876.9 31.4643 -9.78065e-010 3.42092
13150.3 32.1414 2.47058e-010 3.48787
13423.6 32.8186 -6.91081e-010 3.55439
13697 33.496 -1.95008e-012 3.62046
13970.3 34.1734 3.29034e-011 3.68611
