274.553 0.521211 -5.93089e-011 -0.142791
549.081 1.41264 -1.60458e-010 -0.0504641
823.585 2.30415 -3.78237e-011 0.0412911
1098.06 3.19573 -1.21283e-010 0.132475
1372.52 4.08739 -2.99614e-011 0.223087
1646.95 4.97913 -3.00505e-011 0.313128
1921.35 5.87094 -5.31609e-011 0.402598
2195.73 6.76284 4.32257e-012 0.491495
2470.09 7.6548 4.14864e-012 0.579821
2744.42 8.54685 -6.53939e-011 0.667575
3018.72 9.43897 4.58291e-012 0.754758
3293 10.3312 4.57675e-011 0.841368
3567.26 11.2234 1.36356e-011 0.927407
3841.49 12.1158 -6.32477e-011 1.01287
4115.69 13.0082 8.93044e-010 1.09777
4389.87 13.9007 1.86306e-010 1.18209
4664.03 14.7933 -8.23636e-011 1.26584
4938.16 15.686 1.10081e-011 1.34902
5212.27 16.5787 2.92803e-011 1.43162
5486.35 17.4715 5.9394e-011 1.51365
5760.4 18.3644 -8.14245e-012 1.59511
6034.43 19.2574 -3.16174e-010 1.676
6308.44 20.1504 -4.55542e-013 1.75631
6582.41 21.0435 1.09351e-010 1.83606
6856.37 21.9367 1.82912e-012 1.91522
7130.3 22.83 4.51897e-010 1.99382
7404.2 23.7234 -2.64073e-010 2.07184
7678.08 24.6168 -1.94285e-011 2.14929
7951.93 25.5103 4.62744e-010 2.22617
8225.76 26.4039 1.71045e-011 2.30247
8499.57 27.2975 6.79301e-012 2.3782
8773.34 28.1913 7.46995e-011 2.45335
9047.09 29.0851 -5.32728e-012 2.52794
9320.82 29.979 4.59642e-011 2.60194
9594.52 30.8729 2.6057e-009 2.67538
9868.2 31.767 -9.10008e-011 2.74824
10141.8 32.6611 2.72793e-011 2.82053
10415.5 33.5553 4.8537e-011 2.89224
10689.1 34.4496 8.04905e-011 2.96338
10962.6 35.3439 -4.9224e-012 3.03394
11236.2 36.2383 7.22239e-012 3.10393
11509.7 37.1328 -1.30461e-012 3.17335
11783.2 38.0274 -1.18005e-010 3.24219
12056.7 38.9221 3.54716e-012 3.31045
12330.1 39.8168 -5.88941e-011 3.37815
12603.5 40.7116 4.92105e-012 3.44526
12876.9 41.6065 -1.36575e-009 3.5118
13150.3 42.5015 3.5697e-010 3.57777
13423.6 43.3965 -9.87711e-010 3.64316
13697 44.2916 -2.8972e-012 3.70798
13970.3 45.1868 2.82883e-011 3.77222
