274.553 0.163887 4.01436e-011 -0.0728412
549.081 0.38085 -4.66163e-012 -0.0939906
823.585 0.597816 -9.3299e-013 -0.115233
1098.06 0.814785 -6.16161e-012 -0.136569
1372.52 1.03176 -5.70225e-012 -0.157998
1646.95 1.24873 -1.73463e-012 -0.17952
1921.35 1.46571 1.40985e-012 -0.201136
2195.73 1.6827 1.47656e-013 -0.222845
2470.09 1.89969 2.13258e-012 -0.244647
2744.42 2.11668 -3.8507e-012 -0.266542
3018.72 2.33367 5.36312e-012 -0.288531
3293 2.55067 1.28806e-011 -0.310613
3567.26 2.76768 2.40125e-012 -0.332788
3841.49 2.98468 -3.14241e-012 -0.355056
4115.69 3.2017 1.03736e-010 -0.377418
4389.87 3.41872 9.82924e-012 -0.399872
4664.03 3.63574 -1.05927e-011 -0.422421
4938.16 3.85277 9.3666e-013 -0.445062
5212.27 4.0698 1.24185e-013 -0.467797
5486.35 4.28683 1.14807e-011 -0.490625
5760.4 4.50388 -1.70798e-012 -0.513546
6034.43 4.72092 -2.34871e-011 -0.536561
6308.44 4.93798 2.06198e-014 -0.559668
6582.41 5.15503 -3.0412e-012 -0.58287
6856.37 5.3721 -6.16894e-014 -0.606164
7130.3 5.58917 4.50236e-011 -0.629552
7404.2 5.80624 -4.11139e-011 -0.653033
7678.08 6.02332 -3.27608e-012 -0.676608
7951.93 6.24041 1.00671e-010 -0.700275
8225.76 6.4575 8.33241e-013 -0.724037
8499.57 6.6746 2.58875e-013 -0.747891
8773.34 6.8917 6.80378e-012 -0.771839
9047.09 7.10882 -4.71634e-013 -0.79588
9320.82 7.32593 4.09534e-012 -0.820015
9594.52 7.54306 1.7964e-010 -0.844243
9868.2 7.76019 -1.78181e-011 -0.868565
10141.8 7.97733 2.98303e-012 -0.89298
10415.5 8.19447 3.44273e-012 -0.917488
10689.1 8.41162 1.17997e-011 -0.94209
10962.6 8.62878 -2.52008e-013 -0.966785
11236.2 8.84594 6.23788e-013 -0.991574
11509.7 9.06312 1.26477e-012 -1.01646
11783.2 9.2803 -7.70074e-011 -1.04143
12056.7 9.49748 4.99135e-013 -1.0665
12330.1 9.71468 -8.1733e-012 -1.09166
12603.5 9.93188 9.11205e-013 -1.11692
12876.9 10.1491 -1.0797e-010 -1.14227
13150.3 10.3663 2.54008e-011 -1.16771
13423.6 10.5835 -7.16122e-011 -1.19325
13697 10.8008 -5.85728e-013 -1.21888
13970.3 11.018 -1.06215e-011 -1.2446
