274.553 0.221531 -2.69062e-011 -0.0875181
549.081 0.534092 -4.89719e-011 -0.0229178
823.585 0.846751 -1.35786e-011 0.0415068
1098.06 1.15951 -2.95406e-011 0.105755
1372.52 1.47236 -7.28842e-012 0.169828
1646.95 1.78531 -8.14208e-012 0.233724
1921.35 2.09836 -1.29006e-011 0.297444
2195.73 2.41151 1.23929e-012 0.360988
2470.09 2.72475 1.78181e-012 0.424355
2744.42 3.0381 -1.82622e-011 0.487545
3018.72 3.35154 8.09559e-014 0.550558
3293 3.66508 1.02302e-011 0.613394
3567.26 3.97872 3.10544e-012 0.676053
3841.49 4.29246 -1.68801e-011 0.738534
4115.69 4.60629 2.7469e-010 0.800838
4389.87 4.92023 4.88101e-011 0.862965
4664.03 5.23427 -2.23481e-011 0.924913
4938.16 5.5484 2.79958e-014 0.986684
5212.27 5.86264 7.94261e-012 1.04828
5486.35 6.17697 1.69462e-011 1.10969
5760.4 6.49141 -2.04999e-012 1.17093
6034.43 6.80594 -1.10674e-010 1.23198
6308.44 7.12058 -1.05385e-013 1.29286
6582.41 7.43531 3.47208e-011 1.35356
6856.37 7.75015 4.83991e-013 1.41408
7130.3 8.06509 1.28156e-010 1.47442
7404.2 8.38013 -7.13842e-011 1.53459
7678.08 8.69527 -4.94191e-012 1.59457
7951.93 9.01051 1.2075e-010 1.65437
8225.76 9.32585 4.1541e-012 1.71399
8499.57 9.6413 7.26082e-013 1.77344
8773.34 9.95684 2.37454e-011 1.8327
9047.09 10.2725 -1.21695e-012 1.89178
9320.82 10.5882 1.05236e-011 1.95069
9594.52 10.9041 7.73149e-010 2.00941
9868.2 11.2201 -2.84336e-011 2.06795
10141.8 11.5361 1.21501e-011 2.12631
10415.5 11.8523 1.39728e-011 2.18449
10689.1 12.1685 2.23515e-011 2.24249
10962.6 12.4849 -1.34771e-012 2.30031
11236.2 12.8014 1.96013e-012 2.35794
11509.7 13.1179 -2.80988e-013 2.41539
11783.2 13.4346 -1.77279e-011 2.47267
12056.7 13.7514 5.42258e-013 2.52976
12330.1 14.0683 -1.68637e-011 2.58666
12603.5 14.3853 1.38668e-012 2.64339
12876.9 14.7024 -4.18245e-010 2.69993
13150.3 15.0196 9.27005e-011 2.75629
13423.6 15.3369 -2.83725e-010 2.81247
13697 15.6543 -7.11297e-013 2.86846
13970.3 15.9718 2.37493e-011 2.92428
