274.553 0.479636 -5.56474e-011 -0.136933
549.081 1.26526 -1.38032e-010 -0.0465938
823.585 2.05097 -3.35231e-011 0.0432401
1098.06 2.83677 -1.00301e-010 0.132568
1372.52 3.62267 -2.47576e-011 0.221391
1646.95 4.40865 -2.50397e-011 0.309708
1921.35 5.19472 -4.41513e-011 0.397519
2195.73 5.98089 3.68388e-012 0.484824
2470.09 6.76714 3.95399e-012 0.571622
2744.42 7.55349 -5.5731e-011 0.657915
3018.72 8.33992 3.72946e-012 0.743701
3293 9.12645 3.72577e-011 0.828981
3567.26 9.91306 1.12705e-011 0.913755
3841.49 10.6998 -5.28677e-011 0.998022
4115.69 11.4866 7.63575e-010 1.08178
4389.87 12.2735 1.55847e-010 1.16504
4664.03 13.0604 -6.91414e-011 1.24778
4938.16 13.8475 7.54002e-012 1.33002
5212.27 14.6347 2.47097e-011 1.41175
5486.35 15.4219 4.997e-011 1.49298
5760.4 16.2093 -6.76258e-012 1.5737
6034.43 16.9967 -2.76994e-010 1.65391
6308.44 17.7842 -3.66281e-013 1.73361
6582.41 18.5718 9.56222e-011 1.81281
6856.37 19.3595 1.5162e-012 1.89149
7130.3 20.1473 3.86313e-010 1.96967
7404.2 20.9352 -2.21634e-010 2.04735
7678.08 21.7232 -1.60782e-011 2.12451
7951.93 22.5113 3.85276e-010 2.20116
8225.76 23.2994 1.40569e-011 2.27731
8499.57 24.0877 5.08187e-012 2.35295
8773.34 24.876 6.46019e-011 2.42808
9047.09 25.6645 -4.28301e-012 2.5027
9320.82 26.453 3.7323e-011 2.57682
9594.52 27.2416 2.23481e-009 2.65042
9868.2 28.0303 -7.73195e-011 2.72351
10141.8 28.8191 2.58955e-011 2.7961
10415.5 29.608 4.13017e-011 2.86818
10689.1 30.397 6.77476e-011 2.93974
10962.6 31.1861 -4.24026e-012 3.0108
11236.2 31.9752 6.10071e-012 3.08135
11509.7 32.7645 -1.16248e-012 3.15139
11783.2 33.5538 -8.93173e-011 3.22092
12056.7 34.3433 2.93427e-012 3.28994
12330.1 35.1328 -5.00243e-011 3.35845
12603.5 35.9224 4.13108e-012 3.42644
12876.9 36.7122 -1.17153e-009 3.49393
13150.3 37.502 3.02286e-010 3.56091
13423.6 38.2919 -8.39493e-010 3.62738
13697 39.0819 -2.42182e-012 3.69333
13970.3 39.8719 3.12893e-011 3.75878
