274.553 0.29649 -6.3003e-010 -0.0627546
549.081 0.715789 -1.91292e-009 -0.0212953
823.585 1.13516 -2.90114e-009 0.0199448
1098.06 1.55459 -3.89517e-009 0.0609657
1372.52 1.9741 -4.88025e-009 0.101767
1646.95 2.39367 -5.8252e-009 0.14235
1921.35 2.81331 -6.77533e-009 0.182713
2195.73 3.23302 -7.76061e-009 0.222856
2470.09 3.65281 -8.71756e-009 0.26278
2744.42 4.07266 -9.68072e-009 0.302485
3018.72 4.49258 -1.05935e-008 0.34197
3293 4.91257 -1.15588e-008 0.381235
3567.26 5.33263 -1.24907e-008 0.420281
3841.49 5.75276 -1.35193e-008 0.459107
4115.69 6.17296 -1.44345e-008 0.497713
4389.87 6.59323 -1.54515e-008 0.5361
4664.03 7.01358 -1.65498e-008 0.574266
4938.16 7.43399 -1.73434e-008 0.612213
5212.27 7.85448 -1.83245e-008 0.64994
5486.35 8.27503 -1.92349e-008 0.687446
5760.4 8.69566 -2.02253e-008 0.724733
6034.43 9.11636 -2.11249e-008 0.761799
6308.44 9.53713 -2.21228e-008 0.798646
6582.41 9.95797 -2.31394e-008 0.835272
6856.37 10.3789 -2.40243e-008 0.871677
7130.3 10.7999 -2.48846e-008 0.907863
7404.2 11.2209 -2.60497e-008 0.943828
7678.08 11.6421 -2.68842e-008 0.979572
7951.93 12.0633 -2.71359e-008 1.0151
8225.76 12.4845 -2.87588e-008 1.0504
8499.57 12.9059 -2.97036e-008 1.08548
8773.34 13.3273 -3.06521e-008 1.12034
9047.09 13.7488 -3.15923e-008 1.15498
9320.82 14.1704 -3.25259e-008 1.1894
9594.52 14.592 -3.3585e-008 1.2236
9868.2 15.0137 -3.44732e-008 1.25758
10141.8 15.4355 -3.53675e-008 1.29134
10415.5 15.8574 -3.62943e-008 1.32488
10689.1 16.2793 -3.71986e-008 1.35819
10962.6 16.7013 -3.81669e-008 1.39128
11236.2 17.1234 -3.91043e-008 1.42416
11509.7 17.5456 -4.00317e-008 1.45681
11783.2 17.9678 -4.13805e-008 1.48924
12056.7 18.3901 -4.19056e-008 1.52145
12330.1 18.8125 -4.28735e-008 1.55343
12603.5 19.235 -4.37685e-008 1.5852
12876.9 19.6575 -4.46764e-008 1.61674
13150.3 20.0801 -4.55841e-008 1.64806
13423.6 20.5028 -4.65476e-008 1.67916
13697 20.9256 -4.74927e-008 1.71004
13970.3 21.3484 -4.85051e-008 1.74069
