274.553 0.240081 6.42552e-011 -0.0904118
549.081 0.570273 -8.15158e-012 -0.116536
823.585 0.900477 -1.61736e-012 -0.142827
1098.06 1.23069 -1.04319e-011 -0.169284
1372.52 1.56092 -9.59636e-012 -0.195907
1646.95 1.89117 -2.94905e-012 -0.222696
1921.35 2.22142 2.23891e-012 -0.249651
2195.73 2.55169 2.48833e-013 -0.276772
2470.09 2.88198 3.45005e-012 -0.30406
2744.42 3.21227 -6.53543e-012 -0.331514
3018.72 3.54258 8.51463e-012 -0.359134
3293 3.87291 2.15104e-011 -0.38692
3567.26 4.20325 3.77741e-012 -0.414873
3841.49 4.5336 -5.39395e-012 -0.442992
4115.69 4.86397 1.73013e-010 -0.471278
4389.87 5.19435 1.67354e-011 -0.49973
4664.03 5.52475 -1.69654e-011 -0.528348
4938.16 5.85516 1.60346e-012 -0.557133
5212.27 6.18558 3.79553e-013 -0.586084
5486.35 6.51602 1.85743e-011 -0.615202
5760.4 6.84648 -2.86847e-012 -0.644487
6034.43 7.17695 -4.03693e-011 -0.673938
6308.44 7.50744 1.5163e-014 -0.703556
6582.41 7.83794 -4.77574e-012 -0.73334
6856.37 8.16846 -9.6769e-014 -0.763291
7130.3 8.49899 7.53454e-011 -0.793409
7404.2 8.82954 -6.85887e-011 -0.823694
7678.08 9.16011 -5.49372e-012 -0.854146
7951.93 9.49069 1.64056e-010 -0.884764
8225.76 9.82129 1.43731e-012 -0.915549
8499.57 10.1519 4.44562e-013 -0.946502
8773.34 10.4825 1.14698e-011 -0.977621
9047.09 10.8132 -7.99475e-013 -1.00891
9320.82 11.1438 7.06919e-012 -1.04036
9594.52 11.4745 3.04287e-010 -1.07198
9868.2 11.8052 -2.88659e-011 -1.10377
10141.8 12.1359 5.05732e-012 -1.13572
10415.5 12.4667 5.81433e-012 -1.16784
10689.1 12.7974 1.96471e-011 -1.20013
10962.6 13.1282 -4.55144e-013 -1.23259
11236.2 13.459 1.05702e-012 -1.26521
11509.7 13.7898 2.00923e-012 -1.29801
11783.2 14.1206 -1.29165e-010 -1.33096
12056.7 14.4514 8.00709e-013 -1.36409
12330.1 14.7823 -1.32101e-011 -1.39738
12603.5 15.1132 1.50081e-012 -1.43084
12876.9 15.4441 -1.81504e-010 -1.46447
13150.3 15.775 4.34285e-011 -1.49827
13423.6 16.1059 -1.21632e-010 -1.53223
13697 16.4369 -9.88621e-013 -1.56636
13970.3 16.7678 -1.59851e-011 -1.60066
