274.553 0.492 1.69227e-010 -0.132955
549.081 1.28906 -3.16217e-011 -0.169839
823.585 2.08614 -5.56255e-012 -0.207205
1098.06 2.88324 -3.54546e-011 -0.245052
1372.52 3.68036 -3.21749e-011 -0.283381
1646.95 4.4775 -9.89784e-012 -0.322191
1921.35 5.27466 6.49493e-012 -0.361483
2195.73 6.07185 7.91426e-013 -0.401257
2470.09 6.86905 1.00925e-011 -0.441513
2744.42 7.66628 -2.2039e-011 -0.482251
3018.72 8.46353 2.15541e-011 -0.52347
3293 9.2608 7.04301e-011 -0.565172
3567.26 10.0581 1.03472e-011 -0.607355
3841.49 10.8554 -1.89321e-011 -0.650021
4115.69 11.6527 5.50033e-010 -0.693169
4389.87 12.4501 5.70374e-011 -0.736799
4664.03 13.2475 -4.7566e-011 -0.780912
4938.16 14.0449 5.78156e-012 -0.825507
5212.27 14.8423 3.04901e-012 -0.870585
5486.35 15.6397 5.38693e-011 -0.916145
5760.4 16.4372 -9.46033e-012 -0.962187
6034.43 17.2347 -1.31455e-010 -1.00871
6308.44 18.0322 -1.54863e-013 -1.05572
6582.41 18.8297 -1.33337e-011 -1.10321
6856.37 19.6273 -3.16276e-013 -1.15119
7130.3 20.4248 2.43347e-010 -1.19964
7404.2 21.2224 -2.23468e-010 -1.24858
7678.08 22.0201 -1.84849e-011 -1.29801
7951.93 22.8177 4.93098e-010 -1.34791
8225.76 23.6154 5.01415e-012 -1.3983
8499.57 24.413 1.62756e-012 -1.44917
8773.34 25.2107 3.78197e-011 -1.50053
9047.09 26.0085 -2.75607e-012 -1.55237
9320.82 26.8062 2.49605e-011 -1.60469
9594.52 27.604 1.00576e-009 -1.6575
9868.2 28.4018 -8.05997e-011 -1.71079
10141.8 29.1996 1.58489e-011 -1.76457
10415.5 29.9975 1.90739e-011 -1.81883
10689.1 30.7953 6.61148e-011 -1.87357
10962.6 31.5932 -1.74678e-012 -1.9288
11236.2 32.3911 3.49958e-012 -1.98451
11509.7 33.1891 5.34931e-012 -2.0407
11783.2 33.987 -4.47281e-010 -2.09738
12056.7 34.785 2.35147e-012 -2.15454
12330.1 35.583 -3.66153e-011 -2.21219
12603.5 36.3811 4.50881e-012 -2.27033
12876.9 37.1791 -5.8306e-010 -2.32894
13150.3 37.9772 1.49829e-010 -2.38805
13423.6 38.7753 -4.06363e-010 -2.44763
13697 39.5734 -3.24682e-012 -2.50771
13970.3 40.3716 -4.24263e-011 -2.56826
