274.553 0.203125 -3.17048e-010 -0.131201
549.081 0.486768 -1.63594e-010 -0.135128
823.585 0.770462 -1.39468e-010 -0.139209
1098.06 1.05421 -1.71629e-010 -0.143444
1372.52 1.33801 -1.69552e-010 -0.147832
1646.95 1.62186 -2.17522e-010 -0.152375
1921.35 1.90576 -2.63903e-010 -0.157072
2195.73 2.18972 -2.7961e-010 -0.161923
2470.09 2.47372 -3.261e-010 -0.166929
2744.42 2.75778 -3.9851e-010 -0.17209
3018.72 3.0419 -4.5526e-010 -0.177406
3293 3.32606 -4.78342e-010 -0.182876
3567.26 3.61028 -5.8306e-010 -0.188502
3841.49 3.89456 -6.11523e-010 -0.194284
4115.69 4.17889 -2.22117e-010 -0.200221
4389.87 4.46327 -6.3341e-010 -0.206314
4664.03 4.7477 -6.81533e-010 -0.212562
4938.16 5.03219 -8.42546e-010 -0.218967
5212.27 5.31673 -8.84125e-010 -0.225528
5486.35 5.60133 -9.62032e-010 -0.232246
5760.4 5.88598 -1.04814e-009 -0.23912
6034.43 6.17069 -1.3367e-009 -0.24615
6308.44 6.45545 -1.20445e-009 -0.253338
6582.41 6.74027 -1.20956e-009 -0.260683
6856.37 7.02514 -1.36945e-009 -0.268185
7130.3 7.31006 -1.33287e-009 -0.275844
7404.2 7.59505 -1.58123e-009 -0.283661
7678.08 7.88008 -1.63652e-009 -0.291636
7951.93 8.16518 -1.99662e-009 -0.299769
8225.76 8.45033 -1.82553e-009 -0.30806
8499.57 8.73553 -1.92993e-009 -0.316509
8773.34 9.02079 -1.99401e-009 -0.325117
9047.09 9.30611 -2.13704e-009 -0.333883
9320.82 9.59149 -2.22955e-009 -0.342808
9594.52 9.87692 -1.21829e-009 -0.351892
9868.2 10.1624 -2.4714e-009 -0.361136
10141.8 10.448 -2.5504e-009 -0.370538
10415.5 10.7336 -2.67539e-009 -0.3801
10689.1 11.0192 -2.79867e-009 -0.389822
10962.6 11.3049 -2.93858e-009 -0.399704
11236.2 11.5907 -3.05724e-009 -0.409745
11509.7 11.8765 -3.19145e-009 -0.419947
11783.2 12.1624 -3.13668e-009 -0.430309
12056.7 12.4484 -3.44851e-009 -0.440832
12330.1 12.7344 -3.58503e-009 -0.451516
12603.5 13.0205 -3.71782e-009 -0.46236
12876.9 13.3066 -4.45843e-009 -0.473366
13150.3 13.5928 -3.9331e-009 -0.484532
13423.6 13.879 -4.55268e-009 -0.495861
13697 14.1653 -4.28883e-009 -0.507351
13970.3 14.4517 -4.3321e-009 -0.519002
