274.553 0.163897 1.08354e-010 -0.0283253
549.081 0.380908 -2.13061e-010 0.014724
823.585 0.597964 -3.41483e-010 0.0576898
1098.06 0.815064 -4.68454e-010 0.100572
1372.52 1.03221 -5.84311e-010 0.143371
1646.95 1.2494 -6.69139e-010 0.186086
1921.35 1.46663 -7.56175e-010 0.228718
2195.73 1.68391 -8.52075e-010 0.271267
2470.09 1.90123 -9.26264e-010 0.313732
2744.42 2.1186 -1.00025e-009 0.356114
3018.72 2.33601 -1.03672e-009 0.398412
3293 2.55347 -1.10795e-009 0.440627
3567.26 2.77097 -1.13379e-009 0.482759
3841.49 2.98852 -1.22549e-009 0.524808
4115.69 3.20611 -1.31398e-009 0.566773
4389.87 3.42375 -1.32091e-009 0.608655
4664.03 3.64144 -1.43361e-009 0.650454
4938.16 3.85917 -1.35383e-009 0.692169
5212.27 4.07695 -1.3867e-009 0.733801
5486.35 4.29477 -1.37123e-009 0.775351
5760.4 4.51264 -1.39549e-009 0.816817
6034.43 4.73056 -1.3143e-009 0.8582
6308.44 4.94852 -1.38151e-009 0.899499
6582.41 5.16653 -1.40113e-009 0.940716
6856.37 5.38459 -1.34591e-009 0.98185
7130.3 5.6027 -1.28426e-009 1.0229
7404.2 5.82085 -1.3467e-009 1.06387
7678.08 6.03904 -1.25333e-009 1.10475
7951.93 6.25729 -7.89677e-010 1.14555
8225.76 6.47558 -1.14618e-009 1.18627
8499.57 6.69392 -1.08552e-009 1.22691
8773.34 6.91231 -1.02769e-009 1.26746
9047.09 7.13075 -9.51219e-010 1.30793
9320.82 7.34923 -8.72555e-010 1.34832
9594.52 7.56776 -9.64268e-010 1.38862
9868.2 7.78634 -7.23323e-010 1.42884
10141.8 8.00497 -6.1531e-010 1.46898
10415.5 8.22364 -5.0392e-010 1.50903
10689.1 8.44237 -3.752e-010 1.54901
10962.6 8.66114 -2.7837e-010 1.58889
11236.2 8.87996 -1.58319e-010 1.6287
11509.7 9.09883 -2.65469e-011 1.66842
11783.2 9.31775 -1.4285e-010 1.70806
12056.7 9.53672 2.4267e-010 1.74762
12330.1 9.75574 3.70209e-010 1.7871
12603.5 9.97481 5.40304e-010 1.82649
12876.9 10.1939 7.98831e-010 1.8658
13150.3 10.4131 9.04318e-010 1.90503
13423.6 10.6323 1.0888e-009 1.94417
13697 10.8516 1.2072e-009 1.98323
13970.3 11.0709 1.30831e-009 2.02221
