274.553 0.479632 2.62778e-010 -0.163742
549.081 1.26522 1.20982e-009 -0.138128
823.585 2.05085 2.07606e-009 -0.11301
1098.06 2.83653 2.72661e-009 -0.0883884
1372.52 3.62226 3.57056e-009 -0.0642634
1646.95 4.40804 4.27625e-009 -0.0406349
1921.35 5.19387 4.95814e-009 -0.017503
2195.73 5.97975 5.76757e-009 0.00513236
2470.09 6.76568 6.48629e-009 0.027271
2744.42 7.55165 7.12782e-009 0.0489128
3018.72 8.33767 7.89138e-009 0.0700578
3293 9.12375 8.67035e-009 0.0907058
3567.26 9.90987 9.29651e-009 0.110857
3841.49 10.696 1.00291e-008 0.130511
4115.69 11.4823 1.17571e-008 0.149668
4389.87 12.2685 1.17658e-008 0.168327
4664.03 13.0549 1.23914e-008 0.186489
4938.16 13.8412 1.30016e-008 0.204154
5212.27 14.6276 1.37739e-008 0.221322
5486.35 15.4141 1.45051e-008 0.237991
5760.4 16.2006 1.51781e-008 0.254164
6034.43 16.9872 1.55511e-008 0.269838
6308.44 17.7738 1.66317e-008 0.285015
6582.41 18.5605 1.75397e-008 0.299694
6856.37 19.3472 1.80867e-008 0.313874
7130.3 20.134 1.92378e-008 0.327557
7404.2 20.9208 1.93736e-008 0.340742
7678.08 21.7077 2.02604e-008 0.353428
7951.93 22.4946 2.08166e-008 0.365616
8225.76 23.2815 2.17338e-008 0.377306
8499.57 24.0686 2.24511e-008 0.388497
8773.34 24.8556 2.32513e-008 0.39919
9047.09 25.6427 2.38941e-008 0.409384
9320.82 26.4299 2.46669e-008 0.419079
9594.52 27.2171 2.82582e-008 0.428275
9868.2 28.0044 2.6024e-008 0.436973
10141.8 28.7917 2.68526e-008 0.445171
10415.5 29.5791 2.75916e-008 0.45287
10689.1 30.3665 2.83216e-008 0.46007
10962.6 31.154 2.89881e-008 0.466771
11236.2 31.9415 2.97316e-008 0.472973
11509.7 32.7291 3.04436e-008 0.478674
11783.2 33.5167 3.15469e-008 0.483877
12056.7 34.3044 3.19182e-008 0.488579
12330.1 35.0921 3.26042e-008 0.492782
12603.5 35.8799 3.33713e-008 0.496485
12876.9 36.6677 3.26583e-008 0.499688
13150.3 37.4556 3.5174e-008 0.50239
13423.6 38.2435 3.44854e-008 0.504593
13697 39.0315 3.62884e-008 0.506295
13970.3 39.8196 3.70999e-008 0.507497
