274.553 0.219141 -6.23029e-010 -0.131204
549.081 0.527914 -8.01939e-010 -0.135151
823.585 0.836737 -1.09918e-009 -0.139268
1098.06 1.14561 -1.45255e-009 -0.143557
1372.52 1.45454 -1.76241e-009 -0.148016
1646.95 1.76351 -2.11933e-009 -0.152646
1921.35 2.07254 -2.47005e-009 -0.157448
2195.73 2.38162 -2.78285e-009 -0.162421
2470.09 2.69076 -3.12266e-009 -0.167566
2744.42 2.99994 -3.48521e-009 -0.172882
3018.72 3.30917 -3.82304e-009 -0.178371
3293 3.61846 -4.12298e-009 -0.184032
3567.26 3.9278 -4.50099e-009 -0.189865
3841.49 4.2372 -4.79878e-009 -0.19587
4115.69 4.54664 -4.64571e-009 -0.202049
4389.87 4.85614 -5.33369e-009 -0.2084
4664.03 5.16569 -5.64049e-009 -0.214923
4938.16 5.4753 -6.0461e-009 -0.221621
5212.27 5.78495 -6.32867e-009 -0.228491
5486.35 6.09467 -6.64225e-009 -0.235535
5760.4 6.40443 -6.96153e-009 -0.242752
6034.43 6.71425 -7.48516e-009 -0.250143
6308.44 7.02412 -7.56491e-009 -0.257708
6582.41 7.33405 -7.78279e-009 -0.265448
6856.37 7.64403 -8.15657e-009 -0.273361
7130.3 7.95407 -8.31366e-009 -0.281449
7404.2 8.26416 -8.78151e-009 -0.289712
7678.08 8.57431 -9.02607e-009 -0.29815
7951.93 8.88451 -9.56429e-009 -0.306762
8225.76 9.19476 -9.58992e-009 -0.31555
8499.57 9.50507 -9.87489e-009 -0.324513
8773.34 9.81544 -1.01122e-008 -0.333651
9047.09 10.1259 -1.04275e-008 -0.342965
9320.82 10.4363 -1.06839e-008 -0.352455
9594.52 10.7469 -9.76289e-009 -0.362121
9868.2 11.0575 -1.12442e-008 -0.371963
10141.8 11.3681 -1.14696e-008 -0.381982
10415.5 11.6788 -1.1739e-008 -0.392177
10689.1 11.9896 -1.20013e-008 -0.402548
10962.6 12.3004 -1.22781e-008 -0.413097
11236.2 12.6113 -1.25261e-008 -0.423823
11509.7 12.9222 -1.27851e-008 -0.434726
11783.2 13.2332 -1.28522e-008 -0.445806
12056.7 13.5442 -1.32763e-008 -0.457064
12330.1 13.8553 -1.3524e-008 -0.468499
12603.5 14.1665 -1.37597e-008 -0.480113
12876.9 14.4777 -1.46371e-008 -0.491905
13150.3 14.789 -1.41599e-008 -0.503875
13423.6 15.1003 -1.49046e-008 -0.516023
13697 15.4117 -1.46994e-008 -0.52835
13970.3 15.7232 -1.48208e-008 -0.540856
