274.553 0.521208 4.03939e-010 -0.163527
549.081 1.41261 1.45126e-009 -0.131305
823.585 2.30405 2.4676e-009 -0.099645
1098.06 3.19553 3.21921e-009 -0.0685461
1372.52 4.08705 4.21766e-009 -0.0380086
1646.95 4.97862 5.04922e-009 -0.00803284
1921.35 5.87022 5.84919e-009 0.0213813
2195.73 6.76187 6.80435e-009 0.0502338
2470.09 7.65356 7.64993e-009 0.0785245
2744.42 8.54529 8.40843e-009 0.106253
3018.72 9.43706 9.31251e-009 0.133421
3293 10.3289 1.02121e-008 0.160026
3567.26 11.2207 1.09616e-008 0.186069
3841.49 12.1126 1.18104e-008 0.21155
4115.69 13.0045 1.37869e-008 0.236469
4389.87 13.8965 1.38489e-008 0.260826
4664.03 14.7885 1.45524e-008 0.284621
4938.16 15.6806 1.52985e-008 0.307854
5212.27 16.5727 1.61939e-008 0.330524
5486.35 17.4648 1.7042e-008 0.352632
5760.4 18.357 1.78381e-008 0.374178
6034.43 19.2492 1.83065e-008 0.395161
6308.44 20.1415 1.95368e-008 0.415582
6582.41 21.0338 2.0579e-008 0.43544
6856.37 21.9262 2.12355e-008 0.454735
7130.3 22.8186 2.25414e-008 0.473468
7404.2 23.711 2.27358e-008 0.491638
7678.08 24.6035 2.37698e-008 0.509245
7951.93 25.496 2.44905e-008 0.526289
8225.76 26.3885 2.54877e-008 0.54277
8499.57 27.2811 2.63226e-008 0.558688
8773.34 28.1738 2.72478e-008 0.574044
9047.09 29.0664 2.79983e-008 0.588836
9320.82 29.9592 2.8902e-008 0.603064
9594.52 30.8519 3.29617e-008 0.61673
9868.2 31.7447 3.04599e-008 0.629832
10141.8 32.6376 3.14267e-008 0.64237
10415.5 33.5305 3.22928e-008 0.654346
10689.1 34.4234 3.31339e-008 0.665757
10962.6 35.3164 3.39132e-008 0.676605
11236.2 36.2094 3.47734e-008 0.686889
11509.7 37.1024 3.55994e-008 0.69661
11783.2 37.9955 3.68598e-008 0.705766
12056.7 38.8887 3.73058e-008 0.714359
12330.1 39.7819 3.80895e-008 0.722387
12603.5 40.6751 3.8985e-008 0.729852
12876.9 41.5683 3.81655e-008 0.736752
13150.3 42.4616 4.10588e-008 0.743088
13423.6 43.355 4.02762e-008 0.74886
13697 44.2484 4.23524e-008 0.754067
13970.3 45.1418 4.32754e-008 0.75871
