274.553 0.312028 -2.42433e-010 -0.0627578
549.081 0.75756 -1.17088e-009 -0.0213189
823.585 1.20316 -1.79679e-009 0.0198823
1098.06 1.64884 -2.43047e-009 0.0608456
1372.52 2.09458 -3.0541e-009 0.101571
1646.95 2.5404 -3.63701e-009 0.142059
1921.35 2.98629 -4.22538e-009 0.182308
2195.73 3.43225 -4.8497e-009 0.22232
2470.09 3.87828 -5.44524e-009 0.262093
2744.42 4.32439 -6.04849e-009 0.301628
3018.72 4.77056 -6.59879e-009 0.340925
3293 5.21681 -7.20151e-009 0.379984
3567.26 5.66314 -7.77467e-009 0.418805
3841.49 6.10953 -8.44345e-009 0.457387
4115.69 6.556 -8.97811e-009 0.49573
4389.87 7.00254 -9.65165e-009 0.533836
4664.03 7.44915 -1.0393e-008 0.571702
4938.16 7.89584 -1.08242e-008 0.60933
5212.27 8.3426 -1.14449e-008 0.64672
5486.35 8.78944 -1.19932e-008 0.68387
5760.4 9.23635 -1.26254e-008 0.720782
6034.43 9.68333 -1.31692e-008 0.757455
6308.44 10.1304 -1.38021e-008 0.793889
6582.41 10.5775 -1.4459e-008 0.830084
6856.37 11.0247 -1.49833e-008 0.86604
7130.3 11.472 -1.54751e-008 0.901757
7404.2 11.9194 -1.62964e-008 0.937235
7678.08 12.3668 -1.67639e-008 0.972473
7951.93 12.8143 -1.66381e-008 1.00747
8225.76 13.2619 -1.79181e-008 1.04223
8499.57 13.7095 -1.85033e-008 1.07675
8773.34 14.1573 -1.90909e-008 1.11103
9047.09 14.6051 -1.96729e-008 1.14508
9320.82 15.053 -2.0246e-008 1.17888
9594.52 15.5009 -2.0911e-008 1.21244
9868.2 15.9489 -2.14781e-008 1.24576
10141.8 16.3971 -2.20097e-008 1.27884
10415.5 16.8452 -2.25772e-008 1.31169
10689.1 17.2935 -2.31207e-008 1.34429
10962.6 17.7418 -2.37321e-008 1.37665
11236.2 18.1903 -2.43103e-008 1.40877
11509.7 18.6388 -2.48787e-008 1.44066
11783.2 19.0873 -2.58842e-008 1.4723
12056.7 19.536 -2.60349e-008 1.5037
12330.1 19.9847 -2.66453e-008 1.53486
12603.5 20.4335 -2.71802e-008 1.56578
12876.9 20.8824 -2.775e-008 1.59646
13150.3 21.3314 -2.82732e-008 1.6269
13423.6 21.7804 -2.88979e-008 1.6571
13697 22.2295 -2.94703e-008 1.68705
13970.3 22.6787 -3.01254e-008 1.71677
