274.553 0.350152 -8.67396e-011 -0.154683
549.081 0.874058 4.29551e-010 -0.143774
823.585 1.39802 8.31657e-010 -0.133185
1098.06 1.92205 1.1148e-009 -0.122917
1372.52 2.44613 1.48877e-009 -0.112968
1646.95 2.97027 1.78073e-009 -0.10334
1921.35 3.49447 2.06158e-009 -0.094032
2195.73 4.01873 2.42153e-009 -0.0850447
2470.09 4.54305 2.72635e-009 -0.0763782
2744.42 5.06743 2.97677e-009 -0.0680325
3018.72 5.59186 3.28919e-009 -0.0600078
3293 6.11636 3.64135e-009 -0.0523042
3567.26 6.64092 3.8744e-009 -0.0449218
3841.49 7.16554 4.20759e-009 -0.0378607
4115.69 7.69022 5.2285e-009 -0.0311211
4389.87 8.21496 5.00196e-009 -0.0247032
4664.03 8.73976 5.2882e-009 -0.0186069
4938.16 9.26462 5.477e-009 -0.0128326
5212.27 9.78954 5.82512e-009 -0.00738022
5486.35 10.3145 6.13208e-009 -0.00225001
5760.4 10.8396 6.41053e-009 0.00255792
6034.43 11.3647 6.44197e-009 0.00704344
6308.44 11.8898 7.02815e-009 0.0112064
6582.41 12.4151 7.47437e-009 0.0150467
6856.37 12.9404 7.64801e-009 0.0185642
7130.3 13.4657 8.22316e-009 0.0217587
7404.2 13.9911 8.17551e-009 0.0246301
7678.08 14.5166 8.57542e-009 0.0271783
7951.93 15.0422 8.59526e-009 0.0294031
8225.76 15.5678 9.20394e-009 0.0313044
8499.57 16.0934 9.50685e-009 0.032882
8773.34 16.6192 9.87889e-009 0.0341358
9047.09 17.1449 1.01228e-008 0.0350657
9320.82 17.6708 1.04587e-008 0.0356715
9594.52 18.1967 1.27601e-008 0.0359531
9868.2 18.7227 1.103e-008 0.0359103
10141.8 19.2488 1.14112e-008 0.035543
10415.5 19.7749 1.17165e-008 0.0348511
10689.1 20.301 1.20324e-008 0.0338343
10962.6 20.8273 1.22995e-008 0.0324926
11236.2 21.3536 1.26221e-008 0.0308257
11509.7 21.88 1.29228e-008 0.0288337
11783.2 22.4064 1.35028e-008 0.0265162
12056.7 22.9329 1.3557e-008 0.0238732
12330.1 23.4595 1.38548e-008 0.0209045
12603.5 23.9861 1.41812e-008 0.0176099
12876.9 24.5128 1.34522e-008 0.0139893
13150.3 25.0395 1.50198e-008 0.0100426
13423.6 25.5664 1.44167e-008 0.0057696
13697 26.0933 1.54349e-008 0.00117012
13970.3 26.6202 1.58422e-008 -0.00375597
