274.553 0.546152 1.67251e-009 -0.160569
549.081 1.51171 3.76974e-009 -0.122775
823.585 2.4773 5.8889e-009 -0.0855851
1098.06 3.44293 7.71738e-009 -0.0489981
1372.52 4.40859 9.82559e-009 -0.0130144
1646.95 5.37429 1.17488e-008 0.0223658
1921.35 6.34002 1.36344e-008 0.0571427
2195.73 7.30579 1.56999e-008 0.0913162
2470.09 8.27159 1.76415e-008 0.124886
2744.42 9.23742 1.94892e-008 0.157853
3018.72 10.2033 2.14981e-008 0.190216
3293 11.1692 2.34919e-008 0.221975
3567.26 12.1351 2.53505e-008 0.253131
3841.49 13.1011 2.7279e-008 0.283683
4115.69 14.0671 3.04323e-008 0.313631
4389.87 15.0332 3.15602e-008 0.342976
4664.03 15.9993 3.33192e-008 0.371717
4938.16 16.9654 3.51912e-008 0.399854
5212.27 17.9315 3.71842e-008 0.427387
5486.35 18.8977 3.91343e-008 0.454316
5760.4 19.8639 4.10315e-008 0.480642
6034.43 20.8302 4.25699e-008 0.506363
6308.44 21.7965 4.49398e-008 0.53148
6582.41 22.7628 4.70952e-008 0.555994
6856.37 23.7292 4.88512e-008 0.579903
7130.3 24.6956 5.13124e-008 0.603208
7404.2 25.662 5.25514e-008 0.625909
7678.08 26.6284 5.47087e-008 0.648005
7951.93 27.5949 5.66004e-008 0.669498
8225.76 28.5615 5.86482e-008 0.690386
8499.57 29.528 6.0593e-008 0.710669
8773.34 30.4946 6.26286e-008 0.730348
9047.09 31.4613 6.44863e-008 0.749423
9320.82 32.428 6.65108e-008 0.767893
9594.52 33.3947 7.19021e-008 0.785758
9868.2 34.3614 7.02644e-008 0.803019
10141.8 35.3282 7.23614e-008 0.819675
10415.5 36.295 7.43541e-008 0.835727
10689.1 37.2618 7.63095e-008 0.851173
10962.6 38.2287 7.81988e-008 0.866015
11236.2 39.1956 8.01779e-008 0.880252
11509.7 40.1626 8.21213e-008 0.893883
11783.2 41.1296 8.45197e-008 0.90691
12056.7 42.0966 8.60606e-008 0.919332
12330.1 43.0637 8.7957e-008 0.931148
12603.5 44.0307 8.9982e-008 0.942359
12876.9 44.9979 9.01177e-008 0.952965
13150.3 45.965 9.43314e-008 0.962966
13423.6 46.9322 9.45725e-008 0.972361
13697 47.8995 9.78329e-008 0.981151
13970.3 48.8667 9.98795e-008 0.989335
