274.553 0.0303532 2.49859e-009 -0.000546106
549.081 0.0674968 4.76502e-009 0.027387
823.585 0.104648 7.09667e-009 0.0553166
1098.06 0.141806 9.43635e-009 0.0832428
1372.52 0.178972 1.1785e-008 0.111166
1646.95 0.216144 1.41498e-008 0.139085
1921.35 0.253325 1.65194e-008 0.167001
2195.73 0.290512 1.88924e-008 0.194914
2470.09 0.327707 2.12788e-008 0.222823
2744.42 0.36491 2.3672e-008 0.250729
3018.72 0.40212 2.60818e-008 0.278632
3293 0.439337 2.84841e-008 0.306532
3567.26 0.476562 3.09144e-008 0.334429
3841.49 0.513794 3.33216e-008 0.362322
4115.69 0.551034 3.57017e-008 0.390213
4389.87 0.588282 3.81819e-008 0.4181
4664.03 0.625536 4.06036e-008 0.445984
4938.16 0.662799 4.30943e-008 0.473866
5212.27 0.700069 4.55513e-008 0.501744
5486.35 0.737347 4.80286e-008 0.529619
5760.4 0.774632 5.05036e-008 0.557492
6034.43 0.811925 5.30368e-008 0.585362
6308.44 0.849225 5.5485e-008 0.613228
6582.41 0.886534 5.79749e-008 0.641092
6856.37 0.923849 6.04968e-008 0.668953
7130.3 0.961173 6.30111e-008 0.696812
7404.2 0.998504 6.5528e-008 0.724667
7678.08 1.03584 6.80708e-008 0.75252
7951.93 1.07319 7.07528e-008 0.78037
8225.76 1.11054 7.31622e-008 0.808218
8499.57 1.14791 7.57201e-008 0.836063
8773.34 1.18528 7.8279e-008 0.863905
9047.09 1.22266 8.08553e-008 0.891745
9320.82 1.26004 8.34336e-008 0.919583
9594.52 1.29744 8.5888e-008 0.947417
9868.2 1.33484 8.86164e-008 0.97525
10141.8 1.37225 9.12136e-008 1.00308
10415.5 1.40966 9.38275e-008 1.03091
10689.1 1.44709 9.64503e-008 1.05873
10962.6 1.48452 9.90733e-008 1.08656
11236.2 1.52196 1.01706e-007 1.11438
11509.7 1.55941 1.04348e-007 1.14219
11783.2 1.59687 1.06927e-007 1.17001
12056.7 1.63434 1.09652e-007 1.19782
12330.1 1.67181 1.12311e-007 1.22564
12603.5 1.70929 1.14987e-007 1.25344
12876.9 1.74678 1.17778e-007 1.28125
13150.3 1.78428 1.2035e-007 1.30906
13423.6 1.82178 1.23098e-007 1.33686
13697 1.8593 1.25747e-007 1.36466
13970.3 1.89682 1.28428e-007 1.39246
