274.553 0.480934 -4.4652e-010 -0.106666
549.081 1.25101 -1.93367e-009 -0.0793707
823.585 2.02115 -2.93618e-009 -0.0525431
1098.06 2.79135 -3.94814e-009 -0.0261831
1372.52 3.56162 -4.97779e-009 -0.00029089
1646.95 4.33195 -5.92854e-009 0.0251335
1921.35 5.10234 -6.88003e-009 0.0500901
2195.73 5.87279 -7.91219e-009 0.0745786
2470.09 6.64331 -8.88755e-009 0.0985991
2744.42 7.4139 -9.88561e-009 0.122151
3018.72 8.18454 -1.08132e-008 0.145236
3293 8.95525 -1.17791e-008 0.167851
3567.26 9.72602 -1.27531e-008 0.189999
3841.49 10.4969 -1.38444e-008 0.211678
4115.69 11.2678 -1.4481e-008 0.232888
4389.87 12.0387 -1.58305e-008 0.25363
4664.03 12.8097 -1.70489e-008 0.273902
4938.16 13.5808 -1.77964e-008 0.293706
5212.27 14.352 -1.882e-008 0.313042
5486.35 15.1232 -1.97443e-008 0.331908
5760.4 15.8945 -2.07998e-008 0.350304
6034.43 16.6658 -2.18267e-008 0.368232
6308.44 17.4373 -2.27705e-008 0.38569
6582.41 18.2087 -2.38601e-008 0.402679
6856.37 18.9803 -2.4756e-008 0.419199
7130.3 19.7519 -2.55541e-008 0.435248
7404.2 20.5235 -2.70102e-008 0.450828
7678.08 21.2953 -2.77631e-008 0.465939
7951.93 22.0671 -2.76983e-008 0.480579
8225.76 22.8389 -2.97167e-008 0.494749
8499.57 23.6109 -3.07125e-008 0.508449
8773.34 24.3829 -3.16852e-008 0.521679
9047.09 25.1549 -3.27017e-008 0.534439
9320.82 25.927 -3.36728e-008 0.546728
9594.52 26.6992 -3.43908e-008 0.558547
9868.2 27.4715 -3.57779e-008 0.569895
10141.8 28.2438 -3.66778e-008 0.580772
10415.5 29.0162 -3.76646e-008 0.591179
10689.1 29.7886 -3.85903e-008 0.601115
10962.6 30.5611 -3.96596e-008 0.610579
11236.2 31.3337 -4.06542e-008 0.619572
11509.7 32.1064 -4.16383e-008 0.628095
11783.2 32.8791 -4.35227e-008 0.636145
12056.7 33.6518 -4.36446e-008 0.643725
12330.1 34.4247 -4.46879e-008 0.650832
12603.5 35.1976 -4.56276e-008 0.657468
12876.9 35.9706 -4.6919e-008 0.663632
13150.3 36.7436 -4.75254e-008 0.669325
13423.6 37.5167 -4.87792e-008 0.674545
13697 38.2899 -4.96247e-008 0.679293
13970.3 39.0631 -5.0706e-008 0.683569
