274.553 0.161471 4.04789e-010 -0.0283248
549.081 0.374984 3.8732e-010 0.0147272
823.585 0.588541 5.49243e-010 0.0576979
1098.06 0.802141 7.00172e-010 0.100587
1372.52 1.01578 8.4947e-010 0.143395
1646.95 1.22947 1.01715e-009 0.186122
1921.35 1.4432 1.1699e-009 0.228768
2195.73 1.65698 1.30129e-009 0.271333
2470.09 1.8708 1.44172e-009 0.313816
2744.42 2.08467 1.56999e-009 0.356218
3018.72 2.29858 1.72283e-009 0.39854
3293 2.51253 1.82826e-009 0.44078
3567.26 2.72653 1.96694e-009 0.482939
3841.49 2.94057 2.02711e-009 0.525017
4115.69 3.15466 2.07569e-009 0.567013
4389.87 3.3688 2.19706e-009 0.608929
4664.03 3.58297 2.19869e-009 0.650764
4938.16 3.7972 2.37967e-009 0.692518
5212.27 4.01147 2.43554e-009 0.734191
5486.35 4.22579 2.52708e-009 0.775783
5760.4 4.44015 2.56675e-009 0.817294
6034.43 4.65455 2.69947e-009 0.858725
6308.44 4.86901 2.67033e-009 0.900074
6582.41 5.08351 2.67676e-009 0.941343
6856.37 5.29805 2.74549e-009 0.98253
7130.3 5.51265 2.80721e-009 1.02364
7404.2 5.72728 2.73504e-009 1.06466
7678.08 5.94197 2.80362e-009 1.10561
7951.93 6.1567 3.22876e-009 1.14647
8225.76 6.37148 2.82512e-009 1.18726
8499.57 6.58631 2.82433e-009 1.22796
8773.34 6.80118 2.80803e-009 1.26858
9047.09 7.0161 2.79817e-009 1.30912
9320.82 7.23107 2.77781e-009 1.34959
9594.52 7.44608 2.57118e-009 1.38997
9868.2 7.66114 2.69221e-009 1.43027
10141.8 7.87625 2.66344e-009 1.47048
10415.5 8.09141 2.62613e-009 1.51062
10689.1 8.30662 2.59349e-009 1.55068
10962.6 8.52187 2.51695e-009 1.59066
11236.2 8.73717 2.45092e-009 1.63055
11509.7 8.95252 2.38422e-009 1.67037
11783.2 9.16792 2.05857e-009 1.71011
12056.7 9.38337 2.21926e-009 1.74976
12330.1 9.59886 2.11128e-009 1.78934
12603.5 9.81441 2.03302e-009 1.82883
12876.9 10.03 2.03322e-009 1.86824
13150.3 10.2456 1.86316e-009 1.90758
13423.6 10.4613 1.76439e-009 1.94683
13697 10.6771 1.58376e-009 1.986
13970.3 10.8929 1.37512e-009 2.02509
