276.021 43.4366 -0 12.5559 0 0 0 -43.4366 0 -12.5559 0 0 0 44.3682 -0 12.8252 0 0 0 -44.3682 0 -12.8252 0 0 0
552.042 82.1222 -0 23.7385 0 0 0 -82.1222 0 -23.7385 0 0 0 86.8562 -0 25.1069 0 0 0 -86.8562 0 -25.1069 0 0 0
828.063 120.808 -0 34.921 0 0 0 -120.808 0 -34.921 0 0 0 129.344 -0 37.3886 0 0 0 -129.344 0 -37.3886 0 0 0
1104.08 159.494 -0 46.1036 0 0 0 -159.494 0 -46.1036 0 0 0 171.832 -0 49.6703 0 0 0 -171.832 0 -49.6703 0 0 0
1380.1 198.179 -0 57.2862 0 0 0 -198.179 0 -57.2862 0 0 0 214.32 -0 61.952 0 0 0 -214.32 0 -61.952 0 0 0
1656.13 236.865 -0 68.4688 0 0 0 -236.865 0 -68.4688 0 0 0 256.808 -0 74.2337 0 0 0 -256.808 0 -74.2337 0 0 0
1932.15 275.551 -0 79.6513 0 0 0 -275.551 0 -79.6513 0 0 0 299.296 -0 86.5154 0 0 0 -299.296 0 -86.5154 0 0 0
2208.17 314.236 -0 90.8339 0 0 0 -314.236 0 -90.8339 0 0 0 341.785 -0 98.7971 0 0 0 -341.785 0 -98.7971 0 0 0
2484.19 352.922 -0 102.016 0 0 0 -352.922 0 -102.016 0 0 0 384.273 -0 111.079 0 0 0 -384.273 0 -111.079 0 0 0
2760.21 391.608 -0 113.199 0 0 0 -391.608 0 -113.199 0 0 0 426.761 -0 123.36 0 0 0 -426.761 0 -123.36 0 0 0
3036.23 430.293 -0 124.382 0 0 0 -430.293 0 -124.382 0 0 0 469.249 -0 135.642 0 0 0 -469.249 0 -135.642 0 0 0
3312.25 468.979 -0 135.564 0 0 0 -468.979 0 -135.564 0 0 0 511.737 -0 147.924 0 0 0 -511.737 0 -147.924 0 0 0
3588.27 507.665 -0 146.747 0 0 0 -507.665 0 -146.747 0 0 0 554.225 -0 160.206 0 0 0 -554.225 0 -160.206 0 0 0
3864.29 546.35 -0 157.929 0 0 0 -546.35 0 -157.929 0 0 0 596.713 -0 172.487 0 0 0 -596.713 0 -172.487 0 0 0
4140.31 585.036 -0 169.112 0 0 0 -585.036 0 -169.112 0 0 0 639.201 -0 184.769 0 0 0 -639.201 0 -184.769 0 0 0
4416.33 623.722 -0 180.295 0 0 0 -623.722 0 -180.295 0 0 0 681.689 -0 197.051 0 0 0 -681.689 0 -197.051 0 0 0
4692.36 662.407 -0 191.477 0 0 0 -662.407 0 -191.477 0 0 0 724.177 -0 209.332 0 0 0 -724.177 0 -209.332 0 0 0
