274.535 0.442325 -6.38889e-010 -0.0939115
549.08 1.12843 -1.49037e-009 -0.0608065
823.636 1.81457 -2.40646e-009 -0.027701
1098.2 2.50073 -3.03022e-009 0.00540494
1372.78 3.18691 -3.8879e-009 0.0385113
1647.37 3.87313 -4.21783e-009 0.071618
1921.97 4.55937 -5.44234e-009 0.104725
2196.58 5.24564 -6.11257e-009 0.137832
2471.21 5.93193 -6.96205e-009 0.17094
2745.84 6.61826 -7.77775e-009 0.204048
3020.49 7.30461 -8.46104e-009 0.237157
3295.15 7.99098 -9.98251e-009 0.270265
3569.83 8.67739 -9.34307e-009 0.303374
3844.51 9.36382 -1.10344e-008 0.336483
4119.21 10.0503 -1.18385e-008 0.369593
4393.92 10.7368 -1.26998e-008 0.402702
4668.65 11.4233 -1.35469e-008 0.435812
4943.39 12.1098 -1.44482e-008 0.468922
5218.15 12.7964 -1.52481e-008 0.502032
5492.91 13.483 -1.6179e-008 0.535143
5767.7 14.1696 -1.70552e-008 0.568253
6042.49 14.8563 -1.78082e-008 0.601363
6317.3 15.543 -1.87124e-008 0.634474
6592.13 16.2297 -1.9593e-008 0.667585
6866.97 16.9165 -2.04996e-008 0.700695
7141.83 17.6032 -2.1358e-008 0.733806
7416.7 18.29 -2.23909e-008 0.766917
7691.59 18.9769 -2.29755e-008 0.800027
7966.5 19.6637 -2.4082e-008 0.833138
8241.42 20.3506 -2.50087e-008 0.866248
8516.35 21.0376 -2.59437e-008 0.899359
8791.31 21.7245 -2.69087e-008 0.932469
9066.28 22.4115 -2.78277e-008 0.96558
9341.27 23.0985 -2.83287e-008 0.99869
9616.27 23.7856 -2.94931e-008 1.0318
9891.29 24.4726 -3.06894e-008 1.06491
10166.3 25.1597 -3.15897e-008 1.09802
10441.4 25.8469 -3.25452e-008 1.13113
10716.5 26.5341 -3.36682e-008 1.16424
10991.6 27.2213 -3.50124e-008 1.19735
11266.7 27.9085 -3.58258e-008 1.23046
11541.8 28.5957 -3.65226e-008 1.26357
11817 29.283 -3.74841e-008 1.29667
12092.1 29.9704 -3.8424e-008 1.32978
12367.3 30.6577 -3.88942e-008 1.36289
12642.5 31.3451 -4.04637e-008 1.396
12917.7 32.0325 -4.14597e-008 1.4291
13193 32.72 -4.24746e-008 1.46221
13468.3 33.4075 -4.35301e-008 1.49532
13743.5 34.095 -4.45571e-008 1.52842
14018.9 34.7825 -4.56971e-008 1.56153
