274.535 0.161482 2.13516e-010 -0.0283035
549.08 0.374987 3.68052e-010 0.0148538
823.636 0.588511 4.70877e-010 0.0580172
1098.2 0.802055 7.41104e-010 0.101187
1372.78 1.01562 8.54855e-010 0.144362
1647.37 1.2292 1.24803e-009 0.187544
1921.97 1.4428 1.27856e-009 0.230732
2196.58 1.65643 1.50508e-009 0.273926
2471.21 1.87007 1.66683e-009 0.317126
2745.84 2.08373 1.83669e-009 0.360332
3020.49 2.29741 2.08433e-009 0.403545
3295.15 2.51112 2.02321e-009 0.446764
3569.83 2.72484 2.74747e-009 0.489989
3844.51 2.93859 2.59651e-009 0.533221
4119.21 3.15235 2.78987e-009 0.576459
4393.92 3.36614 2.96691e-009 0.619704
4668.65 3.57995 3.14382e-009 0.662955
4943.39 3.79378 3.30276e-009 0.706212
5218.15 4.00763 3.51419e-009 0.749476
5492.91 4.2215 3.68071e-009 0.792746
5767.7 4.4354 3.84218e-009 0.836024
6042.49 4.64931 4.08984e-009 0.879307
6317.3 4.86325 4.25961e-009 0.922597
6592.13 5.07722 4.44158e-009 0.965894
6866.97 5.2912 4.61387e-009 1.0092
7141.83 5.50521 4.81694e-009 1.05251
7416.7 5.71924 4.91886e-009 1.09583
7691.59 5.93329 5.31143e-009 1.13915
7966.5 6.14737 5.36395e-009 1.18248
8241.42 6.36147 5.53984e-009 1.22582
8516.35 6.57559 5.71855e-009 1.26916
8791.31 6.78974 5.89112e-009 1.31251
9066.28 7.00391 6.06414e-009 1.35587
9341.27 7.2181 6.4694e-009 1.39924
9616.27 7.43232 6.54155e-009 1.44261
9891.29 7.64656 6.5974e-009 1.48599
10166.3 7.86083 6.81628e-009 1.52937
10441.4 8.07512 6.99901e-009 1.57277
10716.5 8.28944 7.09091e-009 1.61617
10991.6 8.50378 7.0659e-009 1.65957
11266.7 8.71815 7.36907e-009 1.70299
11541.8 8.93254 7.62467e-009 1.74641
11817 9.14696 7.88725e-009 1.78984
12092.1 9.3614 8.09855e-009 1.83328
12367.3 9.57587 8.43623e-009 1.87672
12642.5 9.79036 8.44638e-009 1.92017
12917.7 10.0049 8.63252e-009 1.96363
13193 10.2194 8.81723e-009 2.00709
13468.3 10.434 8.98019e-009 2.05057
13743.5 10.6486 9.17278e-009 2.09405
14018.9 10.8632 9.30471e-009 2.13753
