274.535 0.442325 8.51161e-010 -0.0939115
549.08 1.12843 1.51074e-009 -0.0608065
823.636 1.81457 2.11729e-009 -0.027701
1098.2 2.50073 3.02774e-009 0.00540494
1372.78 3.18691 3.71584e-009 0.0385113
1647.37 3.87313 4.94328e-009 0.071618
1921.97 4.55937 5.2877e-009 0.104725
2196.58 5.24564 6.19798e-009 0.137832
2471.21 5.93193 6.94059e-009 0.17094
2745.84 6.61826 7.72855e-009 0.204048
3020.49 7.30461 8.66049e-009 0.237157
3295.15 7.99098 8.76583e-009 0.270265
3569.83 8.67739 1.10437e-008 0.303374
3844.51 9.36382 1.10023e-008 0.336483
4119.21 10.0503 1.18597e-008 0.369593
4393.92 10.7368 1.26715e-008 0.402702
4668.65 11.4233 1.35092e-008 0.435812
4943.39 12.1098 1.4304e-008 0.468922
5218.15 12.7964 1.5212e-008 0.502032
5492.91 13.483 1.60006e-008 0.535143
5767.7 14.1696 1.68553e-008 0.568253
6042.49 14.8563 1.78449e-008 0.601363
6317.3 15.543 1.86948e-008 0.634474
6592.13 16.2297 1.95798e-008 0.667585
6866.97 16.9165 2.04505e-008 0.700695
7141.83 17.6032 2.1381e-008 0.733806
7416.7 18.29 2.21485e-008 0.766917
7691.59 18.9769 2.33759e-008 0.800027
7966.5 19.6637 2.4093e-008 0.833138
8241.42 20.3506 2.50013e-008 0.866248
8516.35 21.0376 2.5913e-008 0.899359
8791.31 21.7245 2.68063e-008 0.932469
9066.28 22.4115 2.77572e-008 0.96558
9341.27 23.0985 2.91376e-008 0.99869
9616.27 23.7856 2.98661e-008 1.0318
9891.29 24.4726 3.05743e-008 1.06491
10166.3 25.1597 3.15902e-008 1.09802
10441.4 25.8469 3.25623e-008 1.13113
10716.5 26.5341 3.33785e-008 1.16424
10991.6 27.2213 3.39851e-008 1.19735
11266.7 27.9085 3.51341e-008 1.23046
11541.8 28.5957 3.64112e-008 1.26357
11817 29.283 3.74352e-008 1.29667
12092.1 29.9704 3.84924e-008 1.32978
12367.3 30.6577 4.00308e-008 1.36289
12642.5 31.3451 4.04814e-008 1.396
12917.7 32.0325 4.15172e-008 1.4291
13193 32.72 4.25456e-008 1.46221
13468.3 33.4075 4.3545e-008 1.49532
13743.5 34.095 4.45844e-008 1.52842
14018.9 34.7825 4.55224e-008 1.56153
