274.535 0.296408 5.29984e-010 -0.144952
549.08 0.728756 1.12698e-009 -0.141426
823.636 1.16112 2.00488e-009 -0.137906
1098.2 1.5935 2.26838e-009 -0.134392
1372.78 2.0259 3.10437e-009 -0.130885
1647.37 2.45831 3.28166e-009 -0.127383
1921.97 2.89075 4.05406e-009 -0.123887
2196.58 3.3232 4.62885e-009 -0.120397
2471.21 3.75566 5.29407e-009 -0.116914
2745.84 4.18815 6.06603e-009 -0.113436
3020.49 4.62065 6.39353e-009 -0.109965
3295.15 5.05317 7.34535e-009 -0.1065
3569.83 5.48571 7.44807e-009 -0.10304
3844.51 5.91827 8.43515e-009 -0.0995871
4119.21 6.35085 9.08642e-009 -0.09614
4393.92 6.78345 9.73759e-009 -0.092699
4668.65 7.21606 1.03498e-008 -0.089264
4943.39 7.6487 1.11071e-008 -0.0858352
5218.15 8.08135 1.17918e-008 -0.0824124
5492.91 8.51403 1.24586e-008 -0.0789957
5767.7 8.94672 1.3157e-008 -0.0755851
6042.49 9.37943 1.37391e-008 -0.0721806
6317.3 9.81217 1.4478e-008 -0.0687823
6592.13 10.2449 1.52009e-008 -0.06539
6866.97 10.6777 1.59665e-008 -0.0620038
7141.83 11.1105 1.66113e-008 -0.0586237
7416.7 11.5433 1.75992e-008 -0.0552497
7691.59 11.9762 1.79484e-008 -0.0518818
7966.5 12.409 1.88117e-008 -0.04852
8241.42 12.8419 1.95791e-008 -0.0451643
8516.35 13.2748 2.03735e-008 -0.0418148
8791.31 13.7077 2.10907e-008 -0.0384713
9066.28 14.1407 2.20575e-008 -0.035134
9341.27 14.5737 2.23748e-008 -0.0318027
9616.27 15.0066 2.31541e-008 -0.0284776
9891.29 15.4397 2.43603e-008 -0.0251586
10166.3 15.8727 2.49777e-008 -0.0218458
10441.4 16.3058 2.5783e-008 -0.018539
10716.5 16.7389 2.65624e-008 -0.0152384
10991.6 17.172 2.82181e-008 -0.0119439
11266.7 17.6051 2.84159e-008 -0.00865556
11541.8 18.0383 2.90914e-008 -0.00537333
11817 18.4714 2.99384e-008 -0.00209723
12092.1 18.9047 3.06837e-008 0.00117274
12367.3 19.3379 3.13858e-008 0.00443657
12642.5 19.7711 3.23967e-008 0.00769427
12917.7 20.2044 3.32718e-008 0.0109458
13193 20.6377 3.41232e-008 0.0141912
13468.3 21.0711 3.50075e-008 0.0174305
13743.5 21.5044 3.58754e-008 0.0206636
14018.9 21.9378 3.68199e-008 0.0238906
