274.535 0.382643 7.66539e-010 -0.0790495
549.08 0.951982 1.3749e-009 -0.0410742
823.636 1.52135 1.92042e-009 -0.00309697
1098.2 2.09075 2.75923e-009 0.034882
1372.78 2.66018 3.37769e-009 0.0728627
1647.37 3.22964 4.47794e-009 0.110845
1921.97 3.79913 4.83928e-009 0.148829
2196.58 4.36864 5.66461e-009 0.186815
2471.21 4.93819 6.35091e-009 0.224803
2745.84 5.50778 7.07048e-009 0.262792
3020.49 6.07739 7.93356e-009 0.300783
3295.15 6.64703 8.0961e-009 0.338776
3569.83 7.2167 1.00708e-008 0.376771
3844.51 7.78641 1.0116e-008 0.414767
4119.21 8.35615 1.09116e-008 0.452764
4393.92 8.92591 1.16712e-008 0.490763
4668.65 9.49571 1.24425e-008 0.528764
4943.39 10.0655 1.31947e-008 0.566767
5218.15 10.6354 1.40457e-008 0.60477
5492.91 11.2053 1.4795e-008 0.642776
5767.7 11.7752 1.559e-008 0.680783
6042.49 12.3452 1.65208e-008 0.718791
6317.3 12.9152 1.73222e-008 0.756802
6592.13 13.4852 1.81565e-008 0.794813
6866.97 14.0553 1.89793e-008 0.832826
7141.83 14.6254 1.98592e-008 0.87084
7416.7 15.1955 2.05833e-008 0.908856
7691.59 15.7657 2.17383e-008 0.946874
7966.5 16.3359 2.24337e-008 0.984892
8241.42 16.9061 2.32962e-008 1.02291
8516.35 17.4764 2.41672e-008 1.06093
8791.31 18.0467 2.50266e-008 1.09896
9066.28 18.617 2.59248e-008 1.13698
9341.27 19.1874 2.72715e-008 1.17501
9616.27 19.7578 2.79547e-008 1.21303
9891.29 20.3282 2.86218e-008 1.25106
10166.3 20.8987 2.95992e-008 1.28909
10441.4 21.4692 3.05333e-008 1.32712
10716.5 22.0397 3.13317e-008 1.36515
10991.6 22.6103 3.19513e-008 1.40319
11266.7 23.1809 3.30349e-008 1.44122
11541.8 23.7516 3.42403e-008 1.47926
11817 24.3223 3.52319e-008 1.51729
12092.1 24.893 3.62538e-008 1.55533
12367.3 25.4638 3.76518e-008 1.59337
12642.5 26.0345 3.81836e-008 1.63141
12917.7 26.6054 3.91847e-008 1.66945
13193 27.1763 4.01849e-008 1.7075
13468.3 27.7472 4.11585e-008 1.74554
13743.5 28.3181 4.21687e-008 1.78358
14018.9 28.8891 4.31022e-008 1.82163
