274.535 0.480927 -8.70597e-010 -0.106583
549.08 1.25098 -1.9734e-009 -0.0787786
823.636 2.02106 -3.13375e-009 -0.0509746
1098.2 2.79115 -3.98599e-009 -0.0231715
1372.78 3.56127 -5.08961e-009 0.00463064
1647.37 4.33142 -5.58809e-009 0.0324318
1921.97 5.10158 -7.10703e-009 0.060232
2196.58 5.87177 -7.98892e-009 0.0880312
2471.21 6.64198 -9.07195e-009 0.115829
2745.84 7.41222 -1.00918e-008 0.143626
3020.49 8.18247 -1.10038e-008 0.171423
3295.15 8.95275 -1.28439e-008 0.199218
3569.83 9.72306 -1.22234e-008 0.227011
3844.51 10.4934 -1.42648e-008 0.254804
4119.21 11.2637 -1.52832e-008 0.282596
4393.92 12.0341 -1.63705e-008 0.310387
4668.65 12.8045 -1.74229e-008 0.338176
4943.39 13.5749 -1.85542e-008 0.365964
5218.15 14.3454 -1.95665e-008 0.393751
5492.91 15.1158 -2.07276e-008 0.421537
5767.7 15.8863 -2.17957e-008 0.449322
6042.49 16.6568 -2.27611e-008 0.477105
6317.3 17.4274 -2.38751e-008 0.504887
6592.13 18.1979 -2.49626e-008 0.532668
6866.97 18.9685 -2.60774e-008 0.560447
7141.83 19.7391 -2.71397e-008 0.588225
7416.7 20.5098 -2.83696e-008 0.616002
7691.59 21.2804 -2.91228e-008 0.643778
7966.5 22.0511 -3.04736e-008 0.671552
8241.42 22.8218 -3.15956e-008 0.699325
8516.35 23.5926 -3.27323e-008 0.727096
8791.31 24.3633 -3.39038e-008 0.754866
9066.28 25.1341 -3.5006e-008 0.782635
9341.27 25.9049 -3.56872e-008 0.810402
9616.27 26.6758 -3.70805e-008 0.838167
9891.29 27.4466 -3.84544e-008 0.865931
10166.3 28.2175 -3.95416e-008 0.893694
10441.4 28.9884 -4.06868e-008 0.921455
10716.5 29.7594 -4.19978e-008 0.949214
10991.6 30.5303 -4.36104e-008 0.976972
11266.7 31.3013 -4.45213e-008 1.00473
11541.8 32.0723 -4.54423e-008 1.03248
11817 32.8434 -4.6552e-008 1.06024
12092.1 33.6144 -4.76707e-008 1.08799
12367.3 34.3855 -4.82059e-008 1.11574
12642.5 35.1567 -5.00719e-008 1.14349
12917.7 35.9278 -5.12429e-008 1.17123
13193 36.699 -5.24298e-008 1.19898
13468.3 37.4702 -5.3665e-008 1.22672
13743.5 38.2414 -5.48653e-008 1.25446
14018.9 39.0127 -5.61896e-008 1.2822
