274.535 0 0 0
549.08 0 0 0
823.636 0 0 0
1098.2 0 0 0
1372.78 0 0 0
1647.37 0 0 0
1921.97 0 0 0
2196.58 0 0 0
2471.21 0 0 0
2745.84 0 0 0
3020.49 0 0 0
3295.15 0 0 0
3569.83 0 0 0
3844.51 0 0 0
4119.21 0 0 0
4393.92 0 0 0
4668.65 0 0 0
4943.39 0 0 0
5218.15 0 0 0
5492.91 0 0 0
5767.7 0 0 0
6042.49 0 0 0
6317.3 0 0 0
6592.13 0 0 0
6866.97 0 0 0
7141.83 0 0 0
7416.7 0 0 0
7691.59 0 0 0
7966.5 0 0 0
8241.42 0 0 0
8516.35 0 0 0
8791.31 0 0 0
9066.28 0 0 0
9341.27 0 0 0
9616.27 0 0 0
9891.29 0 0 0
10166.3 0 0 0
10441.4 0 0 0
10716.5 0 0 0
10991.6 0 0 0
11266.7 0 0 0
11541.8 0 0 0
11817 0 0 0
12092.1 0 0 0
12367.3 0 0 0
12642.5 0 0 0
12917.7 0 0 0
13193 0 0 0
13468.3 0 0 0
13743.5 0 0 0
14018.9 0 0 0
