274.535 0.364017 -6.58182e-010 -0.154613
549.08 0.913833 -1.25903e-009 -0.14334
823.636 1.46367 -1.52517e-009 -0.132074
1098.2 2.01351 -2.56246e-009 -0.120815
1372.78 2.56338 -2.89736e-009 -0.109563
1647.37 3.11327 -4.08067e-009 -0.0983176
1921.97 3.66317 -4.53982e-009 -0.087079
2196.58 4.21309 -5.24997e-009 -0.0758472
2471.21 4.76302 -5.86753e-009 -0.0646222
2745.84 5.31298 -6.3609e-009 -0.0534039
3020.49 5.86295 -7.43445e-009 -0.0421924
3295.15 6.41295 -7.75794e-009 -0.0309877
3569.83 6.96296 -9.05929e-009 -0.0197898
3844.51 7.51299 -9.39835e-009 -0.00859858
4119.21 8.06304 -1.0119e-008 0.00258587
4393.92 8.6131 -1.0857e-008 0.0137636
4668.65 9.16319 -1.16696e-008 0.0249345
4943.39 9.7133 -1.22985e-008 0.0360988
5218.15 10.2634 -1.30307e-008 0.0472563
5492.91 10.8136 -1.38181e-008 0.0584071
5767.7 11.3637 -1.45714e-008 0.0695512
6042.49 11.9139 -1.54735e-008 0.0806886
6317.3 12.4641 -1.62062e-008 0.0918192
6592.13 13.0144 -1.69727e-008 0.102943
6866.97 13.5646 -1.7699e-008 0.114061
7141.83 14.1149 -1.8593e-008 0.125171
7416.7 14.6652 -1.90801e-008 0.136275
7691.59 15.2155 -2.03436e-008 0.147372
7966.5 15.7658 -2.10292e-008 0.158463
8241.42 16.3162 -2.18315e-008 0.169547
8516.35 16.8665 -2.26069e-008 0.180624
8791.31 17.4169 -2.35033e-008 0.191695
9066.28 17.9674 -2.40886e-008 0.202759
9341.27 18.5178 -2.54655e-008 0.213816
9616.27 19.0683 -2.6376e-008 0.224867
9891.29 19.6187 -2.67152e-008 0.235911
10166.3 20.1693 -2.7808e-008 0.246949
10441.4 20.7198 -2.86797e-008 0.257979
10716.5 21.2703 -2.96386e-008 0.269004
10991.6 21.8209 -2.94449e-008 0.280021
11266.7 22.3715 -3.11511e-008 0.291032
11541.8 22.9222 -3.22282e-008 0.302037
11817 23.4728 -3.30945e-008 0.313035
12092.1 24.0235 -3.41287e-008 0.324026
12367.3 24.5742 -3.52152e-008 0.335011
12642.5 25.1249 -3.59669e-008 0.345989
12917.7 25.6756 -3.68786e-008 0.356961
13193 26.2264 -3.7843e-008 0.367926
13468.3 26.7772 -3.87844e-008 0.378885
13743.5 27.328 -3.97506e-008 0.389837
14018.9 27.8789 -4.06466e-008 0.400782
