274.535 0.163907 1.18531e-011 -0.0728155
549.08 0.380911 2.9364e-012 -0.0938484
823.636 0.597933 8.66087e-012 -0.11488
1098.2 0.814976 9.8372e-014 -0.135911
1372.78 1.03204 2.66707e-011 -0.156941
1647.37 1.24912 2.38982e-011 -0.17797
1921.97 1.46622 -9.07827e-012 -0.198998
2196.58 1.68334 5.18378e-012 -0.220026
2471.21 1.90049 2.60262e-012 -0.241052
2745.84 2.11765 1.36092e-011 -0.262077
3020.49 2.33483 5.29761e-012 -0.283101
3295.15 2.55204 -6.24557e-011 -0.304124
3569.83 2.76926 8.33976e-011 -0.325147
3844.51 2.98651 1.34963e-012 -0.346168
4119.21 3.20378 4.50429e-012 -0.367188
4393.92 3.42106 2.14082e-012 -0.388208
4668.65 3.63838 -7.7573e-012 -0.409226
4943.39 3.85571 -3.63146e-012 -0.430243
5218.15 4.07306 5.13304e-012 -0.45126
5492.91 4.29044 -3.32583e-012 -0.472275
5767.7 4.50784 -5.18105e-013 -0.49329
6042.49 4.72526 -8.51539e-014 -0.514303
6317.3 4.9427 -5.87518e-013 -0.535316
6592.13 5.16017 1.18281e-012 -0.556328
6866.97 5.37766 3.15577e-012 -0.577338
7141.83 5.59517 1.01583e-012 -0.598348
7416.7 5.81271 6.71896e-012 -0.619357
7691.59 6.03026 2.43221e-011 -0.640364
7966.5 6.24785 9.6667e-015 -0.661371
8241.42 6.46545 1.41976e-013 -0.682377
8516.35 6.68308 2.34576e-012 -0.703382
8791.31 6.90074 -7.34753e-012 -0.724385
9066.28 7.11841 1.26955e-011 -0.745388
9341.27 7.33612 6.28921e-011 -0.76639
9616.27 7.55384 1.67138e-011 -0.787391
9891.29 7.77159 1.03677e-011 -0.808391
10166.3 7.98937 1.49975e-013 -0.82939
10441.4 8.20717 9.37768e-013 -0.850388
10716.5 8.425 -9.04276e-012 -0.871385
10991.6 8.64285 6.17837e-012 -0.892381
11266.7 8.86073 -2.05343e-011 -0.913376
11541.8 9.07863 1.0274e-011 -0.93437
11817 9.29656 1.80606e-012 -0.955363
12092.1 9.51451 9.66455e-014 -0.976355
12367.3 9.73249 8.2524e-011 -0.997346
12642.5 9.9505 -2.24154e-012 -1.01834
12917.7 10.1685 1.22892e-012 -1.03932
13193 10.3866 1.39635e-012 -1.06031
13468.3 10.6047 1.76456e-013 -1.0813
13743.5 10.8228 -1.63942e-013 -1.10229
14018.9 11.0409 -1.10513e-011 -1.12327
