274.535 0.221215 9.21439e-010 -0.0455181
549.08 0.522126 1.73524e-009 -0.00180856
823.636 0.823062 2.48693e-009 0.0419056
1098.2 1.12402 3.4656e-009 0.0856245
1372.78 1.42501 4.25202e-009 0.129348
1647.37 1.72602 5.39451e-009 0.173076
1921.97 2.02706 6.06755e-009 0.216809
2196.58 2.32813 7.0103e-009 0.260547
2471.21 2.62922 7.87016e-009 0.304289
2745.84 2.93033 8.74644e-009 0.348036
3020.49 3.23148 9.7287e-009 0.391787
3295.15 3.53265 1.02902e-008 0.435544
3569.83 3.83385 1.19344e-008 0.479305
3844.51 4.13507 1.24002e-008 0.523071
4119.21 4.43632 1.33318e-008 0.566841
4393.92 4.7376 1.42455e-008 0.610617
4668.65 5.03891 1.51668e-008 0.654397
4943.39 5.34024 1.60668e-008 0.698182
5218.15 5.64161 1.70384e-008 0.741972
5492.91 5.943 1.79527e-008 0.785766
5767.7 6.24442 1.88806e-008 0.829566
6042.49 6.54587 1.99111e-008 0.87337
6317.3 6.84734 2.08497e-008 0.917179
6592.13 7.14885 2.18096e-008 0.960993
6866.97 7.45039 2.27623e-008 1.00481
7141.83 7.75195 2.37578e-008 1.04864
7416.7 8.05354 2.46322e-008 1.09246
7691.59 8.35517 2.5847e-008 1.1363
7966.5 8.65682 2.66951e-008 1.18014
8241.42 8.95851 2.76757e-008 1.22398
8516.35 9.26022 2.86645e-008 1.26783
8791.31 9.56197 2.96497e-008 1.31168
9066.28 9.86374 3.06432e-008 1.35554
9341.27 10.1656 3.19661e-008 1.3994
9616.27 10.4674 3.28101e-008 1.44327
9891.29 10.7693 3.36646e-008 1.48714
10166.3 11.0712 3.47342e-008 1.53102
10441.4 11.3731 3.57633e-008 1.5749
10716.5 11.6751 3.66818e-008 1.61879
10991.6 11.9771 3.74765e-008 1.66268
11266.7 12.2791 3.86421e-008 1.70658
11541.8 12.5811 3.98247e-008 1.75049
11817 12.8832 4.0942e-008 1.79439
12092.1 13.1854 4.20369e-008 1.83831
12367.3 13.4875 4.33251e-008 1.88223
12642.5 13.7897 4.41427e-008 1.92615
12917.7 14.0919 4.52198e-008 1.97008
13193 14.3942 4.62972e-008 2.01401
13468.3 14.6965 4.73528e-008 2.05795
13743.5 14.9988 4.84488e-008 2.10189
14018.9 15.3012 4.94763e-008 2.14584
