274.535 0.557166 -2.27646e-009 -0.120538
549.08 1.53268 -4.66829e-009 -0.0999088
823.636 2.5082 -7.10337e-009 -0.0792831
1098.2 3.48372 -9.20649e-009 -0.058661
1372.78 4.45924 -1.15683e-008 -0.0380426
1647.37 5.43477 -1.32112e-008 -0.0174277
1921.97 6.4103 -1.61102e-008 0.00318347
2196.58 7.38584 -1.82117e-008 0.023791
2471.21 8.36137 -2.05499e-008 0.0443949
2745.84 9.33691 -2.27746e-008 0.0649951
3020.49 10.3125 -2.49475e-008 0.0855915
3295.15 11.288 -2.8191e-008 0.106184
3569.83 12.2636 -2.84071e-008 0.126773
3844.51 13.2391 -3.19499e-008 0.147359
4119.21 14.2147 -3.41951e-008 0.16794
4393.92 15.1902 -3.65222e-008 0.188518
4668.65 16.1658 -3.88413e-008 0.209092
4943.39 17.1414 -4.11636e-008 0.229662
5218.15 18.1169 -4.34046e-008 0.250228
5492.91 19.0925 -4.57957e-008 0.270791
5767.7 20.0681 -4.80793e-008 0.291349
6042.49 21.0437 -5.02653e-008 0.311904
6317.3 22.0192 -5.25979e-008 0.332455
6592.13 22.9948 -5.48971e-008 0.353002
6866.97 23.9704 -5.72201e-008 0.373545
7141.83 24.946 -5.94982e-008 0.394084
7416.7 25.9216 -6.19259e-008 0.414619
7691.59 26.8972 -6.3952e-008 0.43515
7966.5 27.8728 -6.64536e-008 0.455678
8241.42 28.8484 -6.87766e-008 0.476201
8516.35 29.824 -7.1115e-008 0.49672
8791.31 30.7996 -7.35071e-008 0.517235
9066.28 31.7753 -7.57628e-008 0.537747
9341.27 32.7509 -7.75173e-008 0.558254
9616.27 33.7265 -8.02905e-008 0.578757
9891.29 34.7021 -8.28013e-008 0.599256
10166.3 35.6778 -8.50842e-008 0.619751
10441.4 36.6534 -8.74128e-008 0.640242
10716.5 37.629 -8.99045e-008 0.660728
10991.6 38.6047 -9.28122e-008 0.681211
11266.7 39.5803 -9.48166e-008 0.701689
11541.8 40.556 -9.69194e-008 0.722163
11817 41.5316 -9.91685e-008 0.742633
12092.1 42.5073 -1.01467e-007 0.763099
12367.3 43.483 -1.02911e-007 0.783561
12642.5 44.4586 -1.06209e-007 0.804018
12917.7 45.4343 -1.08546e-007 0.824472
13193 46.41 -1.109e-007 0.84492
13468.3 47.3856 -1.13288e-007 0.865365
13743.5 48.3613 -1.15648e-007 0.885805
14018.9 49.337 -1.18167e-007 0.906241
