274.535 0.0746879 -3.66712e-010 -0.012403
549.08 0.168627 -7.54151e-010 0.0263699
823.636 0.262574 -1.18727e-009 0.065149
1098.2 0.356527 -1.50807e-009 0.103934
1372.78 0.450488 -1.95156e-009 0.142726
1647.37 0.544455 -2.20407e-009 0.181524
1921.97 0.63843 -2.70214e-009 0.220328
2196.58 0.732413 -3.0853e-009 0.259139
2471.21 0.826403 -3.51464e-009 0.297956
2745.84 0.9204 -3.95041e-009 0.33678
3020.49 1.01441 -4.32979e-009 0.37561
3295.15 1.10842 -4.91045e-009 0.414447
3569.83 1.20244 -5.03055e-009 0.45329
3844.51 1.29647 -5.67871e-009 0.49214
4119.21 1.3905 -6.12609e-009 0.530997
4393.92 1.48455 -6.59029e-009 0.569861
4668.65 1.5786 -7.06437e-009 0.608731
4943.39 1.67266 -7.55035e-009 0.647608
5218.15 1.76673 -8.01252e-009 0.686492
5492.91 1.86081 -8.50659e-009 0.725383
5767.7 1.95489 -9.01534e-009 0.76428
6042.49 2.04899 -9.47058e-009 0.803185
6317.3 2.14309 -9.98525e-009 0.842097
6592.13 2.2372 -1.04985e-008 0.881016
6866.97 2.33132 -1.10244e-008 0.919942
7141.83 2.42545 -1.15349e-008 0.958875
7416.7 2.51959 -1.21231e-008 0.997815
7691.59 2.61374 -1.25121e-008 1.03676
7966.5 2.7079 -1.31487e-008 1.07572
8241.42 2.80206 -1.37046e-008 1.11468
8516.35 2.89624 -1.4264e-008 1.15365
8791.31 2.99042 -1.48321e-008 1.19263
9066.28 3.08461 -1.54132e-008 1.23161
9341.27 3.17882 -1.58419e-008 1.2706
9616.27 3.27303 -1.64894e-008 1.3096
9891.29 3.36725 -1.71713e-008 1.34861
10166.3 3.46148 -1.77383e-008 1.38762
10441.4 3.55572 -1.83405e-008 1.42664
10716.5 3.64997 -1.9004e-008 1.46567
10991.6 3.74424 -1.9775e-008 1.50471
11266.7 3.83851 -2.02887e-008 1.54376
11541.8 3.93279 -2.0902e-008 1.58281
11817 4.02708 -2.14621e-008 1.62187
12092.1 4.12138 -2.2082e-008 1.66094
12367.3 4.2157 -2.26517e-008 1.70001
12642.5 4.31002 -2.33923e-008 1.7391
12917.7 4.40435 -2.40499e-008 1.77819
13193 4.4987 -2.4713e-008 1.81729
13468.3 4.59305 -2.53977e-008 1.8564
13743.5 4.68742 -2.60703e-008 1.89552
14018.9 4.78179 -2.67875e-008 1.93464
