274.535 0.41394 -4.32739e-010 -0.160734
549.08 1.05749 -8.22796e-010 -0.141806
823.636 1.70106 -8.28699e-010 -0.122886
1098.2 2.34465 -1.71657e-009 -0.103972
1372.78 2.98825 -1.78493e-009 -0.0850656
1647.37 3.63187 -2.85566e-009 -0.0661655
1921.97 4.27551 -3.06525e-009 -0.0472722
2196.58 4.91916 -3.56948e-009 -0.0283855
2471.21 5.56283 -3.96638e-009 -0.00950564
2745.84 6.20652 -4.21741e-009 0.00936753
3020.49 6.85022 -5.14207e-009 0.028234
3295.15 7.49394 -5.19507e-009 0.0470937
3569.83 8.13769 -6.35076e-009 0.0659468
3844.51 8.78144 -6.43071e-009 0.0847931
4119.21 9.42522 -6.9347e-009 0.103633
4393.92 10.069 -7.45669e-009 0.122466
4668.65 10.7128 -8.08432e-009 0.141292
4943.39 11.3567 -8.4665e-009 0.160112
5218.15 12.0005 -8.96513e-009 0.178925
5492.91 12.6444 -9.54139e-009 0.197731
5767.7 13.2883 -1.0082e-008 0.216531
6042.49 13.9322 -1.07732e-008 0.235324
6317.3 14.5761 -1.12787e-008 0.25411
6592.13 15.22 -1.18188e-008 0.27289
6866.97 15.864 -1.23096e-008 0.291663
7141.83 16.508 -1.29954e-008 0.31043
7416.7 17.152 -1.32177e-008 0.32919
7691.59 17.796 -1.43139e-008 0.347943
7966.5 18.4401 -1.47539e-008 0.36669
8241.42 19.0841 -1.53284e-008 0.38543
8516.35 19.7282 -1.58601e-008 0.404164
8791.31 20.3723 -1.6539e-008 0.422891
9066.28 21.0165 -1.68442e-008 0.441612
9341.27 21.6606 -1.80021e-008 0.460326
9616.27 22.3048 -1.87434e-008 0.479033
9891.29 22.949 -1.87906e-008 0.497734
10166.3 23.5932 -1.96876e-008 0.516429
10441.4 24.2374 -2.03222e-008 0.535116
10716.5 24.8817 -2.10797e-008 0.553798
10991.6 25.5259 -2.04305e-008 0.572473
11266.7 26.1702 -2.20835e-008 0.591141
11541.8 26.8146 -2.29329e-008 0.609803
11817 27.4589 -2.35445e-008 0.628458
12092.1 28.1033 -2.43549e-008 0.647107
12367.3 28.7477 -2.52316e-008 0.66575
12642.5 29.3921 -2.57106e-008 0.684386
12917.7 30.0365 -2.63759e-008 0.703016
13193 30.681 -2.70999e-008 0.721639
13468.3 31.3254 -2.77996e-008 0.740255
13743.5 31.9699 -2.85244e-008 0.758866
14018.9 32.6145 -2.91601e-008 0.77747
