274.535 0.490562 -6.15723e-010 -0.106583
549.08 1.28414 -1.4895e-009 -0.0787786
823.636 2.07773 -2.41663e-009 -0.0509746
1098.2 2.87134 -3.04075e-009 -0.0231715
1372.78 3.66498 -3.90682e-009 0.00463064
1647.37 4.45864 -4.17558e-009 0.0324318
1921.97 5.25231 -5.47105e-009 0.060232
2196.58 6.04601 -6.11926e-009 0.0880312
2471.21 6.83973 -6.97182e-009 0.115829
2745.84 7.63347 -7.75805e-009 0.143626
3020.49 8.42723 -8.44222e-009 0.171423
3295.15 9.22101 -1.00649e-008 0.199218
3569.83 10.0148 -9.18262e-009 0.227011
3844.51 10.8086 -1.10118e-008 0.254804
4119.21 11.6025 -1.17991e-008 0.282596
4393.92 12.3964 -1.26563e-008 0.310387
4668.65 13.1903 -1.34804e-008 0.338176
4943.39 13.9842 -1.438e-008 0.365964
5218.15 14.7781 -1.51603e-008 0.393751
5492.91 15.5721 -1.60935e-008 0.421537
5767.7 16.366 -1.69306e-008 0.449322
6042.49 17.16 -1.76656e-008 0.477105
6317.3 17.9541 -1.85495e-008 0.504887
6592.13 18.7481 -1.94065e-008 0.532668
6866.97 19.5422 -2.02906e-008 0.560447
7141.83 20.3363 -2.11235e-008 0.588225
7416.7 21.1304 -2.21218e-008 0.616002
7691.59 21.9245 -2.26454e-008 0.643778
7966.5 22.7187 -2.37678e-008 0.671552
8241.42 23.5128 -2.466e-008 0.699325
8516.35 24.3071 -2.55661e-008 0.727096
8791.31 25.1013 -2.65101e-008 0.754866
9066.28 25.8955 -2.73776e-008 0.782635
9341.27 26.6898 -2.78242e-008 0.810402
9616.27 27.4841 -2.89959e-008 0.838167
9891.29 28.2784 -3.01377e-008 0.865931
10166.3 29.0728 -3.09981e-008 0.893694
10441.4 29.8671 -3.19135e-008 0.921455
10716.5 30.6615 -3.29985e-008 0.949214
10991.6 31.4559 -3.43756e-008 0.976972
11266.7 32.2504 -3.50645e-008 1.00473
11541.8 33.0448 -3.57508e-008 1.03248
11817 33.8393 -3.66316e-008 1.06024
12092.1 34.6338 -3.75216e-008 1.08799
12367.3 35.4284 -3.78099e-008 1.11574
12642.5 36.2229 -3.94649e-008 1.14349
12917.7 37.0175 -4.04059e-008 1.17123
13193 37.8121 -4.13639e-008 1.19898
13468.3 38.6067 -4.23704e-008 1.22672
13743.5 39.4014 -4.33418e-008 1.25446
14018.9 40.1961 -4.44395e-008 1.2822
