274.535 0.382643 -5.93594e-010 -0.0790495
549.08 0.951982 -1.35945e-009 -0.0410742
823.636 1.52135 -2.20142e-009 -0.00309697
1098.2 2.09075 -2.76338e-009 0.034882
1372.78 2.66018 -3.55896e-009 0.0728627
1647.37 3.22964 -3.88603e-009 0.110845
1921.97 3.79913 -4.96528e-009 0.148829
2196.58 4.36864 -5.59383e-009 0.186815
2471.21 4.93819 -6.37468e-009 0.224803
2745.84 5.50778 -7.13553e-009 0.262792
3020.49 6.07739 -7.76615e-009 0.300783
3295.15 6.64703 -9.11059e-009 0.338776
3569.83 7.2167 -8.65615e-009 0.376771
3844.51 7.78641 -1.01445e-008 0.414767
4119.21 8.35615 -1.08957e-008 0.452764
4393.92 8.92591 -1.16961e-008 0.490763
4668.65 9.49571 -1.24982e-008 0.528764
4943.39 10.0655 -1.33327e-008 0.566767
5218.15 10.6354 -1.40816e-008 0.60477
5492.91 11.2053 -1.49455e-008 0.642776
5767.7 11.7752 -1.5777e-008 0.680783
6042.49 12.3452 -1.64859e-008 0.718791
6317.3 12.9152 -1.73375e-008 0.756802
6592.13 13.4852 -1.81695e-008 0.794813
6866.97 14.0553 -1.90263e-008 0.832826
7141.83 14.6254 -1.98392e-008 0.87084
7416.7 15.1955 -2.08213e-008 0.908856
7691.59 15.7657 -2.13857e-008 0.946874
7966.5 16.3359 -2.2423e-008 0.984892
8241.42 16.9061 -2.33065e-008 1.02291
8516.35 17.4764 -2.41947e-008 1.06093
8791.31 18.0467 -2.51078e-008 1.09896
9066.28 18.617 -2.59955e-008 1.13698
9341.27 19.1874 -2.64478e-008 1.17501
9616.27 19.7578 -2.7577e-008 1.21303
9891.29 20.3282 -2.87356e-008 1.25106
10166.3 20.8987 -2.9597e-008 1.28909
10441.4 21.4692 -3.05151e-008 1.32712
10716.5 22.0397 -3.15822e-008 1.36515
10991.6 22.6103 -3.28414e-008 1.40319
11266.7 23.1809 -3.36498e-008 1.44122
11541.8 23.7516 -3.43497e-008 1.47926
11817 24.3223 -3.52767e-008 1.51729
12092.1 24.893 -3.61867e-008 1.55533
12367.3 25.4638 -3.67338e-008 1.59337
12642.5 26.0345 -3.81604e-008 1.63141
12917.7 26.6054 -3.9131e-008 1.66945
13193 27.1763 -4.01158e-008 1.7075
13468.3 27.7472 -4.11404e-008 1.74554
13743.5 28.3181 -4.21417e-008 1.78358
14018.9 28.8891 -4.32331e-008 1.82163
