274.535 0.278807 9.04344e-011 -0.144952
549.08 0.681238 2.72937e-010 -0.141426
823.636 1.08369 7.23353e-010 -0.137906
1098.2 1.48615 5.84284e-010 -0.134392
1372.78 1.88863 9.9557e-010 -0.130885
1647.37 2.29113 7.65608e-010 -0.127383
1921.97 2.69364 1.12536e-009 -0.123887
2196.58 3.09617 1.28368e-009 -0.120397
2471.21 3.49872 1.53224e-009 -0.116914
2745.84 3.90129 1.8811e-009 -0.113436
3020.49 4.30387 1.8071e-009 -0.109965
3295.15 4.70648 2.34417e-009 -0.1065
3569.83 5.1091 2.02097e-009 -0.10304
3844.51 5.51174 2.59891e-009 -0.0995871
4119.21 5.9144 2.83436e-009 -0.09614
4393.92 6.31707 3.07181e-009 -0.092699
4668.65 6.71977 3.27308e-009 -0.089264
4943.39 7.12249 3.61197e-009 -0.0858352
5218.15 7.52522 3.87915e-009 -0.0824124
5492.91 7.92798 4.13496e-009 -0.0789957
5767.7 8.33075 4.41966e-009 -0.0755851
6042.49 8.73355 4.58837e-009 -0.0721806
6317.3 9.13636 4.91159e-009 -0.0687822
6592.13 9.5392 5.21923e-009 -0.0653899
6866.97 9.94205 5.5679e-009 -0.0620037
7141.83 10.3449 5.80155e-009 -0.0586237
7416.7 10.7478 6.36557e-009 -0.0552497
7691.59 11.1507 6.3111e-009 -0.0518818
7966.5 11.5537 6.75917e-009 -0.04852
8241.42 11.9567 7.11172e-009 -0.0451643
8516.35 12.3596 7.48945e-009 -0.0418147
8791.31 12.7626 7.79572e-009 -0.0384713
9066.28 13.1657 8.33647e-009 -0.035134
9341.27 13.5687 8.25203e-009 -0.0318027
9616.27 13.9718 8.62524e-009 -0.0284776
9891.29 14.3749 9.40096e-009 -0.0251586
10166.3 14.778 9.61224e-009 -0.0218458
10441.4 15.1812 1.00029e-008 -0.018539
10716.5 15.5843 1.03796e-008 -0.0152384
10991.6 15.9875 1.15786e-008 -0.0119439
11266.7 16.3907 1.13975e-008 -0.00865555
11541.8 16.794 1.16597e-008 -0.00537331
11817 17.1972 1.20869e-008 -0.00209721
12092.1 17.6005 1.24218e-008 0.00117276
12367.3 18.0038 1.27095e-008 0.00443659
12642.5 18.4072 1.33073e-008 0.00769428
12917.7 18.8105 1.37671e-008 0.0109458
13193 19.2139 1.42056e-008 0.0141912
13468.3 19.6173 1.46772e-008 0.0174305
13743.5 20.0207 1.51318e-008 0.0206636
14018.9 20.4242 1.56615e-008 0.0238906
