274.535 0.425904 -7.32529e-010 -0.160734
549.08 1.09454 -1.40366e-009 -0.141806
823.636 1.76319 -1.67835e-009 -0.122886
1098.2 2.43186 -2.85821e-009 -0.103972
1372.78 3.10054 -3.19619e-009 -0.0850656
1647.37 3.76924 -4.55585e-009 -0.0661655
1921.97 4.43796 -5.0479e-009 -0.0472722
2196.58 5.10669 -5.83058e-009 -0.0283855
2471.21 5.77544 -6.50584e-009 -0.00950564
2745.84 6.44421 -7.02994e-009 0.00936752
3020.49 7.11299 -8.24661e-009 0.028234
3295.15 7.78179 -8.58023e-009 0.0470937
3569.83 8.45061 -1.00028e-008 0.0659468
3844.51 9.11944 -1.03694e-008 0.0847931
4119.21 9.7883 -1.11521e-008 0.103633
4393.92 10.4572 -1.19545e-008 0.122466
4668.65 11.1261 -1.28658e-008 0.141292
4943.39 11.795 -1.35238e-008 0.160112
5218.15 12.4639 -1.42988e-008 0.178925
5492.91 13.1328 -1.51585e-008 0.197731
5767.7 13.8018 -1.59791e-008 0.216531
6042.49 14.4708 -1.69506e-008 0.235324
6317.3 15.1398 -1.77345e-008 0.25411
6592.13 15.8088 -1.85531e-008 0.27289
6866.97 16.4778 -1.93207e-008 0.291663
7141.83 17.1469 -2.02887e-008 0.31043
7416.7 17.8159 -2.0782e-008 0.32919
7691.59 18.485 -2.21662e-008 0.347943
7966.5 19.1541 -2.28846e-008 0.36669
8241.42 19.8233 -2.37379e-008 0.38543
8516.35 20.4924 -2.45458e-008 0.404164
8791.31 21.1616 -2.55069e-008 0.422891
9066.28 21.8308 -2.60794e-008 0.441612
9341.27 22.5 -2.75267e-008 0.460326
9616.27 23.1692 -2.85549e-008 0.479033
9891.29 23.8385 -2.88656e-008 0.497734
10166.3 24.5077 -3.00491e-008 0.516429
10441.4 25.177 -3.09616e-008 0.535116
10716.5 25.8463 -3.20089e-008 0.553798
10991.6 26.5157 -3.15964e-008 0.572473
11266.7 27.185 -3.3562e-008 0.591141
11541.8 27.8544 -3.46891e-008 0.609803
11817 28.5238 -3.55744e-008 0.628458
12092.1 29.1932 -3.66659e-008 0.647107
12367.3 29.8627 -3.78194e-008 0.66575
12642.5 30.5321 -3.85782e-008 0.684386
12917.7 31.2016 -3.95198e-008 0.703016
13193 31.8711 -4.05226e-008 0.721639
13468.3 32.5406 -4.15013e-008 0.740255
13743.5 33.2102 -4.25043e-008 0.758866
14018.9 33.8798 -4.34169e-008 0.77747
