274.535 0.350144 -3.13122e-010 -0.154613
549.08 0.874028 -5.87478e-010 -0.14334
823.636 1.39793 -5.39094e-010 -0.132074
1098.2 1.92185 -1.2392e-009 -0.120815
1372.78 2.44578 -1.25803e-009 -0.109563
1647.37 2.96973 -2.10784e-009 -0.0983176
1921.97 3.49371 -2.23914e-009 -0.087079
2196.58 4.01769 -2.62521e-009 -0.0758472
2471.21 4.5417 -2.91885e-009 -0.0646222
2745.84 5.06572 -3.09394e-009 -0.0534039
3020.49 5.58977 -3.82998e-009 -0.0421924
3295.15 6.11383 -3.8277e-009 -0.0309877
3569.83 6.63791 -4.81515e-009 -0.0197898
3844.51 7.16201 -4.82298e-009 -0.00859858
4119.21 7.68613 -5.21939e-009 0.00258587
4393.92 8.21027 -5.63134e-009 0.0137636
4668.65 8.73442 -6.11515e-009 0.0249346
4943.39 9.2586 -6.42252e-009 0.0360988
5218.15 9.7828 -6.83252e-009 0.0472563
5492.91 10.307 -7.2913e-009 0.0584071
5767.7 10.8312 -7.719e-009 0.0695512
6042.49 11.3555 -8.29522e-009 0.0806886
6317.3 11.8798 -8.70417e-009 0.0918192
6592.13 12.4041 -9.14654e-009 0.102943
6866.97 12.9284 -9.55045e-009 0.114061
7141.83 13.4527 -1.01167e-008 0.125171
7416.7 13.9771 -1.02875e-008 0.136275
7691.59 14.5015 -1.12171e-008 0.147372
7966.5 15.0259 -1.15789e-008 0.158463
8241.42 15.5503 -1.2057e-008 0.169547
8516.35 16.0748 -1.25104e-008 0.180624
8791.31 16.5992 -1.30793e-008 0.191695
9066.28 17.1237 -1.33513e-008 0.202759
9341.27 17.6483 -1.43929e-008 0.213816
9616.27 18.1728 -1.49715e-008 0.224867
9891.29 18.6974 -1.50014e-008 0.235911
10166.3 19.2219 -1.57626e-008 0.246949
10441.4 19.7465 -1.63107e-008 0.257979
10716.5 20.2712 -1.69348e-008 0.269004
10991.6 20.7958 -1.64573e-008 0.280021
11266.7 21.3205 -1.78066e-008 0.291032
11541.8 21.8452 -1.85598e-008 0.302037
11817 22.3699 -1.91073e-008 0.313035
12092.1 22.8947 -1.98148e-008 0.324026
12367.3 23.4195 -2.05783e-008 0.335011
12642.5 23.9443 -2.10053e-008 0.345989
12917.7 24.4691 -2.15949e-008 0.356961
13193 24.9939 -2.22349e-008 0.367926
13468.3 25.5188 -2.28519e-008 0.378885
13743.5 26.0437 -2.34943e-008 0.389837
14018.9 26.5686 -2.40678e-008 0.400782
