274.535 0.440564 8.95539e-010 -0.0939115
549.08 1.12296 1.59706e-009 -0.0608065
823.636 1.80539 2.24495e-009 -0.027701
1098.2 2.48784 3.19743e-009 0.00540494
1372.78 3.17032 3.92622e-009 0.0385113
1647.37 3.85283 5.19544e-009 0.071618
1921.97 4.53536 5.58255e-009 0.104725
2196.58 5.21792 6.53403e-009 0.137832
2471.21 5.90051 7.31829e-009 0.17094
2745.84 6.58313 8.14743e-009 0.204048
3020.49 7.26577 9.12137e-009 0.237157
3295.15 7.94844 9.27023e-009 0.270265
3569.83 8.63114 1.15852e-008 0.303374
3844.51 9.31387 1.1588e-008 0.336483
4119.21 9.99662 1.24869e-008 0.369593
4393.92 10.6794 1.33403e-008 0.402702
4668.65 11.3622 1.42198e-008 0.435812
4943.39 12.0451 1.50561e-008 0.468922
5218.15 12.7279 1.60053e-008 0.502032
5492.91 13.4108 1.68358e-008 0.535143
5767.7 14.0938 1.77319e-008 0.568253
6042.49 14.7767 1.8763e-008 0.601363
6317.3 15.4597 1.96545e-008 0.634474
6592.13 16.1427 2.0581e-008 0.667585
6866.97 16.8257 2.1493e-008 0.700695
7141.83 17.5088 2.24651e-008 0.733806
7416.7 18.1919 2.32739e-008 0.766917
7691.59 18.8751 2.45428e-008 0.800027
7966.5 19.5582 2.53016e-008 0.833138
8241.42 20.2414 2.62514e-008 0.866248
8516.35 20.9246 2.72045e-008 0.899359
8791.31 21.6079 2.81395e-008 0.932469
9066.28 22.2912 2.91312e-008 0.96558
9341.27 22.9745 3.05522e-008 0.99869
9616.27 23.6578 3.13234e-008 1.0318
9891.29 24.3412 3.20727e-008 1.06491
10166.3 25.0246 3.31304e-008 1.09802
10441.4 25.708 3.41439e-008 1.13113
10716.5 26.3915 3.5002e-008 1.16424
10991.6 27.075 3.56491e-008 1.19735
11266.7 27.7585 3.68406e-008 1.23046
11541.8 28.4421 3.81583e-008 1.26357
11817 29.1257 3.92238e-008 1.29667
12092.1 29.8093 4.03224e-008 1.32978
12367.3 30.493 4.18997e-008 1.36289
12642.5 31.1767 4.23942e-008 1.396
12917.7 31.8604 4.34712e-008 1.4291
13193 32.5441 4.4541e-008 1.46221
13468.3 33.2279 4.55817e-008 1.49532
13743.5 33.9117 4.66625e-008 1.52842
14018.9 34.5956 4.76421e-008 1.56153
