274.535 0.5525 2.22697e-009 -0.160474
549.08 1.54136 4.3719e-009 -0.122049
823.636 2.53021 7.13044e-009 -0.0836263
1098.2 3.51906 8.56443e-009 -0.0452068
1372.78 4.5079 1.13184e-008 -0.00678999
1647.37 5.49675 1.24842e-008 0.0316241
1921.97 6.48559 1.49117e-008 0.0700355
2196.58 7.47443 1.70028e-008 0.108444
2471.21 8.46326 1.92307e-008 0.14685
2745.84 9.45209 2.1646e-008 0.185253
3020.49 10.4409 2.31391e-008 0.223654
3295.15 11.4297 2.57762e-008 0.262052
3569.83 12.4186 2.72454e-008 0.300447
3844.51 13.4074 2.98395e-008 0.338839
4119.21 14.3962 3.19823e-008 0.377229
4393.92 15.385 3.41095e-008 0.415615
4668.65 16.3738 3.6073e-008 0.454
4943.39 17.3626 3.84067e-008 0.492381
5218.15 18.3515 4.06523e-008 0.53076
5492.91 19.3403 4.2687e-008 0.569136
5767.7 20.3291 4.48112e-008 0.607509
6042.49 21.3179 4.68087e-008 0.64588
6317.3 22.3067 4.90239e-008 0.684248
6592.13 23.2954 5.12105e-008 0.722613
6866.97 24.2842 5.34825e-008 0.760975
7141.83 25.273 5.5476e-008 0.799335
7416.7 26.2618 5.81116e-008 0.837692
7691.59 27.2506 5.96676e-008 0.876047
7966.5 28.2394 6.19577e-008 0.914398
8241.42 29.2281 6.41439e-008 0.952747
8516.35 30.2169 6.6441e-008 0.991094
8791.31 31.2057 6.84952e-008 1.02944
9066.28 32.1945 7.11575e-008 1.06778
9341.27 33.1832 7.25825e-008 1.10612
9616.27 34.172 7.4632e-008 1.14445
9891.29 35.1607 7.75909e-008 1.18278
10166.3 36.1495 7.93649e-008 1.22111
10441.4 37.1383 8.15722e-008 1.25944
10716.5 38.127 8.34344e-008 1.29777
10991.6 39.1158 8.78259e-008 1.33609
11266.7 40.1045 8.8261e-008 1.37441
11541.8 41.0933 9.03993e-008 1.41272
11817 42.082 9.26476e-008 1.45104
12092.1 43.0707 9.4672e-008 1.48935
12367.3 44.0595 9.65683e-008 1.52766
12642.5 45.0482 9.90991e-008 1.56596
12917.7 46.0369 1.01372e-007 1.60427
13193 47.0257 1.03548e-007 1.64257
13468.3 48.0144 1.05749e-007 1.68086
13743.5 49.0031 1.07949e-007 1.71916
14018.9 49.9918 1.10283e-007 1.75745
