274.535 0.366079 1.77976e-011 -0.116771
549.08 0.91975 6.54636e-012 -0.0347618
823.636 1.47344 2.11585e-010 0.0472402
1098.2 2.02714 -2.39247e-013 0.129235
1372.78 2.58086 1.41892e-010 0.211223
1647.37 3.1346 2.45883e-011 0.293204
1921.97 3.68836 -1.32448e-011 0.375178
2196.58 4.24213 8.03742e-012 0.457145
2471.21 4.79592 3.52007e-011 0.539105
2745.84 5.34973 1.72754e-010 0.621057
3020.49 5.90356 -5.14294e-011 0.703003
3295.15 6.45741 -4.7598e-011 0.784941
3569.83 7.01128 1.07893e-010 0.866872
3844.51 7.56516 3.20601e-011 0.948796
4119.21 8.11906 4.85091e-011 1.03071
4393.92 8.67299 2.92498e-011 1.11262
4668.65 9.22693 -2.87931e-011 1.19453
4943.39 9.78089 3.11774e-011 1.27642
5218.15 10.3349 7.37916e-011 1.35831
5492.91 10.8889 1.89346e-011 1.44019
5767.7 11.4429 2.27717e-012 1.52206
6042.49 11.9969 -1.88772e-011 1.60393
6317.3 12.551 2.55012e-012 1.68579
6592.13 13.1051 1.6141e-011 1.76764
6866.97 13.6592 5.63436e-011 1.84948
7141.83 14.2133 2.90958e-012 1.93132
7416.7 14.7674 1.68768e-010 2.01315
7691.59 15.3216 -2.46954e-011 2.09497
7966.5 15.8758 -3.56443e-013 2.17679
8241.42 16.43 1.09553e-011 2.25859
8516.35 16.9842 4.9789e-011 2.34039
8791.31 17.5385 -2.73945e-012 2.42219
9066.28 18.0928 1.91829e-010 2.50397
9341.27 18.6471 -1.53113e-011 2.58575
9616.27 19.2014 -1.54548e-010 2.66752
9891.29 19.7557 1.26912e-010 2.74928
10166.3 20.3101 2.53324e-013 2.83104
10441.4 20.8645 1.14719e-011 2.91278
10716.5 21.4189 -1.56237e-010 2.99452
10991.6 21.9733 5.31641e-010 3.07626
11266.7 22.5278 -3.11896e-011 3.15798
11541.8 23.0822 -4.95e-011 3.2397
11817 23.6367 5.04245e-011 3.32141
12092.1 24.1913 -3.02911e-012 3.40311
12367.3 24.7458 -1.2942e-012 3.48481
12642.5 25.3004 -4.60266e-013 3.56649
12917.7 25.855 2.85992e-011 3.64817
13193 26.4096 1.64443e-011 3.72984
13468.3 26.9643 4.608e-012 3.81151
13743.5 27.5189 1.93443e-012 3.89316
14018.9 28.0736 2.58818e-011 3.97481
