274.535 0.442325 5.09523e-011 -0.126228
549.08 1.12843 1.2324e-011 -0.161167
823.636 1.81457 4.47899e-011 -0.196103
1098.2 2.50073 3.55205e-013 -0.231035
1372.78 3.18691 1.21522e-010 -0.265964
1647.37 3.87313 1.03989e-010 -0.30089
1921.97 4.55937 -3.7829e-011 -0.335813
2196.58 5.24564 2.098e-011 -0.370732
2471.21 5.93193 1.22492e-011 -0.405649
2745.84 6.61826 6.40862e-011 -0.440561
3020.49 7.30461 1.96138e-011 -0.475471
3295.15 7.99098 -2.55165e-010 -0.510377
3569.83 8.67739 3.55269e-010 -0.54528
3844.51 9.36382 6.64316e-012 -0.58018
4119.21 10.0503 1.92907e-011 -0.615076
4393.92 10.7368 1.02733e-011 -0.649969
4668.65 11.4233 -2.89252e-011 -0.684858
4943.39 12.1098 -1.03897e-011 -0.719745
5218.15 12.7964 2.47987e-011 -0.754627
5492.91 13.483 -1.6184e-011 -0.789507
5767.7 14.1696 -3.0277e-012 -0.824383
6042.49 14.8563 -6.63226e-013 -0.859256
6317.3 15.543 -2.40233e-012 -0.894125
6592.13 16.2297 5.37646e-012 -0.928991
6866.97 16.9165 1.57456e-011 -0.963853
7141.83 17.6032 4.35537e-012 -0.998712
7416.7 18.29 3.22957e-011 -1.03357
7691.59 18.9769 7.2948e-011 -1.06842
7966.5 19.6637 1.63129e-014 -1.10327
8241.42 20.3506 7.22093e-013 -1.13811
8516.35 21.0376 1.19726e-011 -1.17296
8791.31 21.7245 -3.04408e-011 -1.20779
9066.28 22.4115 5.95527e-011 -1.24263
9341.27 23.0985 2.14397e-010 -1.27746
9616.27 23.7856 4.36138e-011 -1.31229
9891.29 24.4726 4.785e-011 -1.34711
10166.3 25.1597 6.05018e-013 -1.38193
10441.4 25.8469 4.38719e-012 -1.41675
10716.5 26.5341 -4.93967e-011 -1.45157
10991.6 27.2213 4.53968e-011 -1.48638
11266.7 27.9085 -8.85848e-011 -1.52118
11541.8 28.5957 3.4383e-011 -1.55599
11817 29.283 8.9382e-012 -1.59079
12092.1 29.9704 2.35847e-013 -1.62558
12367.3 30.6577 3.4277e-010 -1.66037
12642.5 31.3451 -8.85338e-012 -1.69516
12917.7 32.0325 6.6365e-012 -1.72995
13193 32.72 6.53678e-012 -1.76473
13468.3 33.4075 1.10177e-012 -1.79951
13743.5 34.095 -5.4984e-013 -1.83428
14018.9 34.7825 -4.64324e-011 -1.86906
