274.535 0.296408 1.27036e-011 -0.103154
549.08 0.728756 4.85778e-012 -0.0285824
823.636 1.16112 1.60251e-010 0.0459841
1098.2 1.5935 -7.05879e-014 0.120545
1372.78 2.0259 1.01525e-010 0.1951
1647.37 2.45831 1.80662e-011 0.269649
1921.97 2.89075 -9.56808e-012 0.344193
2196.58 3.3232 5.85728e-012 0.418731
2471.21 3.75566 2.63801e-011 0.493264
2745.84 4.18815 1.31629e-010 0.56779
3020.49 4.62065 -3.80096e-011 0.642311
3295.15 5.05317 -3.28626e-011 0.716827
3569.83 5.48571 7.51317e-011 0.791336
3844.51 5.91827 2.42139e-011 0.86584
4119.21 6.35085 3.65878e-011 0.940338
4393.92 6.78345 2.14371e-011 1.01483
4668.65 7.21606 -2.05178e-011 1.08932
4943.39 7.6487 2.40985e-011 1.1638
5218.15 8.08135 5.46196e-011 1.23827
5492.91 8.51403 1.53096e-011 1.31274
5767.7 8.94672 1.83136e-012 1.3872
6042.49 9.37943 -1.46645e-011 1.46166
6317.3 9.81217 2.01911e-012 1.53611
6592.13 10.2449 1.22945e-011 1.61056
6866.97 10.6777 4.23402e-011 1.685
7141.83 11.1105 2.1727e-012 1.75943
7416.7 11.5433 1.29975e-010 1.83386
7691.59 11.9762 -2.09923e-011 1.90828
7966.5 12.409 -3.05912e-013 1.9827
8241.42 12.8419 8.9646e-012 2.05711
8516.35 13.2748 3.70305e-011 2.13151
8791.31 13.7077 -1.95486e-012 2.20591
9066.28 14.1407 1.43467e-010 2.28031
9341.27 14.5737 -1.39134e-011 2.35469
9616.27 15.0066 -1.20197e-010 2.42907
9891.29 15.4397 9.42964e-011 2.50345
10166.3 15.8727 1.70819e-013 2.57782
10441.4 16.3058 8.48759e-012 2.65218
10716.5 16.7389 -1.12591e-010 2.72654
10991.6 17.172 3.98244e-010 2.80089
11266.7 17.6051 -2.02802e-011 2.87523
11541.8 18.0383 -3.78974e-011 2.94957
11817 18.4714 3.82133e-011 3.0239
12092.1 18.9047 -2.37471e-012 3.09823
12367.3 19.3379 -4.0474e-012 3.17255
12642.5 19.7711 -2.26469e-013 3.24686
12917.7 20.2044 2.12965e-011 3.32117
13193 20.6377 1.21195e-011 3.39547
13468.3 21.0711 3.47665e-012 3.46977
13743.5 21.5044 1.37529e-012 3.54406
14018.9 21.9378 2.01054e-011 3.61834
