274.535 0.41394 3.65575e-010 -0.160734
549.08 1.05749 8.42875e-010 -0.141806
823.636 1.70106 1.716e-009 -0.122886
1098.2 2.34465 1.71883e-009 -0.103972
1372.78 2.98825 2.55282e-009 -0.0850656
1647.37 3.63187 2.39613e-009 -0.0661655
1921.97 4.27551 3.11225e-009 -0.0472722
2196.58 4.91916 3.54539e-009 -0.0283855
2471.21 5.56283 4.09754e-009 -0.00950564
2745.84 6.20652 4.80722e-009 0.00936753
3020.49 6.85022 4.85496e-009 0.028234
3295.15 7.49394 5.78601e-009 0.0470937
3569.83 8.13769 5.62606e-009 0.0659468
3844.51 8.78144 6.55351e-009 0.0847931
4119.21 9.42522 7.0686e-009 0.103633
4393.92 10.069 7.57736e-009 0.122466
4668.65 10.7128 7.99216e-009 0.141292
4943.39 11.3567 8.66407e-009 0.160112
5218.15 12.0005 9.23121e-009 0.178925
5492.91 12.6444 9.73239e-009 0.197731
5767.7 13.2883 1.02809e-008 0.216531
6042.49 13.9322 1.06905e-008 0.235324
6317.3 14.5761 1.12974e-008 0.25411
6592.13 15.22 1.18815e-008 0.27289
6866.97 15.864 1.25265e-008 0.291663
7141.83 16.508 1.29882e-008 0.31043
7416.7 17.152 1.39251e-008 0.32919
7691.59 17.796 1.39997e-008 0.347943
7966.5 18.4401 1.47423e-008 0.36669
8241.42 19.0841 1.53619e-008 0.38543
8516.35 19.7282 1.6036e-008 0.404164
8791.31 20.3723 1.65747e-008 0.422891
9066.28 21.0165 1.74987e-008 0.441612
9341.27 21.6606 1.75817e-008 0.460326
9616.27 22.3048 1.8093e-008 0.479033
9891.29 22.949 1.93099e-008 0.497734
10166.3 23.5932 1.96888e-008 0.516429
10441.4 24.2374 2.03418e-008 0.535116
10716.5 24.8817 2.08835e-008 0.553798
10991.6 25.5259 2.28437e-008 0.572473
11266.7 26.1702 2.25132e-008 0.591141
11541.8 26.8146 2.29981e-008 0.609803
11817 27.4589 2.37324e-008 0.628458
12092.1 28.1033 2.42797e-008 0.647107
12367.3 28.7477 2.47722e-008 0.66575
12642.5 29.3921 2.56742e-008 0.684386
12917.7 30.0365 2.64015e-008 0.703016
13193 30.681 2.70818e-008 0.721639
13468.3 31.3254 2.77981e-008 0.740255
13743.5 31.9699 2.85009e-008 0.758866
14018.9 32.6145 2.93045e-008 0.77747
