274.535 0.0303559 2.43296e-009 -0.000543826
549.08 0.0674969 4.7509e-009 0.0273973
823.636 0.104639 7.05459e-009 0.0553409
1098.2 0.141782 9.42984e-009 0.0832869
1372.78 0.178926 1.17488e-008 0.111235
1647.37 0.216071 1.41818e-008 0.139186
1921.97 0.253217 1.64971e-008 0.16714
2196.58 0.290364 1.88817e-008 0.195096
2471.21 0.327512 2.12535e-008 0.223055
2745.84 0.364661 2.36319e-008 0.251016
3020.49 0.401812 2.6053e-008 0.27898
3295.15 0.438963 2.83807e-008 0.306947
3569.83 0.476116 3.09534e-008 0.334916
3844.51 0.513271 3.32674e-008 0.362889
4119.21 0.550426 3.56947e-008 0.390864
4393.92 0.587583 3.81246e-008 0.418841
4668.65 0.624741 4.05615e-008 0.446822
4943.39 0.661901 4.30005e-008 0.474806
5218.15 0.699062 4.54635e-008 0.502792
5492.91 0.736225 4.79207e-008 0.530782
5767.7 0.773389 5.03818e-008 0.558774
6042.49 0.810555 5.28821e-008 0.58677
6317.3 0.847722 5.53615e-008 0.614768
6592.13 0.884891 5.78523e-008 0.64277
6866.97 0.922061 6.03473e-008 0.670775
7141.83 0.959233 6.28618e-008 0.698783
7416.7 0.996407 6.53448e-008 0.726794
7691.59 1.03358 6.79455e-008 0.754808
7966.5 1.07076 7.04263e-008 0.782826
8241.42 1.10794 7.296e-008 0.810847
8516.35 1.14512 7.55026e-008 0.838871
8791.31 1.1823 7.80523e-008 0.866898
9066.28 1.21949 8.06037e-008 0.894929
9341.27 1.25667 8.32458e-008 0.922963
9616.27 1.29386 8.57845e-008 0.951001
9891.29 1.33105 8.83203e-008 0.979042
10166.3 1.36825 9.0925e-008 1.00709
10441.4 1.40544 9.35212e-008 1.03514
10716.5 1.44264 9.60937e-008 1.06319
10991.6 1.47984 9.86227e-008 1.09124
11266.7 1.51704 1.013e-007 1.1193
11541.8 1.55424 1.03932e-007 1.14736
11817 1.59145 1.06606e-007 1.17543
12092.1 1.62865 1.09258e-007 1.2035
12367.3 1.66586 1.11942e-007 1.23157
12642.5 1.70307 1.14557e-007 1.25965
12917.7 1.74029 1.17221e-007 1.28773
13193 1.77751 1.19894e-007 1.31582
13468.3 1.81473 1.22566e-007 1.34391
13743.5 1.85195 1.25255e-007 1.372
14018.9 1.88917 1.27931e-007 1.4001
