274.535 0.145954 4.85281e-012 -0.0698601
549.08 0.345777 2.11139e-012 -0.0172779
823.636 0.545616 6.94318e-011 0.035302
1098.2 0.745472 5.62322e-014 0.0878794
1372.78 0.945346 3.9331e-011 0.140454
1647.37 1.14524 7.23029e-012 0.193027
1921.97 1.34515 -3.7725e-012 0.245597
2196.58 1.54507 2.33442e-012 0.298165
2471.21 1.74502 1.12459e-011 0.35073
2745.84 1.94498 5.73311e-011 0.403293
3020.49 2.14496 -1.5843e-011 0.455854
3295.15 2.34496 -1.188e-011 0.508412
3569.83 2.54498 2.6764e-011 0.560968
3844.51 2.74502 1.04865e-011 0.613521
4119.21 2.94507 1.56945e-011 0.666072
4393.92 3.14515 8.74059e-012 0.71862
4668.65 3.34524 -7.73193e-012 0.771166
4943.39 3.54535 1.1009e-011 0.82371
5218.15 3.74549 2.27241e-011 0.876251
5492.91 3.94564 7.3485e-012 0.92879
5767.7 4.14581 1.17325e-012 0.981326
6042.49 4.346 -6.67741e-012 1.03386
6317.3 4.54621 9.35136e-013 1.08639
6592.13 4.74644 5.41318e-012 1.13892
6866.97 4.94669 1.81182e-011 1.19145
7141.83 5.14697 9.14893e-013 1.24397
7416.7 5.34726 5.8123e-011 1.29649
7691.59 5.54757 -1.21881e-011 1.34901
7966.5 5.74791 -1.60103e-013 1.40153
8241.42 5.94826 4.33775e-012 1.45404
8516.35 6.14864 1.54872e-011 1.50656
8791.31 6.34904 -7.42435e-013 1.55906
9066.28 6.54945 6.07301e-011 1.61157
9341.27 6.74989 -7.04685e-012 1.66408
9616.27 6.95036 -5.54908e-011 1.71658
9891.29 7.15084 3.93578e-011 1.76908
10166.3 7.35135 5.64646e-014 1.82158
10441.4 7.55188 3.54292e-012 1.87407
10716.5 7.75243 -4.33162e-011 1.92656
10991.6 7.953 1.70096e-010 1.97905
11266.7 8.15359 -5.10729e-012 2.03154
11541.8 8.35421 -1.49905e-011 2.08403
11817 8.55485 1.65493e-011 2.13651
12092.1 8.75552 -1.09142e-012 2.18899
12367.3 8.9562 -4.49928e-012 2.24147
12642.5 9.15691 5.17999e-014 2.29394
12917.7 9.35765 9.01775e-012 2.34641
13193 9.5584 4.99973e-012 2.39888
13468.3 9.75919 1.50307e-012 2.45135
13743.5 9.95999 5.19923e-013 2.50382
14018.9 10.1608 9.21819e-012 2.55628
