274.535 0.143651 4.51695e-011 -0.112137
549.08 0.34009 1.42967e-010 -0.121622
823.636 0.536547 3.77206e-010 -0.131109
1098.2 0.733022 2.9067e-010 -0.140596
1372.78 0.929513 5.03882e-010 -0.150086
1647.37 1.12602 3.37131e-010 -0.159576
1921.97 1.32255 5.25688e-010 -0.169068
2196.58 1.51909 5.79573e-010 -0.178562
2471.21 1.71566 6.84883e-010 -0.188057
2745.84 1.91224 8.32132e-010 -0.197554
3020.49 2.10884 7.61654e-010 -0.207052
3295.15 2.30546 1.02213e-009 -0.216552
3569.83 2.50209 7.33217e-010 -0.226054
3844.51 2.69875 1.04867e-009 -0.235557
4119.21 2.89542 1.1214e-009 -0.245063
4393.92 3.09211 1.19252e-009 -0.25457
4668.65 3.28883 1.24672e-009 -0.264078
4943.39 3.48556 1.36721e-009 -0.273589
5218.15 3.68231 1.43222e-009 -0.283102
5492.91 3.87908 1.49821e-009 -0.292616
5767.7 4.07587 1.58849e-009 -0.302133
6042.49 4.27268 1.58797e-009 -0.311651
6317.3 4.46951 1.6802e-009 -0.321172
6592.13 4.66636 1.75878e-009 -0.330694
6866.97 4.86323 1.8553e-009 -0.340219
7141.83 5.06012 1.88615e-009 -0.349746
7416.7 5.25703 2.10138e-009 -0.359275
7691.59 5.45396 1.90666e-009 -0.368807
7966.5 5.65091 2.09562e-009 -0.37834
8241.42 5.84789 2.1765e-009 -0.387876
8516.35 6.04488 2.2631e-009 -0.397414
8791.31 6.2419 2.31625e-009 -0.406955
9066.28 6.43894 2.47607e-009 -0.416498
9341.27 6.636 2.30088e-009 -0.426043
9616.27 6.83308 2.38454e-009 -0.435591
9891.29 7.03018 2.66995e-009 -0.445141
10166.3 7.2273 2.65117e-009 -0.454694
10441.4 7.42445 2.72222e-009 -0.464249
10716.5 7.62162 2.82304e-009 -0.473808
10991.6 7.81881 3.32726e-009 -0.483368
11266.7 8.01602 3.07056e-009 -0.492932
11541.8 8.21326 3.08124e-009 -0.502498
11817 8.41052 3.09081e-009 -0.512067
12092.1 8.6078 3.10758e-009 -0.521638
12367.3 8.80511 3.09128e-009 -0.531213
12642.5 9.00244 3.25321e-009 -0.54079
12917.7 9.19979 3.32634e-009 -0.55037
13193 9.39716 3.38431e-009 -0.559953
13468.3 9.59456 3.46287e-009 -0.569539
13743.5 9.79199 3.51503e-009 -0.579128
14018.9 9.98943 3.62767e-009 -0.588721
