274.535 0.479616 -7.36222e-010 -0.163652
549.08 1.26519 -1.41806e-009 -0.137501
823.636 2.05077 -1.63631e-009 -0.111356
1098.2 2.83636 -2.89861e-009 -0.085217
1372.78 3.62197 -3.16035e-009 -0.0590846
1647.37 4.40759 -4.64008e-009 -0.0329584
1921.97 5.19322 -5.112e-009 -0.00683842
2196.58 5.97887 -5.90117e-009 0.0192753
2471.21 6.76453 -6.56925e-009 0.0453829
2745.84 7.5502 -7.07884e-009 0.0714842
3020.49 8.33589 -8.36022e-009 0.0975793
3295.15 9.12159 -8.64899e-009 0.123668
3569.83 9.9073 -1.01069e-008 0.149751
3844.51 10.693 -1.04389e-008 0.175827
4119.21 11.4788 -1.12178e-008 0.201898
4393.92 12.2645 -1.20133e-008 0.227962
4668.65 13.0503 -1.29559e-008 0.25402
4943.39 13.8361 -1.35729e-008 0.280072
5218.15 14.6219 -1.43209e-008 0.306117
5492.91 15.4077 -1.5182e-008 0.332157
5767.7 16.1935 -1.60113e-008 0.35819
6042.49 16.9793 -1.6973e-008 0.384217
6317.3 17.7652 -1.77387e-008 0.410238
6592.13 18.5511 -1.85387e-008 0.436253
6866.97 19.3369 -1.92754e-008 0.462262
7141.83 20.1228 -2.02442e-008 0.488264
7416.7 20.9087 -2.06831e-008 0.514261
7691.59 21.6947 -2.21165e-008 0.540251
7966.5 22.4806 -2.27796e-008 0.566235
8241.42 23.2666 -2.36136e-008 0.592214
8516.35 24.0525 -2.43788e-008 0.618186
8791.31 24.8385 -2.53286e-008 0.644151
9066.28 25.6245 -2.58164e-008 0.670111
9341.27 26.4105 -2.72794e-008 0.696065
9616.27 27.1966 -2.83113e-008 0.722013
9891.29 27.9826 -2.85263e-008 0.747954
10166.3 28.7687 -2.97283e-008 0.77389
10441.4 29.5548 -3.06032e-008 0.799819
10716.5 30.3409 -3.16808e-008 0.825743
10991.6 31.127 -3.09329e-008 0.85166
11266.7 31.9131 -3.31322e-008 0.877571
11541.8 32.6992 -3.4162e-008 0.903476
11817 33.4854 -3.50211e-008 0.929376
12092.1 34.2716 -3.60889e-008 0.955269
12367.3 35.0578 -3.72475e-008 0.981156
12642.5 35.844 -3.79138e-008 1.00704
12917.7 36.6302 -3.88015e-008 1.03291
13193 37.4164 -3.97652e-008 1.05878
13468.3 38.2027 -4.06962e-008 1.08464
13743.5 38.989 -4.1651e-008 1.1105
14018.9 39.7753 -4.25044e-008 1.13635
