274.535 0.557166 2.58789e-009 -0.120538
549.08 1.53268 4.70706e-009 -0.0999088
823.636 2.5082 6.7876e-009 -0.0792831
1098.2 3.48372 9.20474e-009 -0.058661
1372.78 4.45924 1.13678e-008 -0.0380426
1647.37 5.43477 1.42544e-008 -0.0174277
1921.97 6.4103 1.58895e-008 0.00318347
2196.58 7.38584 1.83268e-008 0.023791
2471.21 8.36137 2.0532e-008 0.0443949
2745.84 9.33691 2.28553e-008 0.0649951
3020.49 10.3125 2.52351e-008 0.0855915
3295.15 11.288 2.65488e-008 0.106184
3569.83 12.2636 3.08945e-008 0.126773
3844.51 13.2391 3.19182e-008 0.147359
4119.21 14.2147 3.42441e-008 0.16794
4393.92 15.1902 3.64927e-008 0.188518
4668.65 16.1658 3.87539e-008 0.209092
4943.39 17.1414 4.10165e-008 0.229662
5218.15 18.1169 4.3365e-008 0.250228
5492.91 19.0925 4.5568e-008 0.270791
5767.7 20.0681 4.78832e-008 0.291349
6042.49 21.0437 5.03005e-008 0.311904
6317.3 22.0192 5.25759e-008 0.332455
6592.13 22.9948 5.48892e-008 0.353002
6866.97 23.9704 5.71834e-008 0.373545
7141.83 24.946 5.95271e-008 0.394084
7416.7 25.9216 6.17257e-008 0.414619
7691.59 26.8972 6.43306e-008 0.43515
7966.5 27.8728 6.64645e-008 0.455678
8241.42 28.8484 6.87816e-008 0.476201
8516.35 29.824 7.1088e-008 0.49672
8791.31 30.7996 7.33452e-008 0.517235
9066.28 31.7753 7.57434e-008 0.537747
9341.27 32.7509 7.86473e-008 0.558254
9616.27 33.7265 8.05373e-008 0.578757
9891.29 34.7021 8.26941e-008 0.599256
10166.3 35.6778 8.50835e-008 0.619751
10441.4 36.6534 8.74317e-008 0.640242
10716.5 37.629 8.96214e-008 0.660728
10991.6 38.6047 9.13997e-008 0.681211
11266.7 39.5803 9.40858e-008 0.701689
11541.8 40.556 9.66782e-008 0.722163
11817 41.5316 9.91288e-008 0.742633
12092.1 42.5073 1.01535e-007 0.763099
12367.3 43.483 1.048e-007 0.783561
12642.5 44.4586 1.06215e-007 0.804018
12917.7 45.4343 1.08596e-007 0.824472
13193 46.41 1.10964e-007 0.84492
13468.3 47.3856 1.13304e-007 0.865365
13743.5 48.3613 1.15675e-007 0.885805
14018.9 49.337 1.17892e-007 0.906241
