274.535 0.521188 -8.72332e-010 -0.163433
549.08 1.41257 -1.6812e-009 -0.130616
823.636 2.30396 -1.95536e-009 -0.0978035
1098.2 3.19536 -3.41515e-009 -0.064996
1372.78 4.08677 -3.72217e-009 -0.0321936
1647.37 4.97818 -5.42232e-009 0.00060381
1921.97 5.8696 -6.00009e-009 0.0333963
2196.58 6.76102 -6.90584e-009 0.0661837
2471.21 7.65246 -7.68224e-009 0.0989662
2745.84 8.5439 -8.29245e-009 0.131744
3020.49 9.43534 -9.74644e-009 0.164516
3295.15 10.3268 -1.01231e-008 0.197284
3569.83 11.2183 -1.16869e-008 0.230046
3844.51 12.1097 -1.21272e-008 0.262804
4119.21 13.0012 -1.30173e-008 0.295556
4393.92 13.8927 -1.39214e-008 0.328304
4668.65 14.7842 -1.49847e-008 0.361047
4943.39 15.6757 -1.57015e-008 0.393784
5218.15 16.5672 -1.65306e-008 0.426517
5492.91 17.4587 -1.75261e-008 0.459245
5767.7 18.3502 -1.84617e-008 0.491968
6042.49 19.2417 -1.95264e-008 0.524685
6317.3 20.1333 -2.03872e-008 0.557398
6592.13 21.0248 -2.12826e-008 0.590106
6866.97 21.9164 -2.21017e-008 0.622809
7141.83 22.8079 -2.31849e-008 0.655507
7416.7 23.6995 -2.36856e-008 0.6882
7691.59 24.5911 -2.52346e-008 0.720888
7966.5 25.4826 -2.60005e-008 0.753572
8241.42 26.3742 -2.69277e-008 0.78625
8516.35 27.2658 -2.77615e-008 0.818923
8791.31 28.1574 -2.88152e-008 0.851592
9066.28 29.049 -2.93348e-008 0.884255
9341.27 29.9407 -3.09377e-008 0.916914
9616.27 30.8323 -3.20738e-008 0.949567
9891.29 31.7239 -3.23053e-008 0.982216
10166.3 32.6156 -3.36366e-008 1.01486
10441.4 33.5072 -3.4587e-008 1.0475
10716.5 34.3989 -3.58003e-008 1.08013
10991.6 35.2906 -3.48564e-008 1.11276
11266.7 36.1822 -3.73705e-008 1.14539
11541.8 37.0739 -3.84568e-008 1.178
11817 37.9656 -3.93754e-008 1.21062
12092.1 38.8573 -4.05282e-008 1.24323
12367.3 39.7491 -4.17911e-008 1.27583
12642.5 40.6408 -4.24913e-008 1.30843
12917.7 41.5325 -4.34386e-008 1.34103
13193 42.4243 -4.44705e-008 1.37362
13468.3 43.316 -4.54728e-008 1.4062
13743.5 44.2078 -4.64886e-008 1.43878
14018.9 45.0995 -4.73955e-008 1.47136
