274.535 0.0150123 2.75367e-009 -0.0511749
549.08 0.0342323 5.41498e-009 -0.0606623
823.636 0.0534626 8.11449e-009 -0.0701577
1098.2 0.0727032 1.07416e-008 -0.079661
1372.78 0.0919543 1.3455e-008 -0.0891723
1647.37 0.111216 1.60595e-008 -0.0986915
1921.97 0.130488 1.87949e-008 -0.108219
2196.58 0.14977 2.14834e-008 -0.117754
2471.21 0.169063 2.4198e-008 -0.127297
2745.84 0.188366 2.69264e-008 -0.136849
3020.49 0.20768 2.96126e-008 -0.146408
3295.15 0.227004 3.24083e-008 -0.155976
3569.83 0.246339 3.50021e-008 -0.165551
3844.51 0.265684 3.78382e-008 -0.175135
4119.21 0.28504 4.05878e-008 -0.184727
4393.92 0.304406 4.33478e-008 -0.194327
4668.65 0.323782 4.61142e-008 -0.203936
4943.39 0.34317 4.88986e-008 -0.213552
5218.15 0.362567 5.16738e-008 -0.223177
5492.91 0.381976 5.44653e-008 -0.23281
5767.7 0.401394 5.727e-008 -0.242452
6042.49 0.420824 6.00499e-008 -0.252102
6317.3 0.440264 6.28675e-008 -0.26176
6592.13 0.459714 6.56885e-008 -0.271426
6866.97 0.479175 6.85212e-008 -0.281101
7141.83 0.498647 7.13459e-008 -0.290785
7416.7 0.518129 7.4226e-008 -0.300477
7691.59 0.537622 7.69913e-008 -0.310177
7966.5 0.557126 7.98949e-008 -0.319885
8241.42 0.57664 8.27631e-008 -0.329603
8516.35 0.596165 8.56381e-008 -0.339329
8791.31 0.615701 8.8517e-008 -0.349063
9066.28 0.635247 9.14206e-008 -0.358806
9341.27 0.654804 9.42393e-008 -0.368557
9616.27 0.674371 9.71656e-008 -0.378317
9891.29 0.693949 1.0013e-007 -0.388086
10166.3 0.713538 1.03027e-007 -0.397864
10441.4 0.733138 1.05953e-007 -0.40765
10716.5 0.752748 1.08911e-007 -0.417444
10991.6 0.772369 1.11957e-007 -0.427248
11266.7 0.792001 1.14825e-007 -0.43706
11541.8 0.811644 1.17777e-007 -0.446881
11817 0.831297 1.20701e-007 -0.456711
12092.1 0.850961 1.23658e-007 -0.46655
12367.3 0.870636 1.2661e-007 -0.476397
12642.5 0.890322 1.29627e-007 -0.486254
12917.7 0.910018 1.32621e-007 -0.496119
13193 0.929726 1.35619e-007 -0.505993
13468.3 0.949444 1.38633e-007 -0.515876
13743.5 0.969173 1.41646e-007 -0.525768
14018.9 0.988913 1.44685e-007 -0.535669
