274.535 0.0915454 5.7405e-012 -0.0524358
549.08 0.2082 1.43443e-012 -0.0676071
823.636 0.324865 3.92423e-012 -0.082778
1098.2 0.441538 4.92456e-014 -0.0979486
1372.78 0.558222 1.26919e-011 -0.113119
1647.37 0.674915 1.16024e-011 -0.128289
1921.97 0.791618 -4.4318e-012 -0.143458
2196.58 0.908331 2.54735e-012 -0.158627
2471.21 1.02505 1.2231e-012 -0.173796
2745.84 1.14179 6.38157e-012 -0.188964
3020.49 1.25853 2.67553e-012 -0.204132
3295.15 1.37528 -3.05922e-011 -0.219299
3569.83 1.49205 4.05452e-011 -0.234467
3844.51 1.60882 6.24852e-013 -0.249633
4119.21 1.72561 2.17614e-012 -0.2648
4393.92 1.8424 1.00202e-012 -0.279966
4668.65 1.95921 -3.94093e-012 -0.295132
4943.39 2.07603 -1.91208e-012 -0.310297
5218.15 2.19286 2.3937e-012 -0.325462
5492.91 2.3097 -1.52079e-012 -0.340626
5767.7 2.42655 -1.65528e-013 -0.355791
6042.49 2.54341 -2.63073e-014 -0.370954
6317.3 2.66028 -2.90548e-013 -0.386118
6592.13 2.77717 5.60587e-013 -0.401281
6866.97 2.89407 1.45713e-012 -0.416444
7141.83 3.01097 4.90662e-013 -0.431606
7416.7 3.12789 3.10929e-012 -0.446768
7691.59 3.24483 1.28049e-011 -0.46193
7966.5 3.36177 5.27405e-015 -0.477091
8241.42 3.47873 5.49323e-014 -0.492252
8516.35 3.59569 1.07838e-012 -0.507412
8791.31 3.71268 -3.60018e-012 -0.522572
9066.28 3.82967 5.97504e-012 -0.537732
9341.27 3.94667 3.21287e-011 -0.552892
9616.27 4.06369 8.94403e-012 -0.568051
9891.29 4.18072 4.90622e-012 -0.583209
10166.3 4.29777 7.40304e-014 -0.598368
10441.4 4.41482 4.42034e-013 -0.613526
10716.5 4.53189 -3.99997e-012 -0.628683
10991.6 4.64897 1.97367e-012 -0.643841
11266.7 4.76607 -9.79967e-012 -0.658998
11541.8 4.88318 5.05068e-012 -0.674154
11817 5.0003 8.23496e-013 -0.68931
12092.1 5.11744 5.23879e-014 -0.704466
12367.3 5.23459 4.03794e-011 -0.719622
12642.5 5.35175 -1.10995e-012 -0.734777
12917.7 5.46893 5.5197e-013 -0.749932
13193 5.58612 6.5601e-013 -0.765086
13468.3 5.70332 7.34721e-014 -0.78024
13743.5 5.82054 -8.4249e-014 -0.795394
14018.9 5.93777 -5.40104e-012 -0.810547
