274.535 0.0915454 -7.72704e-010 -0.012403
549.08 0.2082 -1.55109e-009 0.0263699
823.636 0.324865 -2.37364e-009 0.065149
1098.2 0.441538 -3.08557e-009 0.103934
1372.78 0.558222 -3.91645e-009 0.142726
1647.37 0.674915 -4.55968e-009 0.181524
1921.97 0.791618 -5.45187e-009 0.220328
2196.58 0.908331 -6.2241e-009 0.259139
2471.21 1.02505 -7.04445e-009 0.297956
2745.84 1.14179 -7.86985e-009 0.33678
3020.49 1.25853 -8.64113e-009 0.37561
3295.15 1.37528 -9.62026e-009 0.414447
3569.83 1.49205 -1.01156e-008 0.45329
3844.51 1.60882 -1.1164e-008 0.49214
4119.21 1.72561 -1.20025e-008 0.530997
4393.92 1.8424 -1.28585e-008 0.569861
4668.65 1.95921 -1.37253e-008 0.608731
4943.39 2.07603 -1.46026e-008 0.647608
5218.15 2.19286 -1.54557e-008 0.686492
5492.91 2.3097 -1.63427e-008 0.725383
5767.7 2.42655 -1.72432e-008 0.76428
6042.49 2.54341 -1.80906e-008 0.803185
6317.3 2.66028 -1.89977e-008 0.842097
6592.13 2.77717 -1.99032e-008 0.881016
6866.97 2.89407 -2.08215e-008 0.919942
7141.83 3.01097 -2.17249e-008 0.958875
7416.7 3.12789 -2.27053e-008 0.997815
7691.59 3.24483 -2.34854e-008 1.03676
7966.5 3.36177 -2.45176e-008 1.07572
8241.42 3.47873 -2.54666e-008 1.11468
8516.35 3.59569 -2.64191e-008 1.15365
8791.31 3.71268 -2.73816e-008 1.19263
9066.28 3.82967 -2.83541e-008 1.23161
9341.27 3.94667 -2.91711e-008 1.2706
9616.27 4.06369 -3.02174e-008 1.3096
9891.29 4.18072 -3.12938e-008 1.34861
10166.3 4.29777 -3.2256e-008 1.38762
10441.4 4.41482 -3.32522e-008 1.42664
10716.5 4.53189 -3.43111e-008 1.46567
10991.6 4.64897 -3.54748e-008 1.50471
11266.7 4.76607 -3.6386e-008 1.54376
11541.8 4.88318 -3.73906e-008 1.58281
11817 5.0003 -3.83464e-008 1.62187
12092.1 5.11744 -3.93613e-008 1.66094
12367.3 5.23459 -4.03171e-008 1.70001
12642.5 5.35175 -4.1462e-008 1.7391
12917.7 5.46893 -4.25146e-008 1.77819
13193 5.58612 -4.3573e-008 1.81729
13468.3 5.70332 -4.46534e-008 1.8564
13743.5 5.82054 -4.57217e-008 1.89552
14018.9 5.93777 -4.68358e-008 1.93464
