274.535 0.0198014 2.17184e-009 -0.000543826
549.08 0.0436071 4.24044e-009 0.0273973
823.636 0.0674129 6.29392e-009 0.0553409
1098.2 0.0912187 8.41954e-009 0.0832869
1372.78 0.115025 1.04869e-008 0.111235
1647.37 0.138831 1.26697e-008 0.139186
1921.97 0.162637 1.47364e-008 0.16714
2196.58 0.186443 1.68697e-008 0.195096
2471.21 0.21025 1.8991e-008 0.223055
2745.84 0.234056 2.11181e-008 0.251016
3020.49 0.257863 2.32887e-008 0.27898
3295.15 0.28167 2.53692e-008 0.306947
3569.83 0.305478 2.76827e-008 0.334916
3844.51 0.329286 2.97499e-008 0.362889
4119.21 0.353094 3.19257e-008 0.390864
4393.92 0.376902 3.41043e-008 0.418841
4668.65 0.400711 3.62901e-008 0.446822
4943.39 0.42452 3.84771e-008 0.474806
5218.15 0.448329 4.06878e-008 0.502792
5492.91 0.472139 4.28935e-008 0.530782
5767.7 0.495949 4.51023e-008 0.558774
6042.49 0.51976 4.73505e-008 0.58677
6317.3 0.543571 4.95775e-008 0.614768
6592.13 0.567382 5.18158e-008 0.64277
6866.97 0.591195 5.40581e-008 0.670775
7141.83 0.615007 5.632e-008 0.698783
7416.7 0.63882 5.85499e-008 0.726794
7691.59 0.662634 6.08964e-008 0.754808
7966.5 0.686448 6.31257e-008 0.782826
8241.42 0.710263 6.54061e-008 0.810847
8516.35 0.734079 6.76953e-008 0.838871
8791.31 0.757895 6.99921e-008 0.866898
9066.28 0.781712 7.22889e-008 0.894929
9341.27 0.805529 7.46743e-008 0.922963
9616.27 0.829347 7.69618e-008 0.951001
9891.29 0.853166 7.92441e-008 0.979042
10166.3 0.876986 8.15953e-008 1.00709
10441.4 0.900806 8.39372e-008 1.03514
10716.5 0.924628 8.62559e-008 1.06319
10991.6 0.94845 8.85298e-008 1.09124
11266.7 0.972272 9.0954e-008 1.1193
11541.8 0.996096 9.33292e-008 1.14736
11817 1.01992 9.57489e-008 1.17543
12092.1 1.04375 9.81464e-008 1.2035
12367.3 1.06757 1.0057e-007 1.23157
12642.5 1.0914 1.02935e-007 1.25965
12917.7 1.11523 1.05344e-007 1.28773
13193 1.13906 1.07761e-007 1.31582
13468.3 1.16289 1.10177e-007 1.34391
13743.5 1.18672 1.1261e-007 1.372
14018.9 1.21055 1.15032e-007 1.4001
