274.535 0.551676 -2.26221e-009 -0.160474
549.08 1.53751 -4.29791e-009 -0.122049
823.636 2.52335 -5.72663e-009 -0.0836263
1098.2 3.50918 -8.48112e-009 -0.0452068
1372.78 4.49501 -9.92395e-009 -0.00678999
1647.37 5.48084 -1.29565e-008 0.0316241
1921.97 6.46667 -1.47331e-008 0.0700355
2196.58 7.45249 -1.68515e-008 0.108444
2471.21 8.43831 -1.88379e-008 0.14685
2745.84 9.42413 -2.06423e-008 0.185253
3020.49 10.4099 -2.3371e-008 0.223654
3295.15 11.3958 -2.49619e-008 0.262052
3569.83 12.3816 -2.77281e-008 0.300447
3844.51 13.3674 -2.93705e-008 0.338839
4119.21 14.3532 -3.14703e-008 0.377229
4393.92 15.339 -3.35903e-008 0.415615
4668.65 16.3248 -3.58782e-008 0.454
4943.39 17.3106 -3.78018e-008 0.492381
5218.15 18.2964 -3.98182e-008 0.53076
5492.91 19.2822 -4.2049e-008 0.569136
5767.7 20.268 -4.41957e-008 0.607509
6042.49 21.2538 -4.64737e-008 0.64588
6317.3 22.2395 -4.85391e-008 0.684248
6592.13 23.2253 -5.06378e-008 0.722613
6866.97 24.2111 -5.26561e-008 0.760975
7141.83 25.1969 -5.49567e-008 0.799335
7416.7 26.1827 -5.66216e-008 0.837692
7691.59 27.1684 -5.93685e-008 0.876047
7966.5 28.1542 -6.13872e-008 0.914398
8241.42 29.14 -6.35146e-008 0.952747
8516.35 30.1257 -6.55362e-008 0.991094
8791.31 31.1115 -6.78045e-008 1.02944
9066.28 32.0973 -6.94716e-008 1.06778
9341.27 33.083 -7.23777e-008 1.10612
9616.27 34.0688 -7.46641e-008 1.14445
9891.29 35.0546 -7.60493e-008 1.18278
10166.3 36.0403 -7.86206e-008 1.22111
10441.4 37.0261 -8.07648e-008 1.25944
10716.5 38.0118 -8.32569e-008 1.29777
10991.6 38.9976 -8.32323e-008 1.33609
11266.7 39.9833 -8.71577e-008 1.37441
11541.8 40.969 -8.93898e-008 1.41272
11817 41.9548 -9.15169e-008 1.45104
12092.1 42.9405 -9.38717e-008 1.48935
12367.3 43.9263 -9.63601e-008 1.52766
12642.5 44.912 -9.82179e-008 1.56596
12917.7 45.8977 -1.00339e-007 1.60427
13193 46.8835 -1.02561e-007 1.64257
13468.3 47.8692 -1.04764e-007 1.68086
13743.5 48.8549 -1.06971e-007 1.71916
14018.9 49.8406 -1.0905e-007 1.75745
