274.535 0.0150123 -2.76904e-009 -0.0511749
549.08 0.0342323 -5.41233e-009 -0.0606623
823.636 0.0534626 -8.03261e-009 -0.0701577
1098.2 0.0727032 -1.07405e-008 -0.079661
1372.78 0.0919543 -1.33773e-008 -0.0891723
1647.37 0.111216 -1.61381e-008 -0.0986915
1921.97 0.130488 -1.87833e-008 -0.108219
2196.58 0.14977 -2.14906e-008 -0.117754
2471.21 0.169063 -2.41869e-008 -0.127297
2745.84 0.188366 -2.68846e-008 -0.136849
3020.49 0.20768 -2.96397e-008 -0.146408
3295.15 0.227004 -3.23006e-008 -0.155976
3569.83 0.246339 -3.51784e-008 -0.165551
3844.51 0.265684 -3.78292e-008 -0.175135
4119.21 0.28504 -4.05817e-008 -0.184727
4393.92 0.304406 -4.3339e-008 -0.194327
4668.65 0.323782 -4.6105e-008 -0.203936
4943.39 0.34317 -4.88681e-008 -0.213552
5218.15 0.362567 -5.16558e-008 -0.223177
5492.91 0.381976 -5.44423e-008 -0.23281
5767.7 0.401394 -5.72307e-008 -0.242452
6042.49 0.420824 -6.00591e-008 -0.252102
6317.3 0.440264 -6.2865e-008 -0.26176
6592.13 0.459714 -6.56827e-008 -0.271426
6866.97 0.479175 -6.85039e-008 -0.281101
7141.83 0.498647 -7.13482e-008 -0.290785
7416.7 0.518129 -7.41523e-008 -0.300477
7691.59 0.537622 -7.70865e-008 -0.310177
7966.5 0.557126 -7.98974e-008 -0.319885
8241.42 0.57664 -8.2759e-008 -0.329603
8516.35 0.596165 -8.56289e-008 -0.339329
8791.31 0.615701 -8.85102e-008 -0.349063
9066.28 0.635247 -9.13818e-008 -0.358806
9341.27 0.654804 -9.43536e-008 -0.368557
9616.27 0.674371 -9.7233e-008 -0.378317
9891.29 0.693949 -1.00089e-007 -0.388086
10166.3 0.713538 -1.03028e-007 -0.397864
10441.4 0.733138 -1.05954e-007 -0.40765
10716.5 0.752748 -1.08862e-007 -0.417444
10991.6 0.772369 -1.11698e-007 -0.427248
11266.7 0.792001 -1.14726e-007 -0.43706
11541.8 0.811644 -1.17686e-007 -0.446881
11817 0.831297 -1.20688e-007 -0.456711
12092.1 0.850961 -1.23674e-007 -0.46655
12367.3 0.870636 -1.26679e-007 -0.476397
12642.5 0.890322 -1.29635e-007 -0.486254
12917.7 0.910018 -1.32629e-007 -0.496119
13193 0.929726 -1.35633e-007 -0.505993
13468.3 0.949444 -1.38637e-007 -0.515876
13743.5 0.969173 -1.41658e-007 -0.525768
14018.9 0.988913 -1.44667e-007 -0.535669
