274.535 0.0319248 2.47177e-009 -0.000543826
549.08 0.0710481 4.82677e-009 0.0273973
823.636 0.110172 7.16766e-009 0.0553409
1098.2 0.149298 9.58002e-009 0.0832869
1372.78 0.188424 1.19363e-008 0.111235
1647.37 0.227552 1.44065e-008 0.139186
1921.97 0.266681 1.67588e-008 0.16714
2196.58 0.305811 1.91807e-008 0.195096
2471.21 0.344943 2.15898e-008 0.223055
2745.84 0.384075 2.40056e-008 0.251016
3020.49 0.423209 2.6464e-008 0.27898
3295.15 0.462345 2.88284e-008 0.306947
3569.83 0.501482 3.14395e-008 0.334916
3844.51 0.54062 3.37902e-008 0.362889
4119.21 0.579759 3.62549e-008 0.390864
4393.92 0.618901 3.87223e-008 0.418841
4668.65 0.658043 4.11964e-008 0.446822
4943.39 0.697188 4.36729e-008 0.474806
5218.15 0.736334 4.61734e-008 0.502792
5492.91 0.775481 4.8668e-008 0.530782
5767.7 0.81463 5.11666e-008 0.558774
6042.49 0.853781 5.37044e-008 0.58677
6317.3 0.892934 5.62212e-008 0.614768
6592.13 0.932088 5.87496e-008 0.64277
6866.97 0.971244 6.12822e-008 0.670775
7141.83 1.0104 6.38343e-008 0.698783
7416.7 1.04956 6.63549e-008 0.726794
7691.59 1.08872 6.89933e-008 0.754808
7966.5 1.12789 7.15116e-008 0.782826
8241.42 1.16705 7.40828e-008 0.810847
8516.35 1.20622 7.66631e-008 0.838871
8791.31 1.24539 7.92504e-008 0.866898
9066.28 1.28456 8.18397e-008 0.894929
9341.27 1.32374 8.452e-008 0.922963
9616.27 1.36291 8.7096e-008 0.951001
9891.29 1.40209 8.96694e-008 0.979042
10166.3 1.44127 9.23119e-008 1.00709
10441.4 1.48045 9.49458e-008 1.03514
10716.5 1.51964 9.75561e-008 1.06319
10991.6 1.55883 1.00123e-007 1.09124
11266.7 1.59802 1.02838e-007 1.1193
11541.8 1.63721 1.05508e-007 1.14736
11817 1.6764 1.0822e-007 1.17543
12092.1 1.7156 1.1091e-007 1.2035
12367.3 1.7548 1.13632e-007 1.23157
12642.5 1.794 1.16285e-007 1.25965
12917.7 1.8332 1.18987e-007 1.28773
13193 1.87241 1.21697e-007 1.31582
13468.3 1.91162 1.24407e-007 1.34391
13743.5 1.95083 1.27134e-007 1.372
14018.9 1.99005 1.29849e-007 1.4001
