274.535 0.480927 1.115e-009 -0.106583
549.08 1.25098 1.99807e-009 -0.0787786
823.636 2.02106 2.8325e-009 -0.0509746
1098.2 2.79115 3.98396e-009 -0.0231715
1372.78 3.56127 4.89293e-009 0.00463064
1647.37 4.33142 6.41595e-009 0.0324318
1921.97 5.10158 6.92743e-009 0.060232
2196.58 5.87177 8.08486e-009 0.0880312
2471.21 6.64198 9.05006e-009 0.115829
2745.84 7.41222 1.00873e-008 0.143626
3020.49 8.18247 1.12414e-008 0.171423
3295.15 8.95275 1.14762e-008 0.199218
3569.83 9.72306 1.41805e-008 0.227011
3844.51 10.4934 1.42319e-008 0.254804
4119.21 11.2637 1.53151e-008 0.282596
4393.92 12.0341 1.63384e-008 0.310387
4668.65 12.8045 1.74053e-008 0.338176
4943.39 13.5749 1.84024e-008 0.365964
5218.15 14.3454 1.95273e-008 0.393751
5492.91 15.1158 2.05124e-008 0.421537
5767.7 15.8863 2.15993e-008 0.449322
6042.49 16.6568 2.27979e-008 0.477105
6317.3 17.4274 2.38567e-008 0.504887
6592.13 18.1979 2.49509e-008 0.532668
6866.97 18.9685 2.60267e-008 0.560447
7141.83 19.7391 2.71639e-008 0.588225
7416.7 20.5098 2.81423e-008 0.616002
7691.59 21.2804 2.96064e-008 0.643778
7966.5 22.0511 3.04818e-008 0.671552
8241.42 22.8218 3.15948e-008 0.699325
8516.35 23.5926 3.2702e-008 0.727096
8791.31 24.3633 3.37833e-008 0.754866
9066.28 25.1341 3.49428e-008 0.782635
9341.27 25.9049 3.65322e-008 0.810402
9616.27 26.6758 3.74183e-008 0.838167
9891.29 27.4466 3.83328e-008 0.865931
10166.3 28.2175 3.95429e-008 0.893694
10441.4 28.9884 4.07037e-008 0.921455
10716.5 29.7594 4.17077e-008 0.949214
10991.6 30.5303 4.24189e-008 0.976972
11266.7 31.3013 4.38408e-008 1.00473
11541.8 32.0723 4.52613e-008 1.03248
11817 32.8434 4.65021e-008 1.06024
12092.1 33.6144 4.77427e-008 1.08799
12367.3 34.3855 4.95757e-008 1.11574
12642.5 35.1567 5.00868e-008 1.14349
12917.7 35.9278 5.13017e-008 1.17123
13193 36.699 5.25095e-008 1.19898
13468.3 37.4702 5.3678e-008 1.22672
13743.5 38.2414 5.48902e-008 1.25446
14018.9 39.0127 5.59873e-008 1.2822
