274.535 0.382643 3.96196e-011 -0.117006
549.08 0.951982 9.60625e-012 -0.149809
823.636 1.52135 3.34872e-011 -0.18261
1098.2 2.09075 2.88207e-013 -0.215408
1372.78 2.66018 9.34278e-011 -0.248203
1647.37 3.22964 8.04569e-011 -0.280996
1921.97 3.79913 -2.96305e-011 -0.313785
2196.58 4.36864 1.65512e-011 -0.346572
2471.21 4.93819 9.33135e-012 -0.379356
2745.84 5.50778 4.88728e-011 -0.412137
3020.49 6.07739 1.58721e-011 -0.444915
3295.15 6.64703 -2.00892e-010 -0.477691
3569.83 7.2167 2.75963e-010 -0.510463
3844.51 7.78641 5.00125e-012 -0.543233
4119.21 8.35615 1.50265e-011 -0.575999
4393.92 8.92591 7.78969e-012 -0.608763
4668.65 9.49571 -2.32296e-011 -0.641524
4943.39 10.0655 -9.04975e-012 -0.674282
5218.15 10.6354 1.87918e-011 -0.707038
5492.91 11.2053 -1.24375e-011 -0.73979
5767.7 11.7752 -2.36746e-012 -0.772539
6042.49 12.3452 -4.67836e-013 -0.805286
6317.3 12.9152 -1.88063e-012 -0.838029
6592.13 13.4852 4.12788e-012 -0.87077
6866.97 14.0553 1.18487e-011 -0.903508
7141.83 14.6254 3.39777e-012 -0.936242
7416.7 15.1955 2.4579e-011 -0.968974
7691.59 15.7657 6.24999e-011 -1.0017
7966.5 16.3359 1.8759e-014 -1.03443
8241.42 16.9061 5.53996e-013 -1.06715
8516.35 17.4764 8.93503e-012 -1.09987
8791.31 18.0467 -2.3843e-011 -1.13259
9066.28 18.617 4.53932e-011 -1.1653
9341.27 19.1874 1.76375e-010 -1.19801
9616.27 19.7578 3.9465e-011 -1.23072
9891.29 20.3282 3.65884e-011 -1.26343
10166.3 20.8987 4.76501e-013 -1.29613
10441.4 21.4692 3.34545e-012 -1.32883
10716.5 22.0397 -3.6561e-011 -1.36152
10991.6 22.6103 3.35215e-011 -1.39422
11266.7 23.1809 -6.90527e-011 -1.42691
11541.8 23.7516 2.9361e-011 -1.45959
11817 24.3223 6.73773e-012 -1.49228
12092.1 24.893 2.15288e-013 -1.52496
12367.3 25.4638 2.6786e-010 -1.55764
12642.5 26.0345 -7.0234e-012 -1.59031
12917.7 26.6054 4.91816e-012 -1.62298
13193 27.1763 4.9899e-012 -1.65565
13468.3 27.7472 7.99603e-013 -1.68832
13743.5 28.3181 -4.56521e-013 -1.72098
14018.9 28.8891 -3.62161e-011 -1.75364
