274.535 0.366079 6.50658e-010 -0.154613
549.08 0.91975 1.3755e-009 -0.14334
823.636 1.47344 2.45009e-009 -0.132074
1098.2 2.02714 2.76345e-009 -0.120815
1372.78 2.58086 3.79561e-009 -0.109563
1647.37 3.1346 3.99004e-009 -0.0983176
1921.97 3.68836 4.92276e-009 -0.087079
2196.58 4.24213 5.6183e-009 -0.0758472
2471.21 4.79592 6.41974e-009 -0.0646222
2745.84 5.34973 7.35949e-009 -0.0534039
3020.49 5.90356 7.72946e-009 -0.0421924
3295.15 6.45741 8.86453e-009 -0.0309877
3569.83 7.01128 9.03677e-009 -0.0197898
3844.51 7.56516 1.0182e-008 -0.00859858
4119.21 8.11906 1.09599e-008 0.00258587
4393.92 8.67299 1.17336e-008 0.0137636
4668.65 9.22693 1.24454e-008 0.0249345
4943.39 9.78089 1.33554e-008 0.0360988
5218.15 10.3349 1.41752e-008 0.0472563
5492.91 10.8889 1.49522e-008 0.0584071
5767.7 11.4429 1.5777e-008 0.0695512
6042.49 11.9969 1.64662e-008 0.0806886
6317.3 12.551 1.73383e-008 0.0918192
6592.13 13.1051 1.819e-008 0.102943
6866.97 13.6592 1.90953e-008 0.114061
7141.83 14.2133 1.98455e-008 0.125171
7416.7 14.7674 2.10175e-008 0.136275
7691.59 15.3216 2.14238e-008 0.147372
7966.5 15.8758 2.24227e-008 0.158463
8241.42 16.43 2.33182e-008 0.169547
8516.35 16.9842 2.42542e-008 0.180624
8791.31 17.5385 2.50816e-008 0.191695
9066.28 18.0928 2.62356e-008 0.202759
9341.27 18.6471 2.66079e-008 0.213816
9616.27 19.2014 2.74604e-008 0.224867
9891.29 19.7557 2.89009e-008 0.235911
10166.3 20.3101 2.95977e-008 0.246949
10441.4 20.8645 3.05302e-008 0.257979
10716.5 21.4189 3.13869e-008 0.269004
10991.6 21.9733 3.34172e-008 0.280021
11266.7 22.5278 3.355e-008 0.291032
11541.8 23.0822 3.433e-008 0.302037
11817 23.6367 3.53349e-008 0.313035
12092.1 24.1913 3.6184e-008 0.324026
12367.3 24.7458 3.69946e-008 0.335011
12642.5 25.3004 3.81531e-008 0.345989
12917.7 25.855 3.91652e-008 0.356961
13193 26.4096 4.01376e-008 0.367926
13468.3 26.9643 4.11462e-008 0.378885
13743.5 27.5189 4.21434e-008 0.389837
14018.9 28.0736 4.32243e-008 0.400782
