274.535 0.221515 8.35569e-012 -0.0874769
549.08 0.533999 3.3875e-012 -0.0226714
823.636 0.846499 1.12184e-010 0.04213
1098.2 1.15902 2.55927e-014 0.106927
1372.78 1.47155 6.71338e-011 0.171721
1647.37 1.7841 1.21758e-011 0.23651
1921.97 2.09666 -6.39291e-012 0.301295
2196.58 2.40925 3.93771e-012 0.366076
2471.21 2.72185 1.8298e-011 0.430853
2745.84 3.03446 9.24332e-011 0.495626
3020.49 3.3471 -2.60355e-011 0.560395
3295.15 3.65975 -2.09753e-011 0.62516
3569.83 3.97242 4.79219e-011 0.68992
3844.51 4.28511 1.69309e-011 0.754677
4119.21 4.59782 2.54817e-011 0.819429
4393.92 4.91054 1.45318e-011 0.884177
4668.65 5.22329 -1.3461e-011 0.948921
4943.39 5.53605 1.72832e-011 1.01366
5218.15 5.84883 3.74209e-011 1.0784
5492.91 6.16163 1.13321e-011 1.14313
5767.7 6.47445 1.47646e-012 1.20786
6042.49 6.78729 -1.0529e-011 1.27258
6317.3 7.10015 1.46465e-012 1.3373
6592.13 7.41303 8.6679e-012 1.40201
6866.97 7.72593 2.9418e-011 1.46672
7141.83 8.03885 1.49785e-012 1.53143
7416.7 8.35179 9.24104e-011 1.59613
7691.59 8.66475 -1.69007e-011 1.66083
7966.5 8.97773 -2.37635e-013 1.72553
8241.42 9.29074 6.6716e-012 1.79021
8516.35 9.60376 2.54481e-011 1.8549
8791.31 9.91681 -1.28805e-012 1.91958
9066.28 10.2299 9.91568e-011 1.98426
9341.27 10.543 -1.09475e-011 2.04893
9616.27 10.8561 -8.6693e-011 2.1136
9891.29 11.1692 6.47422e-011 2.17826
10166.3 11.4824 1.0416e-013 2.24292
10441.4 11.7955 5.82014e-012 2.30758
10716.5 12.1087 -7.42626e-011 2.37223
10991.6 12.422 2.76293e-010 2.43688
11266.7 12.7352 -1.13597e-011 2.50152
11541.8 13.0485 -2.59068e-011 2.56616
11817 13.3618 2.67343e-011 2.6308
12092.1 13.6751 -1.71294e-012 2.69543
12367.3 13.9884 -4.99377e-012 2.76005
12642.5 14.3018 -4.95035e-014 2.82467
12917.7 14.6152 1.4702e-011 2.88929
13193 14.9286 8.26281e-012 2.9539
13468.3 15.242 2.42575e-012 3.01851
13743.5 15.5555 8.99819e-013 3.08312
14018.9 15.869 1.44513e-011 3.14772
