274.535 0.278807 -1.44208e-010 -0.144952
549.08 0.681238 -2.58427e-010 -0.141426
823.636 1.08369 -1.17923e-010 -0.137906
1098.2 1.48615 -5.80093e-010 -0.134392
1372.78 1.88863 -5.05098e-010 -0.130885
1647.37 2.29113 -1.08454e-009 -0.127383
1921.97 2.69364 -1.08746e-009 -0.123887
2196.58 3.09617 -1.305e-009 -0.120397
2471.21 3.49872 -1.4455e-009 -0.116914
2745.84 3.90129 -1.49887e-009 -0.113436
3020.49 4.30387 -1.98831e-009 -0.109965
3295.15 4.70648 -1.87987e-009 -0.1065
3569.83 5.1091 -2.64488e-009 -0.10304
3844.51 5.51174 -2.52195e-009 -0.0995871
4119.21 5.9144 -2.7547e-009 -0.09614
4393.92 6.31707 -2.99864e-009 -0.092699
4668.65 6.71977 -3.29196e-009 -0.089264
4943.39 7.12249 -3.46085e-009 -0.0858352
5218.15 7.52522 -3.71465e-009 -0.0824124
5492.91 7.92798 -3.993e-009 -0.0789957
5767.7 8.33075 -4.25566e-009 -0.0755851
6042.49 8.73355 -4.64751e-009 -0.0721806
6317.3 9.13636 -4.89804e-009 -0.0687822
6592.13 9.5392 -5.17736e-009 -0.0653899
6866.97 9.94205 -5.42883e-009 -0.0620037
7141.83 10.3449 -5.80853e-009 -0.0586237
7416.7 10.7478 -5.87105e-009 -0.0552497
7691.59 11.1507 -6.56527e-009 -0.0518818
7966.5 11.5537 -6.77014e-009 -0.04852
8241.42 11.9567 -7.08372e-009 -0.0451643
8516.35 12.3596 -7.38533e-009 -0.0418147
8791.31 12.7626 -7.77161e-009 -0.0384713
9066.28 13.1657 -7.93661e-009 -0.035134
9341.27 13.5687 -8.73999e-009 -0.0318027
9616.27 13.9718 -9.09893e-009 -0.0284776
9891.29 14.3749 -9.06858e-009 -0.0251586
10166.3 14.778 -9.61586e-009 -0.0218458
10441.4 15.1812 -9.99693e-009 -0.018539
10716.5 15.5843 -1.04053e-008 -0.0152384
10991.6 15.9875 -1.00044e-008 -0.0119439
11266.7 16.3907 -1.09969e-008 -0.00865555
11541.8 16.794 -1.15593e-008 -0.00537331
11817 17.1972 -1.19699e-008 -0.00209721
12092.1 17.6005 -1.24861e-008 0.00117276
12367.3 18.0038 -1.30626e-008 0.00443659
12642.5 18.4072 -1.33422e-008 0.00769428
12917.7 18.8105 -1.37732e-008 0.0109458
13193 19.2139 -1.42385e-008 0.0141912
13468.3 19.6173 -1.46841e-008 0.0174305
13743.5 20.0207 -1.51598e-008 0.0206636
14018.9 20.4242 -1.55735e-008 0.0238906
