274.535 0.512457 5.70212e-010 -0.163433
549.08 1.37853 1.26497e-009 -0.130616
823.636 2.24461 2.48629e-009 -0.0978035
1098.2 3.11071 2.55563e-009 -0.064996
1372.78 3.97681 3.75696e-009 -0.0321936
1647.37 4.84291 3.59608e-009 0.000603811
1921.97 5.70903 4.55555e-009 0.0333963
2196.58 6.57516 5.18848e-009 0.0661837
2471.21 7.44129 5.95721e-009 0.0989662
2745.84 8.30744 6.89325e-009 0.131744
3020.49 9.17359 7.01236e-009 0.164516
3295.15 10.0398 8.20349e-009 0.197284
3569.83 10.9059 8.19459e-009 0.230046
3844.51 11.7721 9.34281e-009 0.262804
4119.21 12.6383 1.00369e-008 0.295556
4393.92 13.5045 1.07248e-008 0.328304
4668.65 14.3707 1.12644e-008 0.361047
4943.39 15.2369 1.21471e-008 0.393784
5218.15 16.1031 1.29246e-008 0.426517
5492.91 16.9694 1.35509e-008 0.459245
5767.7 17.8356 1.42391e-008 0.491968
6042.49 18.7019 1.48049e-008 0.524685
6317.3 19.5682 1.55789e-008 0.557398
6592.13 20.4344 1.63248e-008 0.590106
6866.97 21.3007 1.71515e-008 0.622809
7141.83 22.167 1.77267e-008 0.655507
7416.7 23.0333 1.88784e-008 0.6882
7691.59 23.8996 1.9006e-008 0.720888
7966.5 24.766 1.9914e-008 0.753572
8241.42 25.6323 2.06668e-008 0.78625
8516.35 26.4986 2.15162e-008 0.818923
8791.31 27.365 2.21593e-008 0.851592
9066.28 28.2314 2.33256e-008 0.884255
9341.27 29.0977 2.34392e-008 0.916914
9616.27 29.9641 2.40253e-008 0.949567
9891.29 30.8305 2.54944e-008 0.982216
10166.3 31.6969 2.58971e-008 1.01486
10441.4 32.5634 2.66767e-008 1.0475
10716.5 33.4298 2.72141e-008 1.08013
10991.6 34.2962 2.98528e-008 1.11276
11266.7 35.1627 2.9128e-008 1.14539
11541.8 36.0291 2.97961e-008 1.178
11817 36.8956 3.06357e-008 1.21062
12092.1 37.7621 3.12549e-008 1.24323
12367.3 38.6286 3.17639e-008 1.27583
12642.5 39.4951 3.28485e-008 1.30843
12917.7 40.3616 3.36869e-008 1.34103
13193 41.2282 3.445e-008 1.37362
13468.3 42.0947 3.52491e-008 1.4062
13743.5 42.9612 3.60402e-008 1.43878
14018.9 43.8278 3.69455e-008 1.47136
