274.535 0.36666 1.16149e-009 -0.0790495
549.08 0.906195 2.14606e-009 -0.0410742
823.636 1.44576 3.06361e-009 -0.00309697
1098.2 1.98535 4.27912e-009 0.034882
1372.78 2.52498 5.26473e-009 0.0728627
1647.37 3.06464 6.74e-009 0.110845
1921.97 3.60432 7.48298e-009 0.148829
2196.58 4.14404 8.67902e-009 0.186815
2471.21 4.68379 9.7395e-009 0.224803
2745.84 5.22357 1.08298e-008 0.262792
3020.49 5.76338 1.20693e-008 0.300783
3295.15 6.30322 1.26199e-008 0.338776
3569.83 6.8431 1.49354e-008 0.376771
3844.51 7.383 1.53731e-008 0.414767
4119.21 7.92294 1.65416e-008 0.452764
4393.92 8.46291 1.76751e-008 0.490763
4668.65 9.00291 1.88218e-008 0.528764
4943.39 9.54295 1.99463e-008 0.566767
5218.15 10.083 2.11689e-008 0.60477
5492.91 10.6231 2.22938e-008 0.642776
5767.7 11.1633 2.34612e-008 0.680783
6042.49 11.7034 2.47651e-008 0.718791
6317.3 12.2436 2.59397e-008 0.756802
6592.13 12.7839 2.71466e-008 0.794813
6866.97 13.3241 2.83419e-008 0.832826
7141.83 13.8644 2.95955e-008 0.87084
7416.7 14.4048 3.06909e-008 0.908856
7691.59 14.9451 3.22177e-008 0.946874
7966.5 15.4855 3.32888e-008 0.984892
8241.42 16.026 3.4524e-008 1.02291
8516.35 16.5665 3.57671e-008 1.06093
8791.31 17.107 3.70015e-008 1.09896
9066.28 17.6475 3.82673e-008 1.13698
9341.27 18.1881 3.99804e-008 1.17501
9616.27 18.7287 4.10444e-008 1.21303
9891.29 19.2694 4.20826e-008 1.25106
10166.3 19.8101 4.34352e-008 1.28909
10441.4 20.3508 4.47414e-008 1.32712
10716.5 20.8915 4.59154e-008 1.36515
10991.6 21.4323 4.69013e-008 1.40319
11266.7 21.9732 4.8365e-008 1.44122
11541.8 22.5141 4.99363e-008 1.47926
11817 23.055 5.13008e-008 1.51729
12092.1 23.5959 5.26953e-008 1.55533
12367.3 24.1369 5.44471e-008 1.59337
12642.5 24.6779 5.53696e-008 1.63141
12917.7 25.219 5.67418e-008 1.66945
13193 25.7601 5.81139e-008 1.7075
13468.3 26.3012 5.94596e-008 1.74554
13743.5 26.8424 6.08417e-008 1.78358
14018.9 27.3836 6.21493e-008 1.82163
