274.535 0.5525 4.30255e-011 -0.145342
549.08 1.54136 1.48036e-011 -0.0515466
823.636 2.53021 4.28642e-010 0.0422385
1098.2 3.51906 -1.22815e-012 0.136014
1372.78 4.5079 3.39534e-010 0.229779
1647.37 5.49675 5.19858e-011 0.323534
1921.97 6.48559 -3.15701e-011 0.417279
2196.58 7.47443 1.84001e-011 0.511015
2471.21 8.46326 7.41612e-011 0.60474
2745.84 9.45209 3.29517e-010 0.698455
3020.49 10.4409 -1.11701e-010 0.79216
3295.15 11.4297 -1.28867e-010 0.885855
3569.83 12.4186 2.79938e-010 0.97954
3844.51 13.4074 6.48836e-011 1.07322
4119.21 14.3962 9.66715e-011 1.16688
4393.92 15.385 6.49486e-011 1.26053
4668.65 16.3738 -6.96676e-011 1.35418
4943.39 17.3626 5.91272e-011 1.44781
5218.15 18.3515 1.61316e-010 1.54144
5492.91 19.3403 3.01351e-011 1.63505
5767.7 20.3291 3.43629e-012 1.72865
6042.49 21.3179 -3.459e-011 1.82225
6317.3 22.3067 4.0367e-012 1.91583
6592.13 23.2954 3.18143e-011 2.0094
6866.97 24.2842 1.15059e-010 2.10296
7141.83 25.273 5.93967e-012 2.19651
7416.7 26.2618 3.1625e-010 2.29005
7691.59 27.2506 -3.04122e-011 2.38358
7966.5 28.2394 -3.44206e-013 2.4771
8241.42 29.2281 1.51214e-011 2.57061
8516.35 30.2169 1.05702e-010 2.66411
8791.31 31.2057 -7.10358e-012 2.7576
9066.28 32.1945 3.97116e-010 2.85108
9341.27 33.1832 7.17148e-012 2.94454
9616.27 34.172 -2.86796e-010 3.038
9891.29 35.1607 2.72686e-010 3.13144
10166.3 36.1495 6.7761e-013 3.22488
10441.4 37.1383 2.52222e-011 3.3183
10716.5 38.127 -3.50225e-010 3.41171
10991.6 39.1158 1.10241e-009 3.50512
11266.7 40.1045 -8.06656e-011 3.59851
11541.8 41.0933 -7.89629e-011 3.69189
11817 42.082 9.93937e-011 3.78526
12092.1 43.0707 -5.18659e-012 3.87862
12367.3 44.0595 3.62097e-011 3.97197
12642.5 45.0482 -1.58612e-012 4.0653
12917.7 46.0369 6.07932e-011 4.15863
13193 47.0257 3.56289e-011 4.25194
13468.3 48.0144 9.38236e-012 4.34525
13743.5 49.0031 4.83129e-012 4.43854
14018.9 49.9918 4.60322e-011 4.53182
