274.535 0.521188 8.05384e-010 -0.163433
549.08 1.41257 1.7084e-009 -0.130616
823.636 2.30396 3.15242e-009 -0.0978035
1098.2 3.19536 3.41712e-009 -0.064996
1372.78 4.08677 4.8409e-009 -0.0321936
1647.37 4.97818 4.87786e-009 0.00060381
1921.97 5.8696 6.04351e-009 0.0333963
2196.58 6.76102 6.88749e-009 0.0661837
2471.21 7.65246 7.86712e-009 0.0989662
2745.84 8.5439 9.01924e-009 0.131744
3020.49 9.43534 9.33389e-009 0.164516
3295.15 10.3268 1.07322e-008 0.197284
3569.83 11.2183 1.09496e-008 0.230046
3844.51 12.1097 1.22969e-008 0.262804
4119.21 13.0012 1.32007e-008 0.295556
4393.92 13.8927 1.40967e-008 0.328304
4668.65 14.7842 1.48398e-008 0.361047
4943.39 15.6757 1.59357e-008 0.393784
5218.15 16.5672 1.69258e-008 0.426517
5492.91 17.4587 1.77555e-008 0.459245
5767.7 18.3502 1.86516e-008 0.491968
6042.49 19.2417 1.94248e-008 0.524685
6317.3 20.1333 2.04083e-008 0.557398
6592.13 21.0248 2.13633e-008 0.590106
6866.97 21.9164 2.24011e-008 0.622809
7141.83 22.8079 2.31809e-008 0.655507
7416.7 23.6995 2.45497e-008 0.6882
7691.59 24.5911 2.48764e-008 0.720888
7966.5 25.4826 2.59924e-008 0.753572
8241.42 26.3742 2.69535e-008 0.78625
8516.35 27.2658 2.80142e-008 0.818923
8791.31 28.1574 2.88614e-008 0.851592
9066.28 29.049 3.02489e-008 0.884255
9341.27 29.9407 3.05594e-008 0.916914
9616.27 30.8323 3.1343e-008 0.949567
9891.29 31.7239 3.30374e-008 0.982216
10166.3 32.6156 3.36383e-008 1.01486
10441.4 33.5072 3.46265e-008 1.0475
10716.5 34.3989 3.5358e-008 1.08013
10991.6 35.2906 3.82529e-008 1.11276
11266.7 36.1822 3.76961e-008 1.14539
11541.8 37.0739 3.85735e-008 1.178
11817 37.9656 3.96248e-008 1.21062
12092.1 38.8573 4.04481e-008 1.24323
12367.3 39.7491 4.11677e-008 1.27583
12642.5 40.6408 4.24562e-008 1.30843
12917.7 41.5325 4.35039e-008 1.34103
13193 42.4243 4.44732e-008 1.37362
13468.3 43.316 4.54784e-008 1.4062
13743.5 44.2078 4.64763e-008 1.43878
14018.9 45.0995 4.75895e-008 1.47136
