274.535 0.314345 6.22722e-010 -0.0627069
549.08 0.763756 1.12355e-009 -0.0209894
823.636 1.2132 1.56101e-009 0.0207313
1098.2 1.66267 2.2644e-009 0.0624552
1372.78 2.11217 2.76472e-009 0.104182
1647.37 2.5617 3.67309e-009 0.145913
1921.97 3.01126 3.98668e-009 0.187646
2196.58 3.46086 4.66719e-009 0.229383
2471.21 3.91048 5.2366e-009 0.271122
2745.84 4.36013 5.83214e-009 0.312865
3020.49 4.80982 6.55415e-009 0.354611
3295.15 5.25954 6.70812e-009 0.39636
3569.83 5.70928 8.33193e-009 0.438113
3844.51 6.15906 8.3826e-009 0.479868
4119.21 6.60888 9.0492e-009 0.521627
4393.92 7.05872 9.68808e-009 0.563388
4668.65 7.5086 1.03341e-008 0.605153
4943.39 7.95851 1.09698e-008 0.646921
5218.15 8.40845 1.16871e-008 0.688692
5492.91 8.85842 1.23216e-008 0.730466
5767.7 9.30843 1.29928e-008 0.772243
6042.49 9.75847 1.37851e-008 0.814023
6317.3 10.2085 1.44649e-008 0.855807
6592.13 10.6587 1.51727e-008 0.897593
6866.97 11.1088 1.58721e-008 0.939382
7141.83 11.559 1.66226e-008 0.981175
7416.7 12.0092 1.72353e-008 1.02297
7691.59 12.4594 1.82325e-008 1.06477
7966.5 12.9097 1.88224e-008 1.10657
8241.42 13.36 1.95595e-008 1.14837
8516.35 13.8104 2.03073e-008 1.19018
8791.31 14.2608 2.10478e-008 1.23199
9066.28 14.7112 2.18129e-008 1.27381
9341.27 15.1616 2.2987e-008 1.31562
9616.27 15.6121 2.35543e-008 1.35744
9891.29 16.0627 2.41346e-008 1.39927
10166.3 16.5132 2.49818e-008 1.44109
10441.4 16.9638 2.57866e-008 1.48292
10716.5 17.4145 2.64683e-008 1.52475
10991.6 17.8651 2.70083e-008 1.56659
11266.7 18.3158 2.79491e-008 1.60842
11541.8 18.7666 2.89813e-008 1.65026
11817 19.2174 2.98591e-008 1.69211
12092.1 19.6682 3.07462e-008 1.73395
12367.3 20.119 3.19281e-008 1.7758
12642.5 20.5699 3.24263e-008 1.81766
12917.7 21.0209 3.32996e-008 1.85951
13193 21.4719 3.41701e-008 1.90137
13468.3 21.9229 3.50179e-008 1.94323
13743.5 22.3739 3.59044e-008 1.98509
14018.9 22.825 3.67236e-008 2.02696
