274.535 0.07688 -8.06185e-010 -0.0860617
549.08 0.179488 -1.54716e-009 -0.0980202
823.636 0.282115 -2.21415e-009 -0.10998
1098.2 0.38476 -3.08352e-009 -0.121941
1372.78 0.487424 -3.77538e-009 -0.133904
1647.37 0.590108 -4.71681e-009 -0.145868
1921.97 0.692811 -5.42667e-009 -0.157833
2196.58 0.795532 -6.2394e-009 -0.1698
2471.21 0.898273 -7.02355e-009 -0.181768
2745.84 1.00103 -7.79005e-009 -0.193738
3020.49 1.10381 -8.69592e-009 -0.205709
3295.15 1.20661 -9.39338e-009 -0.217682
3569.83 1.30943 -1.04749e-008 -0.229657
3844.51 1.41227 -1.11456e-008 -0.241633
4119.21 1.51513 -1.19912e-008 -0.253612
4393.92 1.61801 -1.28418e-008 -0.265592
4668.65 1.7209 -1.37032e-008 -0.277574
4943.39 1.82382 -1.45422e-008 -0.289557
5218.15 1.92676 -1.54209e-008 -0.301543
5492.91 2.02972 -1.63006e-008 -0.313531
5767.7 2.13269 -1.71701e-008 -0.32552
6042.49 2.23569 -1.81087e-008 -0.337512
6317.3 2.33871 -1.89927e-008 -0.349506
6592.13 2.44175 -1.98922e-008 -0.361502
6866.97 2.54481 -2.0788e-008 -0.3735
7141.83 2.64789 -2.17295e-008 -0.3855
7416.7 2.75099 -2.2564e-008 -0.397502
7691.59 2.85411 -2.36747e-008 -0.409507
7966.5 2.95725 -2.45222e-008 -0.421514
8241.42 3.06041 -2.54587e-008 -0.433524
8516.35 3.1636 -2.64008e-008 -0.445536
8791.31 3.2668 -2.73657e-008 -0.45755
9066.28 3.37003 -2.82797e-008 -0.469567
9341.27 3.47327 -2.94145e-008 -0.481586
9616.27 3.57654 -3.03711e-008 -0.493608
9891.29 3.67983 -3.12153e-008 -0.505633
10166.3 3.78314 -3.22588e-008 -0.51766
10441.4 3.88647 -3.32545e-008 -0.52969
10716.5 3.98983 -3.42308e-008 -0.541722
10991.6 4.0932 -3.49703e-008 -0.553758
11266.7 4.1966 -3.61945e-008 -0.565796
11541.8 4.30002 -3.72288e-008 -0.577837
11817 4.40346 -3.83209e-008 -0.589881
12092.1 4.50692 -3.93894e-008 -0.601928
12367.3 4.6104 -4.04847e-008 -0.613978
12642.5 4.71391 -4.14749e-008 -0.626031
12917.7 4.81744 -4.25288e-008 -0.638087
13193 4.92099 -4.35982e-008 -0.650146
13468.3 5.02456 -4.46592e-008 -0.662208
13743.5 5.12816 -4.57438e-008 -0.674273
14018.9 5.23178 -4.67951e-008 -0.686342
