274.535 0.491994 8.28316e-010 -0.106583
549.08 1.28906 1.4437e-009 -0.0787786
823.636 2.08615 2.01535e-009 -0.0509746
1098.2 2.88326 2.89825e-009 -0.0231715
1372.78 3.6804 3.54959e-009 0.00463064
1647.37 4.47755 4.8061e-009 0.0324318
1921.97 5.27472 5.04396e-009 0.060232
2196.58 6.07191 5.93959e-009 0.0880312
2471.21 6.86912 6.63939e-009 0.115829
2745.84 7.66636 7.415e-009 0.143626
3020.49 8.46361 8.3008e-009 0.171423
3295.15 9.26089 8.25559e-009 0.199218
3569.83 10.0582 1.07308e-008 0.227011
3844.51 10.8555 1.04963e-008 0.254804
4119.21 11.6528 1.13154e-008 0.282596
4393.92 12.4502 1.20735e-008 0.310387
4668.65 13.2476 1.28734e-008 0.338176
4943.39 14.045 1.36073e-008 0.365964
5218.15 14.8424 1.44696e-008 0.393751
5492.91 15.6399 1.51874e-008 0.421537
5767.7 16.4373 1.60107e-008 0.449322
6042.49 17.2348 1.69449e-008 0.477105
6317.3 18.0323 1.77392e-008 0.504887
6592.13 18.8299 1.85696e-008 0.532668
6866.97 19.6274 1.93819e-008 0.560447
7141.83 20.425 2.0254e-008 0.588225
7416.7 21.2226 2.09702e-008 0.616002
7691.59 22.0202 2.21696e-008 0.643778
7966.5 22.8179 2.27792e-008 0.671552
8241.42 23.6156 2.36282e-008 0.699325
8516.35 24.4133 2.44723e-008 0.727096
8791.31 25.211 2.5287e-008 0.754866
9066.28 26.0087 2.61884e-008 0.782635
9341.27 26.8065 2.75196e-008 0.810402
9616.27 27.6043 2.81327e-008 0.838167
9891.29 28.4021 2.87862e-008 0.865931
10166.3 29.1999 2.97294e-008 0.893694
10441.4 29.9977 3.0627e-008 0.921455
10716.5 30.7956 3.13634e-008 0.949214
10991.6 31.5935 3.18181e-008 0.976972
11266.7 32.3914 3.2968e-008 1.00473
11541.8 33.1894 3.41313e-008 1.03248
11817 33.9874 3.51083e-008 1.06024
12092.1 34.7854 3.6085e-008 1.08799
12367.3 35.5834 3.76751e-008 1.11574
12642.5 36.3814 3.79021e-008 1.14349
12917.7 37.1795 3.88549e-008 1.17123
13193 37.9776 3.97995e-008 1.19898
13468.3 38.7757 4.07046e-008 1.22672
13743.5 39.5738 4.16537e-008 1.25446
14018.9 40.372 4.24852e-008 1.2822
