274.535 0.0245857 6.42535e-013 -0.0284404
549.08 0.0566802 3.25205e-013 -0.00735347
823.636 0.0887884 1.05565e-011 0.0137333
1098.2 0.12091 1.53179e-014 0.03482
1372.78 0.153046 5.38252e-012 0.0559066
1647.37 0.185195 1.00738e-012 0.0769931
1921.97 0.217358 -5.15142e-013 0.0980795
2196.58 0.249535 3.21166e-013 0.119166
2471.21 0.281726 1.68969e-012 0.140252
2745.84 0.31393 8.76242e-012 0.161338
3020.49 0.346149 -2.36511e-012 0.182424
3295.15 0.378381 -1.46415e-012 0.20351
3569.83 0.410627 3.23561e-012 0.224596
3844.51 0.442887 1.60478e-012 0.245682
4119.21 0.47516 2.36658e-012 0.266767
4393.92 0.507448 1.26714e-012 0.287853
4668.65 0.53975 -9.9603e-013 0.308938
4943.39 0.572065 1.77265e-012 0.330024
5218.15 0.604395 3.3474e-012 0.351109
5492.91 0.636739 1.17699e-012 0.372195
5767.7 0.669096 2.44908e-013 0.39328
6042.49 0.701468 -1.06035e-012 0.414365
6317.3 0.733853 1.50562e-013 0.43545
6592.13 0.766253 8.40803e-013 0.456535
6866.97 0.798667 2.73696e-012 0.47762
7141.83 0.831095 1.35492e-013 0.498705
7416.7 0.863537 9.09702e-012 0.519789
7691.59 0.895993 -2.4131e-012 0.540874
7966.5 0.928464 -2.73734e-014 0.561959
8241.42 0.960948 7.20827e-013 0.583043
8516.35 0.993447 2.29226e-012 0.604128
8791.31 1.02596 -8.80273e-014 0.625212
9066.28 1.05849 9.10159e-012 0.646297
9341.27 1.09103 -1.2149e-012 0.667381
9616.27 1.12359 -9.01236e-012 0.688466
9891.29 1.15616 5.81309e-012 0.70955
10166.3 1.18874 6.7074e-015 0.730634
10441.4 1.22134 5.25212e-013 0.751718
10716.5 1.25395 -6.00014e-012 0.772802
10991.6 1.28658 2.58192e-011 0.793886
11266.7 1.31922 -2.90508e-013 0.814971
11541.8 1.35188 -1.79503e-012 0.836054
11817 1.38455 2.535e-012 0.857138
12092.1 1.41723 -1.74617e-013 0.878222
12367.3 1.44993 -1.16215e-012 0.899306
12642.5 1.48265 3.66117e-014 0.92039
12917.7 1.51538 1.35737e-012 0.941474
13193 1.54812 7.35173e-013 0.962558
13468.3 1.58088 2.31158e-013 0.983641
13743.5 1.61365 7.03934e-014 1.00473
14018.9 1.64644 1.49906e-012 1.02581
