274.535 0.0245857 -2.46956e-009 -0.0511749
549.08 0.0566802 -4.82603e-009 -0.0606623
823.636 0.0887884 -7.15489e-009 -0.0701577
1098.2 0.12091 -9.57999e-009 -0.079661
1372.78 0.153046 -1.19271e-008 -0.0891723
1647.37 0.185195 -1.44023e-008 -0.0986915
1921.97 0.217358 -1.67606e-008 -0.108219
2196.58 0.249535 -1.91797e-008 -0.117754
2471.21 0.281726 -2.15876e-008 -0.127297
2745.84 0.31393 -2.39942e-008 -0.136849
3020.49 0.346149 -2.64659e-008 -0.146408
3295.15 0.378381 -2.88381e-008 -0.155976
3569.83 0.410627 -3.14253e-008 -0.165551
3844.51 0.442887 -3.37883e-008 -0.175135
4119.21 0.47516 -3.62517e-008 -0.184727
4393.92 0.507448 -3.87206e-008 -0.194327
4668.65 0.53975 -4.11986e-008 -0.203936
4943.39 0.572065 -4.36714e-008 -0.213552
5218.15 0.604395 -4.61691e-008 -0.223177
5492.91 0.636738 -4.86671e-008 -0.23281
5767.7 0.669096 -5.11663e-008 -0.242452
6042.49 0.701468 -5.37056e-008 -0.252102
6317.3 0.733853 -5.62212e-008 -0.26176
6592.13 0.766253 -5.87485e-008 -0.271426
6866.97 0.798667 -6.12788e-008 -0.281101
7141.83 0.831095 -6.3834e-008 -0.290785
7416.7 0.863537 -6.63439e-008 -0.300477
7691.59 0.895993 -6.89923e-008 -0.310177
7966.5 0.928464 -7.15116e-008 -0.319886
8241.42 0.960948 -7.4082e-008 -0.329603
8516.35 0.993447 -7.66603e-008 -0.339329
8791.31 1.02596 -7.92514e-008 -0.349063
9066.28 1.05849 -8.18279e-008 -0.358806
9341.27 1.09103 -8.45126e-008 -0.368557
9616.27 1.12359 -8.71037e-008 -0.378317
9891.29 1.15616 -8.96616e-008 -0.388086
10166.3 1.18874 -9.23119e-008 -0.397864
10441.4 1.22134 -9.49451e-008 -0.40765
10716.5 1.25395 -9.75637e-008 -0.417444
10991.6 1.28658 -1.00094e-007 -0.427248
11266.7 1.31922 -1.02841e-007 -0.43706
11541.8 1.35188 -1.05508e-007 -0.446881
11817 1.38455 -1.08217e-007 -0.456711
12092.1 1.41723 -1.1091e-007 -0.46655
12367.3 1.44993 -1.13623e-007 -0.476397
12642.5 1.48265 -1.16285e-007 -0.486254
12917.7 1.51538 -1.18985e-007 -0.496119
13193 1.54812 -1.21696e-007 -0.505993
13468.3 1.58088 -1.24407e-007 -0.515876
13743.5 1.61365 -1.27134e-007 -0.525768
14018.9 1.64644 -1.29848e-007 -0.535669
