274.535 0.520058 -8.42336e-010 -0.163433
549.08 1.40817 -1.62395e-009 -0.130616
823.636 2.29628 -1.87275e-009 -0.0978035
1098.2 3.18441 -3.30365e-009 -0.064996
1372.78 4.07254 -3.58529e-009 -0.0321936
1647.37 4.96068 -5.2569e-009 0.00060381
1921.97 5.84882 -5.80721e-009 0.0333963
2196.58 6.73697 -6.68614e-009 0.0661837
2471.21 7.62513 -7.43572e-009 0.0989662
2745.84 8.5133 -8.0198e-009 0.131744
3020.49 9.40147 -9.44501e-009 0.164516
3295.15 10.2896 -9.79442e-009 0.197284
3569.83 11.1778 -1.13335e-008 0.230046
3844.51 12.066 -1.17454e-008 0.262804
4119.21 12.9542 -1.26086e-008 0.295556
4393.92 13.8424 -1.34856e-008 0.328304
4668.65 14.7307 -1.45213e-008 0.361047
4943.39 15.6189 -1.52117e-008 0.393784
5218.15 16.5071 -1.60142e-008 0.426517
5492.91 17.3954 -1.69822e-008 0.459245
5767.7 18.2836 -1.78907e-008 0.491968
6042.49 19.1719 -1.89283e-008 0.524685
6317.3 20.0601 -1.97622e-008 0.557398
6592.13 20.9484 -2.06308e-008 0.590106
6866.97 21.8367 -2.14233e-008 0.622809
7141.83 22.725 -2.24791e-008 0.655507
7416.7 23.6133 -2.2954e-008 0.6882
7691.59 24.5016 -2.44749e-008 0.720888
7966.5 25.3899 -2.52139e-008 0.753572
8241.42 26.2782 -2.61141e-008 0.78625
8516.35 27.1665 -2.69215e-008 0.818923
8791.31 28.0549 -2.79477e-008 0.851592
9066.28 28.9432 -2.84422e-008 0.884255
9341.27 29.8316 -3.00168e-008 0.916914
9616.27 30.7199 -3.11247e-008 0.949567
9891.29 31.6083 -3.13316e-008 0.982216
10166.3 32.4967 -3.26348e-008 1.01486
10441.4 33.3851 -3.35584e-008 1.0475
10716.5 34.2735 -3.47431e-008 1.08013
10991.6 35.1619 -3.37787e-008 1.11276
11266.7 36.0503 -3.62609e-008 1.14539
11541.8 36.9387 -3.73206e-008 1.178
11817 37.8272 -3.82129e-008 1.21062
12092.1 38.7156 -3.93385e-008 1.24323
12367.3 39.6041 -4.0575e-008 1.27583
12642.5 40.4925 -4.12479e-008 1.30843
12917.7 41.381 -4.21687e-008 1.34103
13193 42.2695 -4.31737e-008 1.37362
13468.3 43.1579 -4.41491e-008 1.4062
13743.5 44.0464 -4.51381e-008 1.43878
14018.9 44.935 -4.60183e-008 1.47136
