274.535 0.29413 4.73101e-010 -0.144952
549.08 0.722606 1.01646e-009 -0.141426
823.636 1.1511 1.83904e-009 -0.137906
1098.2 1.57961 2.05044e-009 -0.134392
1372.78 2.00813 2.83147e-009 -0.130885
1647.37 2.43668 2.95606e-009 -0.127383
1921.97 2.86524 3.67505e-009 -0.123887
2196.58 3.29382 4.19595e-009 -0.120397
2471.21 3.72241 4.80725e-009 -0.116914
2745.84 4.15103 5.52445e-009 -0.113436
3020.49 4.57966 5.79999e-009 -0.109965
3295.15 5.00831 6.69814e-009 -0.1065
3569.83 5.43697 6.74574e-009 -0.10304
3844.51 5.86566 7.67987e-009 -0.0995871
4119.21 6.29437 8.27733e-009 -0.09614
4393.92 6.72309 8.87496e-009 -0.092699
4668.65 7.15184 9.43397e-009 -0.089264
4943.39 7.5806 1.01371e-008 -0.0858352
5218.15 8.00938 1.07678e-008 -0.0824124
5492.91 8.43818 1.13814e-008 -0.0789957
5767.7 8.86701 1.20263e-008 -0.0755851
6042.49 9.29585 1.25549e-008 -0.0721806
6317.3 9.72471 1.324e-008 -0.0687823
6592.13 10.1536 1.39092e-008 -0.06539
6866.97 10.5825 1.46208e-008 -0.0620038
7141.83 11.0114 1.52124e-008 -0.0586237
7416.7 11.4404 1.61455e-008 -0.0552497
7691.59 11.8693 1.64424e-008 -0.0518818
7966.5 12.2983 1.7252e-008 -0.04852
8241.42 12.7273 1.79656e-008 -0.0451643
8516.35 13.1564 1.87062e-008 -0.0418148
8791.31 13.5854 1.93702e-008 -0.0384713
9066.28 14.0145 2.02819e-008 -0.035134
9341.27 14.4436 2.05472e-008 -0.0318027
9616.27 14.8727 2.12739e-008 -0.0284776
9891.29 15.3019 2.24244e-008 -0.0251586
10166.3 15.731 2.29892e-008 -0.0218458
10441.4 16.1602 2.37409e-008 -0.018539
10716.5 16.5894 2.44681e-008 -0.0152384
10991.6 17.0187 2.60647e-008 -0.0119439
11266.7 17.4479 2.62135e-008 -0.00865556
11541.8 17.8772 2.68355e-008 -0.00537333
11817 18.3065 2.76282e-008 -0.00209722
12092.1 18.7359 2.83204e-008 0.00117274
12367.3 19.1652 2.89689e-008 0.00443657
12642.5 19.5946 2.99263e-008 0.00769427
12917.7 20.024 3.07477e-008 0.0109458
13193 20.4535 3.15456e-008 0.0141912
13468.3 20.8829 3.23765e-008 0.0174305
13743.5 21.3124 3.31909e-008 0.0206636
14018.9 21.7419 3.40818e-008 0.0238906
