274.535 0.479616 2.9708e-011 -0.136846
549.08 1.26519 1.05381e-011 -0.0459654
823.636 2.05077 3.18884e-010 0.0449063
1098.2 2.83636 -7.22967e-013 0.135769
1372.78 3.62197 2.36037e-010 0.226623
1647.37 4.40759 3.8183e-011 0.317467
1921.97 5.19322 -2.18696e-011 0.408303
2196.58 5.97887 1.29831e-011 0.499129
2471.21 6.76453 5.42385e-011 0.589947
2745.84 7.5502 2.53506e-010 0.680755
3020.49 8.33589 -8.11856e-011 0.771554
3295.15 9.12159 -8.46245e-011 0.862344
3569.83 9.9073 1.87199e-010 0.953125
3844.51 10.693 4.84779e-011 1.0439
4119.21 11.4788 7.29681e-011 1.13466
4393.92 12.2645 4.67118e-011 1.22541
4668.65 13.0503 -4.81633e-011 1.31616
4943.39 13.8361 4.53411e-011 1.40689
5218.15 14.6219 1.16305e-010 1.49762
5492.91 15.4077 2.51629e-011 1.58833
5767.7 16.1935 2.97513e-012 1.67904
6042.49 16.9793 -2.69608e-011 1.76974
6317.3 17.7652 3.40592e-012 1.86042
6592.13 18.5511 2.401e-011 1.9511
6866.97 19.3369 8.57426e-011 2.04177
7141.83 20.1228 4.43808e-012 2.13243
7416.7 20.9087 2.44205e-010 2.22308
7691.59 21.6947 -2.98543e-011 2.31372
7966.5 22.4806 -3.87287e-013 2.40435
8241.42 23.2666 1.35779e-011 2.49497
8516.35 24.0525 7.7339e-011 2.58559
8791.31 24.8385 -4.69032e-012 2.67619
9066.28 25.6245 2.94117e-010 2.76678
9341.27 26.4105 -9.09336e-012 2.85737
9616.27 27.1966 -2.22026e-010 2.94794
9891.29 27.9826 1.98022e-010 3.0385
10166.3 28.7687 4.50237e-013 3.12906
10441.4 29.5548 1.81038e-011 3.2196
10716.5 30.3409 -2.51388e-010 3.31014
10991.6 31.127 8.15832e-010 3.40066
11266.7 31.9131 -5.56827e-011 3.49118
11541.8 32.6992 -6.79586e-011 3.58168
11817 33.4854 7.5222e-011 3.67218
12092.1 34.2716 -4.19028e-012 3.76266
12367.3 35.0578 1.15402e-011 3.85314
12642.5 35.844 -1.01763e-012 3.9436
12917.7 36.6302 4.44095e-011 4.03406
13193 37.4164 2.58942e-011 4.12451
13468.3 38.2027 6.985e-012 4.21494
13743.5 38.989 3.2829e-012 4.30537
14018.9 39.7753 3.67145e-011 4.39578
