274.535 0.563895 2.43709e-009 -0.120538
549.08 1.56073 4.41922e-009 -0.0999088
823.636 2.55756 6.36727e-009 -0.0792831
1098.2 3.55439 8.64642e-009 -0.058661
1372.78 4.55122 1.06814e-008 -0.0380426
1647.37 5.54806 1.3432e-008 -0.0174277
1921.97 6.54489 1.49249e-008 0.00318347
2196.58 7.54172 1.72304e-008 0.023791
2471.21 8.53856 1.93007e-008 0.0443949
2745.84 9.53539 2.14925e-008 0.0649951
3020.49 10.5322 2.37345e-008 0.0855915
3295.15 11.5291 2.49007e-008 0.106184
3569.83 12.5259 2.91437e-008 0.126773
3844.51 13.5227 3.00141e-008 0.147359
4119.21 14.5196 3.22063e-008 0.16794
4393.92 15.5164 3.43202e-008 0.188518
4668.65 16.5132 3.64449e-008 0.209092
4943.39 17.5101 3.85749e-008 0.229662
5218.15 18.5069 4.07909e-008 0.250228
5492.91 19.5038 4.28575e-008 0.270791
5767.7 20.5006 4.50393e-008 0.291349
6042.49 21.4974 4.73228e-008 0.311904
6317.3 22.4943 4.94642e-008 0.332455
6592.13 23.4911 5.16441e-008 0.353002
6866.97 24.488 5.38053e-008 0.373545
7141.83 25.4848 5.60143e-008 0.394084
7416.7 26.4816 5.80811e-008 0.414619
7691.59 27.4785 6.05512e-008 0.43515
7966.5 28.4753 6.25506e-008 0.455678
8241.42 29.4722 6.47343e-008 0.476201
8516.35 30.469 6.6908e-008 0.49672
8791.31 31.4659 6.90293e-008 0.517235
9066.28 32.4627 7.12995e-008 0.537747
9341.27 33.4596 7.40748e-008 0.558254
9616.27 34.4564 7.58231e-008 0.578757
9891.29 35.4532 7.78496e-008 0.599256
10166.3 36.4501 8.0103e-008 0.619751
10441.4 37.4469 8.23183e-008 0.640242
10716.5 38.4438 8.43713e-008 0.660728
10991.6 39.4406 8.60235e-008 0.681211
11266.7 40.4375 8.85689e-008 0.701689
11541.8 41.4343 9.10335e-008 0.722163
11817 42.4312 9.33513e-008 0.742633
12092.1 43.428 9.5624e-008 0.763099
12367.3 44.4249 9.87741e-008 0.783561
12642.5 45.4217 1.00038e-007 0.804018
12917.7 46.4186 1.02288e-007 0.824472
13193 47.4154 1.04523e-007 0.84492
13468.3 48.4123 1.0673e-007 0.865365
13743.5 49.4091 1.08969e-007 0.885805
14018.9 50.406 1.11051e-007 0.906241
