274.553 0.366096 -4.32939e-011 -0.116841
549.081 0.919838 -9.24253e-011 -0.0352203
823.585 1.47369 -2.40736e-011 0.0460525
1098.06 2.02764 -6.10929e-011 0.126978
1372.52 2.5817 -1.5109e-011 0.207555
1646.95 3.13586 -1.5839e-011 0.287785
1921.35 3.69013 -2.71861e-011 0.367666
2195.73 4.24451 2.40441e-012 0.4472
2470.09 4.79899 3.15511e-012 0.526385
2744.42 5.35358 -3.61093e-011 0.605221
3018.72 5.90827 1.49998e-012 0.683709
3293 6.46307 2.20074e-011 0.761849
3567.26 7.01798 6.72307e-012 0.839639
3841.49 7.573 -3.33084e-011 0.91708
4115.69 8.12812 5.11217e-010 0.994172
4389.87 8.68335 9.78603e-011 1.07092
4664.03 9.23868 -4.37659e-011 1.14731
4938.16 9.79413 2.41508e-012 1.22335
5212.27 10.3497 1.57459e-011 1.29905
5486.35 10.9053 3.25321e-011 1.37439
5760.4 11.4611 -4.1809e-012 1.44938
6034.43 12.017 -1.94955e-010 1.52403
6308.44 12.573 -2.24199e-013 1.59832
6582.41 13.129 6.52932e-011 1.67227
6856.37 13.6852 9.50305e-013 1.74586
7130.3 14.2416 2.51846e-010 1.8191
7404.2 14.798 -1.41071e-010 1.89199
7678.08 15.3545 -9.94288e-012 1.96453
7951.93 15.9111 2.41747e-010 2.03672
8225.76 16.4679 8.56418e-012 2.10855
8499.57 17.0247 2.40128e-012 2.18004
8773.34 17.5817 4.41539e-011 2.25117
9047.09 18.1387 -2.5225e-012 2.32196
9320.82 18.6959 2.205e-011 2.39238
9594.52 19.2532 1.48169e-009 2.46246
9868.2 19.8106 -5.2063e-011 2.53219
10141.8 20.3681 2.05007e-011 2.60156
10415.5 20.9257 2.7015e-011 2.67058
10689.1 21.4835 4.36327e-011 2.73925
10962.6 22.0413 -2.77443e-012 2.80756
11236.2 22.5992 3.90745e-012 2.87552
11509.7 23.1573 -6.77074e-013 2.94313
11783.2 23.7155 -4.43553e-011 3.01038
12056.7 24.2738 1.4882e-012 3.07728
12330.1 24.8321 -3.25174e-011 3.14383
12603.5 25.3906 2.66192e-012 3.21002
12876.9 25.9493 -7.8529e-010 3.27586
13150.3 26.508 1.92073e-010 3.34135
13423.6 27.0668 -5.46707e-010 3.40648
13697 27.6258 -1.49638e-012 3.47125
13970.3 28.1848 3.23318e-011 3.53567
