274.553 0.427695 3.24223e-010 -0.160817
549.081 1.10008 1.29656e-009 -0.142356
823.585 1.77251 2.1773e-009 -0.124318
1098.06 2.445 2.88052e-009 -0.106701
1372.52 3.11754 3.72447e-009 -0.0895066
1646.95 3.79014 4.45903e-009 -0.0727344
1921.35 4.46279 5.176e-009 -0.0563846
2195.73 5.1355 5.99813e-009 -0.0404572
2470.09 5.80826 6.74609e-009 -0.0249523
2744.42 6.48107 7.4283e-009 -0.00987011
3018.72 7.15394 8.2049e-009 0.0047894
3293 7.82687 9.01098e-009 0.0190261
3567.26 8.49984 9.67621e-009 0.0328399
3841.49 9.17288 1.04438e-008 0.0462306
4115.69 9.84597 1.2083e-008 0.0591982
4389.87 10.5191 1.21905e-008 0.0717426
4664.03 11.1923 1.28847e-008 0.0838637
4938.16 11.8656 1.35191e-008 0.0955614
5212.27 12.5389 1.43174e-008 0.106835
5486.35 13.2122 1.50769e-008 0.117686
5760.4 13.8857 1.57903e-008 0.128113
6034.43 14.5591 1.6234e-008 0.138116
6308.44 15.2327 1.73048e-008 0.147695
6582.41 15.9063 1.82272e-008 0.156849
6856.37 16.5799 1.88214e-008 0.16558
7130.3 17.2536 1.99414e-008 0.173887
7404.2 17.9274 2.0199e-008 0.181769
7678.08 18.6012 2.10915e-008 0.189226
7951.93 19.275 2.16153e-008 0.196259
8225.76 19.949 2.26244e-008 0.202867
8499.57 20.6229 2.33752e-008 0.209051
8773.34 21.297 2.42064e-008 0.214809
9047.09 21.9711 2.48883e-008 0.220143
9320.82 22.6452 2.56835e-008 0.225051
9594.52 23.3194 2.8967e-008 0.229534
9868.2 23.9937 2.71317e-008 0.233591
10141.8 24.668 2.79821e-008 0.237223
10415.5 25.3424 2.87443e-008 0.24043
10689.1 26.0169 2.95195e-008 0.243211
10962.6 26.6914 3.02185e-008 0.245565
11236.2 27.3659 3.09948e-008 0.247494
11509.7 28.0405 3.1744e-008 0.248997
11783.2 28.7152 3.28405e-008 0.250073
12056.7 29.3899 3.32863e-008 0.250724
12330.1 30.0647 3.40212e-008 0.250947
12603.5 30.7396 3.48115e-008 0.250744
12876.9 31.4145 3.43249e-008 0.250115
13150.3 32.0894 3.66412e-008 0.249058
13423.6 32.7645 3.62102e-008 0.247575
13697 33.4395 3.78743e-008 0.245664
13970.3 34.1147 3.87219e-008 0.243327
