274.553 0.145152 -3.50846e-010 -0.0283212
549.081 0.33513 -1.09897e-009 0.0147487
823.585 0.525147 -1.66107e-009 0.0577522
1098.06 0.715205 -2.22022e-009 0.100689
1372.52 0.905303 -2.76905e-009 0.14356
1646.95 1.09544 -3.28732e-009 0.186365
1921.35 1.28562 -3.80755e-009 0.229104
2195.73 1.47584 -4.33593e-009 0.271776
2470.09 1.6661 -4.84294e-009 0.314382
2744.42 1.8564 -5.34851e-009 0.356923
3018.72 2.04674 -5.81869e-009 0.399397
3293 2.23713 -6.32341e-009 0.441805
3567.26 2.42755 -6.77985e-009 0.484147
3841.49 2.61802 -7.30283e-009 0.526423
4115.69 2.80852 -7.83954e-009 0.568633
4389.87 2.99907 -8.26423e-009 0.610777
4664.03 3.18966 -8.8057e-009 0.652855
4938.16 3.38029 -9.15928e-009 0.694867
5212.27 3.57097 -9.62369e-009 0.736814
5486.35 3.76168 -1.00413e-008 0.778694
5760.4 3.95244 -1.04951e-008 0.820509
6034.43 4.14324 -1.08417e-008 0.862258
6308.44 4.33408 -1.13439e-008 0.903941
6582.41 4.52496 -1.17943e-008 0.945559
6856.37 4.71589 -1.21705e-008 0.987111
7130.3 4.90686 -1.25466e-008 1.0286
7404.2 5.09787 -1.30268e-008 1.07002
7678.08 5.28893 -1.33698e-008 1.11137
7951.93 5.48002 -1.33518e-008 1.15266
8225.76 5.67117 -1.41244e-008 1.19389
8499.57 5.86235 -1.44939e-008 1.23504
8773.34 6.05358 -1.48674e-008 1.27614
9047.09 6.24485 -1.52199e-008 1.31716
9320.82 6.43616 -1.5572e-008 1.35813
9594.52 6.62752 -1.61209e-008 1.39902
9868.2 6.81892 -1.62792e-008 1.43985
10141.8 7.01037 -1.66039e-008 1.48062
10415.5 7.20185 -1.69221e-008 1.52132
10689.1 7.39339 -1.7224e-008 1.56195
10962.6 7.58496 -1.75547e-008 1.60252
11236.2 7.77659 -1.78639e-008 1.64303
11509.7 7.96825 -1.81613e-008 1.68346
11783.2 8.15996 -1.86946e-008 1.72384
12056.7 8.35172 -1.87496e-008 1.76415
12330.1 8.54352 -1.90495e-008 1.80439
12603.5 8.73536 -1.93093e-008 1.84457
12876.9 8.92725 -1.94623e-008 1.88468
13150.3 9.11918 -1.98058e-008 1.92473
13423.6 9.31116 -2.00342e-008 1.96471
13697 9.50319 -2.03549e-008 2.00463
13970.3 9.69526 -2.06804e-008 2.04448
