274.553 0.512476 1.7115e-010 -0.163526
549.081 1.37857 1.01387e-009 -0.131292
823.585 2.2447 1.81612e-009 -0.0996036
1098.06 3.11088 2.36243e-009 -0.0684618
1372.52 3.97711 3.14731e-009 -0.0378664
1646.95 4.84338 3.7692e-009 -0.00781767
1921.35 5.7097 4.36052e-009 0.0216845
2195.73 6.57606 5.10357e-009 0.05064
2470.09 7.44247 5.73959e-009 0.0790488
2744.42 8.30892 6.29081e-009 0.106911
3018.72 9.17542 6.98254e-009 0.134226
3293 10.042 7.67032e-009 0.160994
3567.26 10.9085 8.2117e-009 0.187215
3841.49 11.7752 8.85385e-009 0.21289
4115.69 12.6419 1.0585e-008 0.238017
4389.87 13.5086 1.04623e-008 0.262597
4664.03 14.3754 1.09669e-008 0.28663
4938.16 15.2422 1.14989e-008 0.310115
5212.27 16.109 1.21841e-008 0.333054
5486.35 16.9759 1.2821e-008 0.355444
5760.4 17.8429 1.34099e-008 0.377288
6034.43 18.7099 1.36777e-008 0.398584
6308.44 19.5769 1.46882e-008 0.419332
6582.41 20.444 1.5517e-008 0.439532
6856.37 21.3112 1.59666e-008 0.459185
7130.3 22.1783 1.7046e-008 0.47829
7404.2 23.0456 1.70576e-008 0.496847
7678.08 23.9128 1.78714e-008 0.514856
7951.93 24.7802 1.83611e-008 0.532317
8225.76 25.6475 1.91673e-008 0.54923
8499.57 26.5149 1.97923e-008 0.565595
8773.34 27.3824 2.05052e-008 0.581412
9047.09 28.2499 2.10482e-008 0.59668
9320.82 29.1175 2.17391e-008 0.6114
9594.52 29.985 2.54979e-008 0.625572
9868.2 30.8527 2.28821e-008 0.639195
10141.8 31.7204 2.36348e-008 0.652269
10415.5 32.5881 2.42889e-008 0.664794
10689.1 33.4559 2.49182e-008 0.676771
10962.6 34.3237 2.54905e-008 0.688199
11236.2 35.1916 2.61398e-008 0.699078
11509.7 36.0595 2.67557e-008 0.709408
11783.2 36.9275 2.78134e-008 0.719189
12056.7 37.7955 2.80409e-008 0.728421
12330.1 38.6635 2.86165e-008 0.737103
12603.5 39.5316 2.92989e-008 0.745236
12876.9 40.3998 2.8318e-008 0.75282
13150.3 41.268 3.0938e-008 0.759854
13423.6 42.1362 2.99956e-008 0.766339
13697 43.0045 3.18242e-008 0.772274
13970.3 43.8729 3.25373e-008 0.777659
