274.553 0.294138 -8.12824e-010 -0.145013
549.081 0.722637 -1.12703e-009 -0.141781
823.585 1.15119 -1.54654e-009 -0.138802
1098.06 1.5798 -2.05621e-009 -0.136077
1372.52 2.00846 -2.5016e-009 -0.133606
1646.95 2.43718 -3.01232e-009 -0.131388
1921.35 2.86596 -3.52524e-009 -0.129424
2195.73 3.29479 -3.98146e-009 -0.127715
2470.09 3.72367 -4.47865e-009 -0.12626
2744.42 4.15262 -5.01553e-009 -0.125059
3018.72 4.58161 -5.51128e-009 -0.124113
3293 5.01067 -5.96779e-009 -0.123422
3567.26 5.43978 -6.52323e-009 -0.122985
3841.49 5.86894 -6.98761e-009 -0.122804
4115.69 6.29817 -6.86787e-009 -0.122877
4389.87 6.72745 -7.82644e-009 -0.123206
4664.03 7.15679 -8.32421e-009 -0.123791
4938.16 7.58618 -8.91803e-009 -0.124631
5212.27 8.01563 -9.37135e-009 -0.125726
5486.35 8.44514 -9.86663e-009 -0.127078
5760.4 8.87471 -1.03723e-008 -0.128686
6034.43 9.30434 -1.11126e-008 -0.13055
6308.44 9.73402 -1.13445e-008 -0.13267
6582.41 10.1638 -1.17192e-008 -0.135047
6856.37 10.5936 -1.23124e-008 -0.13768
7130.3 11.0234 -1.25976e-008 -0.140571
7404.2 11.4533 -1.33476e-008 -0.143718
7678.08 11.8833 -1.37618e-008 -0.147122
7951.93 12.3134 -1.45292e-008 -0.150784
8225.76 12.7434 -1.47192e-008 -0.154703
8499.57 13.1736 -1.52056e-008 -0.15888
8773.34 13.6038 -1.56335e-008 -0.163314
9047.09 14.0341 -1.61675e-008 -0.168007
9320.82 14.4644 -1.66261e-008 -0.172957
9594.52 14.8948 -1.54837e-008 -0.178166
9868.2 15.3253 -1.76184e-008 -0.183633
10141.8 15.7558 -1.8039e-008 -0.189359
10415.5 16.1864 -1.85218e-008 -0.195343
10689.1 16.617 -1.89995e-008 -0.201586
10962.6 17.0477 -1.95043e-008 -0.208089
11236.2 17.4785 -1.99697e-008 -0.21485
11509.7 17.9093 -2.04527e-008 -0.221871
11783.2 18.3402 -2.07133e-008 -0.229151
12056.7 18.7711 -2.13909e-008 -0.236691
12330.1 19.2021 -2.18702e-008 -0.244491
12603.5 19.6332 -2.23316e-008 -0.252551
12876.9 20.0643 -2.3666e-008 -0.260871
13150.3 20.4955 -2.31202e-008 -0.269452
13423.6 20.9268 -2.4329e-008 -0.278293
13697 21.3581 -2.42068e-008 -0.287394
13970.3 21.7894 -2.45769e-008 -0.296757
