274.553 0.490571 1.29027e-009 -0.106667
549.081 1.28417 1.5406e-009 -0.0793856
823.585 2.07783 2.28429e-009 -0.0525865
1098.06 2.87155 3.0161e-009 -0.02627
1372.52 3.66534 3.73226e-009 -0.000436263
1646.95 4.45918 4.52848e-009 0.0249148
1921.35 5.25309 5.32414e-009 0.049783
2195.73 6.04706 6.03861e-009 0.0741682
2470.09 6.84109 6.81092e-009 0.0980705
2744.42 7.63519 7.55911e-009 0.12149
3018.72 8.42935 8.38127e-009 0.144426
3293 9.22356 9.16638e-009 0.166879
3567.26 10.0178 9.93855e-009 0.188848
3841.49 10.8122 1.05954e-008 0.210334
4115.69 11.6066 1.1733e-008 0.231336
4389.87 12.4011 1.21126e-008 0.251855
4664.03 13.1956 1.26405e-008 0.271891
4938.16 13.9902 1.36459e-008 0.291442
5212.27 14.7848 1.43736e-008 0.31051
5486.35 15.5796 1.52031e-008 0.329093
5760.4 16.3743 1.5897e-008 0.347193
6034.43 17.1692 1.66176e-008 0.364808
6308.44 17.9641 1.74321e-008 0.381939
6582.41 18.7591 1.80953e-008 0.398586
6856.37 19.5541 1.89534e-008 0.414749
7130.3 20.3492 1.99198e-008 0.430427
7404.2 21.1444 2.01977e-008 0.44562
7678.08 21.9396 2.12085e-008 0.460328
7951.93 22.7349 2.30494e-008 0.474552
8225.76 23.5302 2.27666e-008 0.488291
8499.57 24.3256 2.35265e-008 0.501545
8773.34 25.1211 2.43115e-008 0.514314
9047.09 25.9166 2.50497e-008 0.526597
9320.82 26.7122 2.58369e-008 0.538396
9594.52 27.5079 2.69189e-008 0.549709
9868.2 28.3036 2.72425e-008 0.560536
10141.8 29.0994 2.81041e-008 0.570878
10415.5 29.8953 2.88757e-008 0.580734
10689.1 30.6912 2.9711e-008 0.590104
10962.6 31.4872 3.03974e-008 0.598989
11236.2 32.2832 3.11623e-008 0.607387
11509.7 33.0794 3.19379e-008 0.615299
11783.2 33.8755 3.17924e-008 0.622725
12056.7 34.6718 3.34518e-008 0.629665
12330.1 35.4681 3.41677e-008 0.636118
12603.5 36.2644 3.49905e-008 0.642084
12876.9 37.0609 3.54354e-008 0.647564
13150.3 37.8574 3.66221e-008 0.652558
13423.6 38.6539 3.71052e-008 0.657064
13697 39.4506 3.80398e-008 0.661083
13970.3 40.2472 3.87193e-008 0.664615
