274.553 0.031918 6.20975e-012 -0.0293357
549.081 0.0710268 -5.85266e-013 -0.0377766
823.585 0.11013 -1.1703e-013 -0.0462223
1098.06 0.149227 -8.50606e-013 -0.0546727
1372.52 0.188319 -8.02359e-013 -0.0631278
1646.95 0.227404 -2.34899e-013 -0.0715876
1921.35 0.266484 2.26527e-013 -0.0800521
2195.73 0.305559 1.99294e-014 -0.0885213
2470.09 0.344628 3.27753e-013 -0.0969952
2744.42 0.383691 -5.25107e-013 -0.105474
3018.72 0.422748 8.49815e-013 -0.113957
3293 0.4618 1.85751e-012 -0.122445
3567.26 0.500846 4.1509e-013 -0.130937
3841.49 0.539887 -4.15961e-013 -0.139434
4115.69 0.578922 1.46393e-011 -0.147935
4389.87 0.617951 1.32841e-012 -0.156441
4664.03 0.656975 -1.66408e-012 -0.164952
4938.16 0.695994 1.30892e-013 -0.173467
5212.27 0.735006 -1.55524e-014 -0.181987
5486.35 0.774014 1.72108e-012 -0.190511
5760.4 0.813016 -2.40374e-013 -0.19904
6034.43 0.852012 -2.93919e-012 -0.207573
6308.44 0.891004 6.60858e-015 -0.216111
6582.41 0.929989 -5.13503e-013 -0.224653
6856.37 0.96897 -9.9811e-015 -0.233199
7130.3 1.00794 6.34018e-012 -0.24175
7404.2 1.04691 -5.88804e-012 -0.250305
7678.08 1.08588 -4.67821e-013 -0.258865
7951.93 1.12484 1.5367e-011 -0.267429
8225.76 1.16379 1.08577e-013 -0.275998
8499.57 1.20274 3.73614e-014 -0.284571
8773.34 1.24168 9.36662e-013 -0.293148
9047.09 1.28062 -6.36485e-014 -0.30173
9320.82 1.31955 5.39492e-013 -0.310316
9594.52 1.35848 2.42746e-011 -0.318906
9868.2 1.3974 -2.64305e-012 -0.3275
10141.8 1.43632 3.88722e-013 -0.336099
10415.5 1.47523 4.70857e-013 -0.344702
10689.1 1.51414 1.70216e-012 -0.353309
10962.6 1.55304 -2.75314e-014 -0.361921
11236.2 1.59194 8.57603e-014 -0.370537
11509.7 1.63083 2.01427e-013 -0.379157
11783.2 1.66971 -1.11588e-011 -0.387781
12056.7 1.70859 8.10566e-014 -0.396409
12330.1 1.74747 -1.23538e-012 -0.405042
12603.5 1.78634 1.34751e-013 -0.413678
12876.9 1.82521 -1.45231e-011 -0.422319
13150.3 1.86407 3.38598e-012 -0.430964
13423.6 1.90292 -9.5655e-012 -0.439613
13697 1.94177 -7.96146e-014 -0.448266
13970.3 1.98062 -1.88771e-012 -0.456924
