274.553 0.468343 -8.50541e-010 -0.16374
549.081 1.22667 -1.07786e-009 -0.13811
823.585 1.98505 -1.39548e-009 -0.112959
1098.06 2.74349 -1.92046e-009 -0.0882866
1372.52 3.50198 -2.26057e-009 -0.0640932
1646.95 4.26052 -2.73532e-009 -0.0403789
1921.35 5.01911 -3.23315e-009 -0.0171436
2195.73 5.77775 -3.6072e-009 0.00561239
2470.09 6.53645 -4.06982e-009 0.0278891
2744.42 7.2952 -4.60757e-009 0.0496865
3018.72 8.05401 -5.0289e-009 0.0710045
3293 8.81287 -5.43423e-009 0.0918429
3567.26 9.57178 -5.98938e-009 0.112202
3841.49 10.3307 -6.43678e-009 0.132081
4115.69 11.0898 -5.92741e-009 0.15148
4389.87 11.8488 -7.07773e-009 0.1704
4664.03 12.608 -7.62542e-009 0.188839
4938.16 13.3671 -8.20391e-009 0.206799
5212.27 14.1264 -8.61693e-009 0.224278
5486.35 14.8856 -9.07205e-009 0.241277
5760.4 15.645 -9.58197e-009 0.257796
6034.43 16.4044 -1.03852e-008 0.273835
6308.44 17.1638 -1.05009e-008 0.289393
6582.41 17.9233 -1.07831e-008 0.30447
6856.37 18.6829 -1.14195e-008 0.319067
7130.3 19.4425 -1.14722e-008 0.333183
7404.2 20.2021 -1.24966e-008 0.346818
7678.08 20.9619 -1.28075e-008 0.359972
7951.93 21.7216 -1.34596e-008 0.372645
8225.76 22.4815 -1.37124e-008 0.384838
8499.57 23.2413 -1.41836e-008 0.396548
8773.34 24.0013 -1.45747e-008 0.407778
9047.09 24.7613 -1.51186e-008 0.418526
9320.82 25.5213 -1.5538e-008 0.428793
9594.52 26.2814 -1.32289e-008 0.438578
9868.2 27.0416 -1.65558e-008 0.447881
10141.8 27.8018 -1.69219e-008 0.456702
10415.5 28.562 -1.73754e-008 0.465042
10689.1 29.3223 -1.78381e-008 0.472899
10962.6 30.0827 -1.83599e-008 0.480275
11236.2 30.8431 -1.88088e-008 0.487168
11509.7 31.6036 -1.92887e-008 0.493579
11783.2 32.3642 -1.93712e-008 0.499507
12056.7 33.1248 -2.01999e-008 0.504953
12330.1 33.8854 -2.07048e-008 0.509917
12603.5 34.6461 -2.11336e-008 0.514397
12876.9 35.4069 -2.29912e-008 0.518395
13150.3 36.1677 -2.17324e-008 0.521909
13423.6 36.9286 -2.35639e-008 0.524941
13697 37.6895 -2.29931e-008 0.52749
13970.3 38.4505 -2.3376e-008 0.529555
