274.553 0.425916 2.79665e-010 -0.160816
549.081 1.09457 1.21089e-009 -0.142353
823.585 1.76328 2.04938e-009 -0.12431
1098.06 2.43204 2.71144e-009 -0.106686
1372.52 3.10086 3.51325e-009 -0.0894813
1646.95 3.76973 4.20614e-009 -0.0726965
1921.35 4.43865 4.88159e-009 -0.0563316
2195.73 5.10763 5.66177e-009 -0.0403866
2470.09 5.77667 6.3681e-009 -0.0248616
2744.42 6.44576 7.009e-009 -0.00975672
3018.72 7.1149 7.7436e-009 0.00492797
3293 7.7841 8.50783e-009 0.0191924
3567.26 8.45336 9.1316e-009 0.0330363
3841.49 9.12267 9.8579e-009 0.0464598
4115.69 9.79203 1.14511e-008 0.0594627
4389.87 10.4615 1.15201e-008 0.0720448
4664.03 11.1309 1.21741e-008 0.0842062
4938.16 11.8005 1.27663e-008 0.0959466
5212.27 12.4701 1.35229e-008 0.107266
5486.35 13.1397 1.42406e-008 0.118164
5760.4 13.8094 1.49127e-008 0.128641
6034.43 14.4792 1.53161e-008 0.138697
6308.44 15.149 1.6344e-008 0.148331
6582.41 15.8188 1.72243e-008 0.157544
6856.37 16.4888 1.77774e-008 0.166335
7130.3 17.1588 1.88535e-008 0.174704
7404.2 17.8288 1.9073e-008 0.182652
7678.08 18.4989 1.99227e-008 0.190177
7951.93 19.169 2.04025e-008 0.197281
8225.76 19.8393 2.13722e-008 0.203962
8499.57 20.5095 2.20814e-008 0.21022
8773.34 21.1798 2.28708e-008 0.216057
9047.09 21.8502 2.35114e-008 0.221471
9320.82 22.5207 2.42647e-008 0.226462
9594.52 23.1912 2.74945e-008 0.23103
9868.2 23.8617 2.56304e-008 0.235175
10141.8 24.5323 2.64387e-008 0.238898
10415.5 25.203 2.71592e-008 0.242197
10689.1 25.8737 2.78926e-008 0.245073
10962.6 26.5445 2.85504e-008 0.247526
11236.2 27.2154 2.92851e-008 0.249555
11509.7 27.8863 2.99927e-008 0.25116
11783.2 28.5572 3.10484e-008 0.252342
12056.7 29.2283 3.14518e-008 0.2531
12330.1 29.8993 3.21455e-008 0.253434
12603.5 30.5705 3.28939e-008 0.253344
12876.9 31.2417 3.23721e-008 0.25283
13150.3 31.9129 3.46387e-008 0.251891
13423.6 32.5843 3.41728e-008 0.250528
13697 33.2556 3.57905e-008 0.24874
13970.3 33.9271 3.65966e-008 0.246527
