274.553 0.563917 -1.7243e-009 -0.120631
549.081 1.56077 -4.36987e-009 -0.100633
823.585 2.55767 -6.48745e-009 -0.0812438
1098.06 3.55459 -8.6307e-009 -0.0624628
1372.52 4.55155 -1.08047e-008 -0.0442904
1646.95 5.54855 -1.28722e-008 -0.0267266
1921.35 6.54558 -1.4937e-008 -0.00977146
2195.73 7.54264 -1.71198e-008 0.00657495
2470.09 8.53973 -1.9225e-008 0.0223126
2744.42 9.53686 -2.13694e-008 0.0374415
3018.72 10.534 -2.34183e-008 0.0519615
3293 11.5312 -2.54664e-008 0.0658726
3567.26 12.5285 -2.76236e-008 0.0791748
3841.49 13.5257 -2.98547e-008 0.091868
4115.69 14.523 -3.13226e-008 0.103952
4389.87 15.5203 -3.40958e-008 0.115427
4664.03 16.5177 -3.64752e-008 0.126293
4938.16 17.5151 -3.83462e-008 0.13655
5212.27 18.5125 -4.04993e-008 0.146198
5486.35 19.51 -4.25211e-008 0.155236
5760.4 20.5075 -4.47572e-008 0.163665
6034.43 21.505 -4.69737e-008 0.171485
6308.44 22.5026 -4.89941e-008 0.178695
6582.41 23.5002 -5.12229e-008 0.185296
6856.37 24.4979 -5.32535e-008 0.191287
7130.3 25.4955 -5.50508e-008 0.196668
7404.2 26.4932 -5.79173e-008 0.20144
7678.08 27.491 -5.96865e-008 0.205603
7951.93 28.4887 -6.05065e-008 0.209155
8225.76 29.4865 -6.39008e-008 0.212098
8499.57 30.4844 -6.60367e-008 0.214431
8773.34 31.4822 -6.81225e-008 0.216153
9047.09 32.4801 -7.0301e-008 0.217266
9320.82 33.4781 -7.24018e-008 0.217769
9594.52 34.4761 -7.37589e-008 0.217662
9868.2 35.4741 -7.68025e-008 0.216944
10141.8 36.4721 -7.88174e-008 0.215617
10415.5 37.4702 -8.09532e-008 0.213679
10689.1 38.4683 -8.29778e-008 0.21113
10962.6 39.4664 -8.52366e-008 0.207971
11236.2 40.4646 -8.73698e-008 0.204202
11509.7 41.4628 -8.94955e-008 0.199822
11783.2 42.461 -9.28558e-008 0.194832
12056.7 43.4593 -9.37835e-008 0.189231
12330.1 44.4576 -9.59753e-008 0.183019
12603.5 45.4559 -9.80501e-008 0.176196
12876.9 46.4543 -1.00698e-007 0.168762
13150.3 47.4527 -1.02149e-007 0.160718
13423.6 48.4512 -1.04849e-007 0.152062
13697 49.4496 -1.0662e-007 0.142795
13970.3 50.4481 -1.08868e-007 0.132917
