274.553 0.161471 4.89284e-011 -0.0283248
549.081 0.374984 -3.27708e-010 0.0147272
823.585 0.588541 -5.12254e-010 0.0576979
1098.06 0.802141 -6.95154e-010 0.100587
1372.52 1.01578 -8.67041e-010 0.143395
1646.95 1.22947 -1.00796e-009 0.186122
1921.35 1.4432 -1.15106e-009 0.228768
2195.73 1.65698 -1.30293e-009 0.271333
2470.09 1.8708 -1.43313e-009 0.313816
2744.42 2.08467 -1.56297e-009 0.356218
3018.72 2.29858 -1.65556e-009 0.39854
3293 2.51253 -1.78289e-009 0.44078
3567.26 2.72653 -1.86445e-009 0.482939
3841.49 2.94057 -2.01197e-009 0.525017
4115.69 3.15466 -2.15846e-009 0.567013
4389.87 3.3688 -2.21946e-009 0.608929
4664.03 3.58297 -2.38764e-009 0.650764
4938.16 3.7972 -2.36395e-009 0.692518
5212.27 4.01147 -2.45266e-009 0.734191
5486.35 4.22579 -2.49324e-009 0.775783
5760.4 4.44015 -2.57309e-009 0.817294
6034.43 4.65455 -2.54726e-009 0.858725
6308.44 4.86901 -2.67076e-009 0.900074
6582.41 5.08351 -2.74612e-009 0.941343
6856.37 5.29805 -2.74673e-009 0.98253
7130.3 5.51265 -2.74174e-009 1.02364
7404.2 5.72728 -2.85824e-009 1.06466
7678.08 5.94197 -2.82135e-009 1.10561
7951.93 6.1567 -2.41536e-009 1.14647
8225.76 6.37148 -2.82571e-009 1.18726
8499.57 6.58631 -2.82072e-009 1.22796
8773.34 6.80118 -2.8187e-009 1.26858
9047.09 7.0161 -2.79775e-009 1.30912
9320.82 7.23107 -2.77483e-009 1.34959
9594.52 7.44608 -2.92571e-009 1.38997
9868.2 7.66114 -2.73643e-009 1.43027
10141.8 7.87625 -2.68442e-009 1.47048
10415.5 8.09141 -2.62862e-009 1.51062
10689.1 8.30662 -2.55563e-009 1.55068
10962.6 8.52187 -2.51412e-009 1.59066
11236.2 8.73717 -2.44963e-009 1.63055
11509.7 8.95252 -2.37339e-009 1.67037
11783.2 9.16792 -2.54367e-009 1.71011
12056.7 9.38337 -2.21516e-009 1.74976
12330.1 9.59886 -2.14293e-009 1.78934
12603.5 9.81441 -2.02846e-009 1.82883
12876.9 10.03 -1.8232e-009 1.86824
13150.3 10.2456 -1.77581e-009 1.90758
13423.6 10.4613 -1.64476e-009 1.94683
13697 10.6771 -1.58318e-009 1.986
13970.3 10.8929 -1.53728e-009 2.02509
