274.553 0.0746801 -2.39869e-010 -0.0124095
549.081 0.168623 -7.37489e-010 0.0263338
823.585 0.262586 -1.12803e-009 0.0650595
1098.06 0.356571 -1.53038e-009 0.103768
1372.52 0.450578 -1.94036e-009 0.142458
1646.95 0.544605 -2.34496e-009 0.181131
1921.35 0.638655 -2.765e-009 0.219787
2195.73 0.732726 -3.2047e-009 0.258425
2470.09 0.826818 -3.64418e-009 0.297046
2744.42 0.920932 -4.09638e-009 0.335649
3018.72 1.01507 -4.54138e-009 0.374236
3293 1.10923 -5.02361e-009 0.412805
3567.26 1.20341 -5.48261e-009 0.451357
3841.49 1.29761 -6.00736e-009 0.489891
4115.69 1.39183 -6.58917e-009 0.528409
4389.87 1.48608 -7.04226e-009 0.56691
4664.03 1.58034 -7.61777e-009 0.605394
4938.16 1.67463 -8.08419e-009 0.643861
5212.27 1.76895 -8.6394e-009 0.68231
5486.35 1.86328 -9.18027e-009 0.720744
5760.4 1.95764 -9.75316e-009 0.75916
6034.43 2.05201 -1.02488e-008 0.79756
6308.44 2.14642 -1.09104e-008 0.835942
6582.41 2.24084 -1.15254e-008 0.874309
6856.37 2.33529 -1.21094e-008 0.912658
7130.3 2.42975 -1.27216e-008 0.950991
7404.2 2.52425 -1.33776e-008 0.989308
7678.08 2.61876 -1.3988e-008 1.02761
7951.93 2.7133 -1.43496e-008 1.06589
8225.76 2.80786 -1.52825e-008 1.10416
8499.57 2.90244 -1.59448e-008 1.14241
8773.34 2.99705 -1.66269e-008 1.18065
9047.09 3.09167 -1.7305e-008 1.21886
9320.82 3.18633 -1.80005e-008 1.25707
9594.52 3.281 -1.89059e-008 1.29525
9868.2 3.3757 -1.94234e-008 1.33342
10141.8 3.47042 -2.01526e-008 1.37158
10415.5 3.56516 -2.08805e-008 1.40971
10689.1 3.65993 -2.16147e-008 1.44784
10962.6 3.75472 -2.23761e-008 1.48594
11236.2 3.84954 -2.31414e-008 1.52403
11509.7 3.94438 -2.39126e-008 1.56211
11783.2 4.03924 -2.48457e-008 1.60017
12056.7 4.13412 -2.54927e-008 1.63821
12330.1 4.22903 -2.63067e-008 1.67624
12603.5 4.32397 -2.71114e-008 1.71425
12876.9 4.41892 -2.77915e-008 1.75224
13150.3 4.5139 -2.87508e-008 1.79022
13423.6 4.60891 -2.95408e-008 1.82819
13697 4.70394 -3.04672e-008 1.86614
13970.3 4.79899 -3.13881e-008 1.90407
