274.553 0.0915302 2.02067e-011 -0.0524468
549.081 0.208153 -2.13008e-012 -0.0676654
823.585 0.324772 -4.27278e-013 -0.0829209
1098.06 0.441386 -2.93265e-012 -0.0982135
1372.52 0.557996 -2.73496e-012 -0.113543
1646.95 0.674601 -8.1926e-013 -0.128909
1921.35 0.791202 7.21114e-013 -0.144313
2195.73 0.907799 6.98191e-014 -0.159753
2470.09 1.02439 1.06751e-012 -0.17523
2744.42 1.14098 -1.82364e-012 -0.190743
3018.72 1.25756 2.72463e-012 -0.206294
3293 1.37414 6.24756e-012 -0.221882
3567.26 1.49072 1.26383e-012 -0.237506
3841.49 1.60729 -1.4694e-012 -0.253167
4115.69 1.72386 4.99585e-011 -0.268865
4389.87 1.84043 4.63802e-012 -0.2846
4664.03 1.95699 -5.35421e-012 -0.300371
4938.16 2.07354 4.44145e-013 -0.316179
5212.27 2.1901 6.86878e-015 -0.332024
5486.35 2.30665 5.69539e-012 -0.347906
5760.4 2.42319 -8.20115e-013 -0.363824
6034.43 2.53974 -1.07774e-011 -0.379779
6308.44 2.65628 1.54384e-014 -0.395771
6582.41 2.77281 -1.58094e-012 -0.411799
6856.37 2.88935 -3.23055e-014 -0.427864
7130.3 3.00588 2.16494e-011 -0.443965
7404.2 3.1224 -1.98991e-011 -0.460104
7678.08 3.23893 -1.58203e-012 -0.476278
7951.93 3.35545 5.01394e-011 -0.49249
8225.76 3.47196 3.8601e-013 -0.508738
8499.57 3.58848 1.22751e-013 -0.525022
8773.34 3.70499 3.24239e-012 -0.541343
9047.09 3.8215 -2.23839e-013 -0.557701
9320.82 3.938 1.90579e-012 -0.574095
9594.52 4.05451 8.4982e-011 -0.590526
9868.2 4.17101 -8.81015e-012 -0.606993
10141.8 4.2875 1.39481e-012 -0.623496
10415.5 4.404 1.63541e-012 -0.640037
10689.1 4.52049 5.72838e-012 -0.656613
10962.6 4.63698 -1.10527e-013 -0.673226
11236.2 4.75347 2.95304e-013 -0.689876
11509.7 4.86995 6.41965e-013 -0.706562
11783.2 4.98644 -3.73401e-011 -0.723284
12056.7 5.10292 2.52669e-013 -0.740043
12330.1 5.21939 -4.06936e-012 -0.756838
12603.5 5.33587 4.46145e-013 -0.773669
12876.9 5.45234 -5.12364e-011 -0.790537
13150.3 5.56882 1.19339e-011 -0.807441
13423.6 5.68529 -3.37463e-011 -0.824382
13697 5.80175 -2.78987e-013 -0.841359
13970.3 5.91822 -5.70137e-012 -0.858372
