274.553 0.520078 -1.24211e-009 -0.163527
549.081 1.4082 -1.87074e-009 -0.131304
823.585 2.29637 -2.53115e-009 -0.0996396
1098.06 3.18458 -3.45476e-009 -0.0685351
1372.52 4.07283 -4.13237e-009 -0.0379902
1646.95 4.96112 -4.97592e-009 -0.00800499
1921.35 5.84945 -5.85057e-009 0.0214206
2195.73 6.73782 -6.57008e-009 0.0502864
2470.09 7.62624 -7.39853e-009 0.0785924
2744.42 8.5147 -8.31334e-009 0.106339
3018.72 9.4032 -9.08294e-009 0.133525
3293 10.2917 -9.85652e-009 0.160151
3567.26 11.1803 -1.07793e-008 0.186217
3841.49 12.0689 -1.16023e-008 0.211724
4115.69 12.9576 -1.13022e-008 0.23667
4389.87 13.8463 -1.29084e-008 0.261056
4664.03 14.7351 -1.38745e-008 0.284881
4938.16 15.6239 -1.47996e-008 0.308147
5212.27 16.5127 -1.55745e-008 0.330852
5486.35 17.4016 -1.63965e-008 0.352996
5760.4 18.2905 -1.72695e-008 0.37458
6034.43 19.1794 -1.8469e-008 0.395604
6308.44 20.0684 -1.89087e-008 0.416067
6582.41 20.9575 -1.95353e-008 0.435969
6856.37 21.8466 -2.05463e-008 0.455311
7130.3 22.7357 -2.091e-008 0.474092
7404.2 23.6249 -2.23791e-008 0.492312
7678.08 24.5141 -2.30133e-008 0.509971
7951.93 25.4033 -2.39615e-008 0.527069
8225.76 26.2926 -2.46278e-008 0.543606
8499.57 27.182 -2.54583e-008 0.559582
8773.34 28.0714 -2.61986e-008 0.574997
9047.09 28.9608 -2.71124e-008 0.589851
9320.82 29.8502 -2.78733e-008 0.604143
9594.52 30.7397 -2.54893e-008 0.617874
9868.2 31.6293 -2.96421e-008 0.631043
10141.8 32.5189 -3.03388e-008 0.643651
10415.5 33.4085 -3.11355e-008 0.655698
10689.1 34.2982 -3.19568e-008 0.667182
10962.6 35.1879 -3.2839e-008 0.678105
11236.2 36.0777 -3.36402e-008 0.688467
11509.7 36.9675 -3.44751e-008 0.698266
11783.2 37.8573 -3.48742e-008 0.707503
12056.7 38.7472 -3.60893e-008 0.716179
12330.1 39.6371 -3.6965e-008 0.724292
12603.5 40.5271 -3.77291e-008 0.731843
12876.9 41.4171 -4.02011e-008 0.738831
13150.3 42.3072 -3.89742e-008 0.745258
13423.6 43.1973 -4.14082e-008 0.751122
13697 44.0874 -4.09943e-008 0.756423
13970.3 44.9776 -4.17282e-008 0.761162
