274.553 0.314338 -1.84818e-010 -0.0627583
549.081 0.763769 -1.06058e-009 -0.0213224
823.585 1.21327 -1.63263e-009 0.019873
1098.06 1.66285 -2.21275e-009 0.0608278
1372.52 2.11249 -2.78265e-009 0.101542
1646.95 2.56221 -3.31174e-009 0.142015
1921.35 3.012 -3.84633e-009 0.182248
2195.73 3.46186 -4.417e-009 0.22224
2470.09 3.9118 -4.95882e-009 0.261991
2744.42 4.36181 -5.50856e-009 0.301501
3018.72 4.81189 -6.00498e-009 0.34077
3293 5.26204 -6.5538e-009 0.379798
3567.26 5.71227 -7.07363e-009 0.418585
3841.49 6.16257 -7.68894e-009 0.457131
4115.69 6.61294 -8.16703e-009 0.495436
4389.87 7.06338 -8.7895e-009 0.533499
4664.03 7.5139 -9.47782e-009 0.571321
4938.16 7.9645 -9.85515e-009 0.608902
5212.27 8.41516 -1.04222e-008 0.646241
5486.35 8.8659 -1.09167e-008 0.683339
5760.4 9.31672 -1.14957e-008 0.720195
6034.43 9.76761 -1.19866e-008 0.756809
6308.44 10.2186 -1.25652e-008 0.793182
6582.41 10.6696 -1.31686e-008 0.829313
6856.37 11.1207 -1.36394e-008 0.865202
7130.3 11.5719 -1.40764e-008 0.90085
7404.2 12.0232 -1.48466e-008 0.936255
7678.08 12.4745 -1.52595e-008 0.971418
7951.93 12.9259 -1.50776e-008 1.00634
8225.76 13.3774 -1.63067e-008 1.04102
8499.57 13.829 -1.68384e-008 1.07546
8773.34 14.2806 -1.73723e-008 1.10965
9047.09 14.7324 -1.79011e-008 1.1436
9320.82 15.1841 -1.84206e-008 1.17731
9594.52 15.636 -1.90271e-008 1.21078
9868.2 16.088 -1.95464e-008 1.244
10141.8 16.54 -2.00241e-008 1.27699
10415.5 16.9921 -2.05382e-008 1.30973
10689.1 17.4443 -2.1028e-008 1.34222
10962.6 17.8965 -2.15864e-008 1.37448
11236.2 18.3489 -2.21112e-008 1.40649
11509.7 18.8013 -2.26262e-008 1.43825
11783.2 19.2537 -2.35807e-008 1.46978
12056.7 19.7063 -2.36757e-008 1.50106
12330.1 20.159 -2.4233e-008 1.5321
12603.5 20.6117 -2.47143e-008 1.56289
12876.9 21.0645 -2.52339e-008 1.59344
13150.3 21.5174 -2.57e-008 1.62375
13423.6 21.9703 -2.62743e-008 1.65382
13697 22.4233 -2.67913e-008 1.68364
13970.3 22.8765 -2.73933e-008 1.71322
