274.553 0.442328 1.25637e-009 -0.0939872
549.081 1.12846 1.54718e-009 -0.0613367
823.585 1.81467 2.2723e-009 -0.0290956
1098.06 2.50094 2.99271e-009 0.00273579
1372.52 3.18729 3.71222e-009 0.0341575
1646.95 3.87371 4.49547e-009 0.0651695
1921.35 4.5602 5.27753e-009 0.0957716
2195.73 5.24677 5.99223e-009 0.125964
2470.09 5.9334 6.75539e-009 0.155746
2744.42 6.62011 7.50135e-009 0.185118
3018.72 7.30689 8.31496e-009 0.21408
3293 7.99374 9.07785e-009 0.242631
3567.26 8.68066 9.8512e-009 0.270772
3841.49 9.36766 1.05149e-008 0.298503
4115.69 10.0547 1.15249e-008 0.325823
4389.87 10.7419 1.20159e-008 0.352732
4664.03 11.4291 1.25614e-008 0.379231
4938.16 12.1164 1.3543e-008 0.405318
5212.27 12.8037 1.42687e-008 0.430995
5486.35 13.4912 1.50833e-008 0.456261
5760.4 14.1787 1.57843e-008 0.481115
6034.43 14.8662 1.65213e-008 0.505558
6308.44 15.5539 1.73092e-008 0.52959
6582.41 16.2416 1.79727e-008 0.55321
6856.37 16.9294 1.8824e-008 0.576419
7130.3 17.6173 1.97378e-008 0.599216
7404.2 18.3052 2.01189e-008 0.621601
7678.08 18.9932 2.10761e-008 0.643575
7951.93 19.6813 2.28135e-008 0.665136
8225.76 20.3695 2.26234e-008 0.686286
8499.57 21.0577 2.33821e-008 0.707023
8773.34 21.746 2.41518e-008 0.727348
9047.09 22.4344 2.49004e-008 0.74726
9320.82 23.1229 2.56819e-008 0.76676
9594.52 23.8114 2.65574e-008 0.785848
9868.2 24.5 2.70997e-008 0.804522
10141.8 25.1887 2.79416e-008 0.822784
10415.5 25.8775 2.87172e-008 0.840633
10689.1 26.5663 2.95249e-008 0.858069
10962.6 27.2552 3.02404e-008 0.875092
11236.2 27.9442 3.10039e-008 0.891701
11509.7 28.6333 3.17782e-008 0.907897
11783.2 29.3224 3.1792e-008 0.92368
12056.7 30.0116 3.32943e-008 0.939049
12330.1 30.7009 3.40128e-008 0.954004
12603.5 31.3903 3.48325e-008 0.968545
12876.9 32.0797 3.5383e-008 0.982672
13150.3 32.7692 3.6428e-008 0.996386
13423.6 33.4588 3.70026e-008 1.00968
13697 34.1484 3.78875e-008 1.02257
13970.3 34.8382 3.85782e-008 1.03504
