274.553 0.0319221 2.53763e-009 -0.00054633
549.081 0.0710478 4.84077e-009 0.0273858
823.585 0.110181 7.20951e-009 0.0553138
1098.06 0.149321 9.5862e-009 0.0832377
1372.52 0.188469 1.19719e-008 0.111157
1646.95 0.227624 1.43737e-008 0.139073
1921.35 0.266787 1.67804e-008 0.166985
2195.73 0.305957 1.91904e-008 0.194892
2470.09 0.345134 2.16137e-008 0.222796
2744.42 0.384319 2.40438e-008 0.250695
3018.72 0.423511 2.64906e-008 0.278591
3293 0.462711 2.89299e-008 0.306483
3567.26 0.501919 3.1397e-008 0.33437
3841.49 0.541134 3.3841e-008 0.362254
4115.69 0.580356 3.62588e-008 0.390135
4389.87 0.619586 3.87751e-008 0.418011
4664.03 0.658824 4.12335e-008 0.445884
4938.16 0.698069 4.37611e-008 0.473753
5212.27 0.737322 4.62549e-008 0.501618
5486.35 0.776582 4.8769e-008 0.52948
5760.4 0.81585 5.12806e-008 0.557338
6034.43 0.855126 5.38504e-008 0.585192
6308.44 0.894409 5.63354e-008 0.613043
6582.41 0.933701 5.8862e-008 0.64089
6856.37 0.973 6.14206e-008 0.668734
7130.3 1.01231 6.39719e-008 0.696574
7404.2 1.05162 6.65248e-008 0.724411
7678.08 1.09094 6.91045e-008 0.752244
7951.93 1.13027 7.18239e-008 0.780074
8225.76 1.16961 7.42691e-008 0.807901
8499.57 1.20896 7.68635e-008 0.835724
8773.34 1.24831 7.9459e-008 0.863544
9047.09 1.28767 8.20717e-008 0.891361
9320.82 1.32704 8.46865e-008 0.919175
9594.52 1.36642 8.71787e-008 0.946985
9868.2 1.4058 8.9942e-008 0.974792
10141.8 1.4452 9.25758e-008 1.0026
10415.5 1.4846 9.52262e-008 1.0304
10689.1 1.52401 9.78854e-008 1.05819
10962.6 1.56343 1.00545e-007 1.08599
11236.2 1.60285 1.03214e-007 1.11378
11509.7 1.64228 1.05892e-007 1.14157
11783.2 1.68173 1.08507e-007 1.16936
12056.7 1.72117 1.11269e-007 1.19714
12330.1 1.76063 1.13964e-007 1.22492
12603.5 1.8001 1.16676e-007 1.25269
12876.9 1.83957 1.19502e-007 1.28047
13150.3 1.87905 1.22111e-007 1.30824
13423.6 1.91854 1.24895e-007 1.33601
13697 1.95804 1.27581e-007 1.36377
13970.3 1.99755 1.30298e-007 1.39154
