274.553 0.237647 -1.66296e-010 -0.045554
549.081 0.564098 -9.03587e-010 -0.00203192
823.585 0.89061 -1.3827e-009 0.041336
1098.06 1.21718 -1.86733e-009 0.0845496
1372.52 1.54381 -2.3419e-009 0.127609
1646.95 1.87051 -2.78206e-009 0.170514
1921.35 2.19726 -3.22815e-009 0.213265
2195.73 2.52408 -3.69462e-009 0.255862
2470.09 2.85095 -4.13746e-009 0.298304
2744.42 3.17789 -4.58565e-009 0.340592
3018.72 3.50489 -4.99028e-009 0.382726
3293 3.83195 -5.43769e-009 0.424705
3567.26 4.15908 -5.84836e-009 0.46653
3841.49 4.48626 -6.33885e-009 0.508201
4115.69 4.81351 -6.77809e-009 0.549717
4389.87 5.14082 -7.21831e-009 0.591078
4664.03 5.46819 -7.75885e-009 0.632286
4938.16 5.79562 -8.05027e-009 0.673339
5212.27 6.12312 -8.49307e-009 0.714237
5486.35 6.45068 -8.87929e-009 0.754981
5760.4 6.7783 -9.32165e-009 0.79557
6034.43 7.10599 -9.66056e-009 0.836005
6308.44 7.43374 -1.01401e-008 0.876285
6582.41 7.76155 -1.05967e-008 0.91641
6856.37 8.08943 -1.0953e-008 0.956381
7130.3 8.41737 -1.12894e-008 0.996198
7404.2 8.74537 -1.18502e-008 1.03586
7678.08 9.07344 -1.21616e-008 1.07537
7951.93 9.40157 -1.20114e-008 1.11472
8225.76 9.72977 -1.29334e-008 1.15392
8499.57 10.058 -1.33206e-008 1.19296
8773.34 10.3864 -1.37118e-008 1.23185
9047.09 10.7147 -1.40904e-008 1.27058
9320.82 11.0432 -1.44662e-008 1.30916
9594.52 11.3717 -1.49794e-008 1.34758
9868.2 11.7003 -1.52674e-008 1.38585
10141.8 12.029 -1.56038e-008 1.42396
10415.5 12.3577 -1.59621e-008 1.46192
10689.1 12.6865 -1.63032e-008 1.49973
10962.6 13.0153 -1.6689e-008 1.53737
11236.2 13.3442 -1.70504e-008 1.57487
11509.7 13.6732 -1.74017e-008 1.61221
11783.2 14.0023 -1.80817e-008 1.64939
12056.7 14.3314 -1.81127e-008 1.68642
12330.1 14.6606 -1.84892e-008 1.72329
12603.5 14.9898 -1.88085e-008 1.76001
12876.9 15.3191 -1.91134e-008 1.79657
13150.3 15.6485 -1.94363e-008 1.83298
13423.6 15.9779 -1.98005e-008 1.86923
13697 16.3075 -2.01712e-008 1.90533
13970.3 16.637 -2.06022e-008 1.94127
