274.553 0.427695 -1.16325e-009 -0.160817
549.081 1.10008 -1.68836e-009 -0.142356
823.585 1.77251 -2.30577e-009 -0.124318
1098.06 2.445 -3.10159e-009 -0.106701
1372.52 3.11754 -3.75743e-009 -0.0895066
1646.95 3.79014 -4.52343e-009 -0.0727344
1921.35 4.46279 -5.30773e-009 -0.0563846
2195.73 5.1355 -5.98773e-009 -0.0404572
2470.09 5.80826 -6.74261e-009 -0.0249523
2744.42 6.48107 -7.56408e-009 -0.00987011
3018.72 7.15394 -8.29195e-009 0.0047894
3293 7.82687 -8.99111e-009 0.0190261
3567.26 8.49984 -9.83178e-009 0.0328399
3841.49 9.17288 -1.05709e-008 0.0462306
4115.69 9.84597 -1.04392e-008 0.0591982
4389.87 10.5191 -1.18399e-008 0.0717426
4664.03 11.1923 -1.26546e-008 0.0838637
4938.16 11.8656 -1.35301e-008 0.0955614
5212.27 12.5389 -1.42422e-008 0.106835
5486.35 13.2122 -1.4994e-008 0.117686
5760.4 13.8857 -1.57926e-008 0.128113
6034.43 14.5591 -1.68616e-008 0.138116
6308.44 15.2327 -1.73042e-008 0.147695
6582.41 15.9063 -1.78961e-008 0.156849
6856.37 16.5799 -1.88169e-008 0.16558
7130.3 17.2536 -1.92127e-008 0.173887
7404.2 17.9274 -2.04715e-008 0.181769
7678.08 18.6012 -2.10962e-008 0.189226
7951.93 19.275 -2.20903e-008 0.196259
8225.76 19.949 -2.26e-008 0.202867
8499.57 20.6229 -2.33687e-008 0.209051
8773.34 21.297 -2.40576e-008 0.214809
9047.09 21.9711 -2.48967e-008 0.220143
9320.82 22.6452 -2.56231e-008 0.225051
9594.52 23.3194 -2.38621e-008 0.229534
9868.2 23.9937 -2.72206e-008 0.233591
10141.8 24.668 -2.7894e-008 0.237223
10415.5 25.3424 -2.86564e-008 0.24043
10689.1 26.0169 -2.94065e-008 0.243211
10962.6 26.6914 -3.02334e-008 0.245565
11236.2 27.3659 -3.09838e-008 0.247494
11509.7 28.0405 -3.17622e-008 0.248997
11783.2 28.7152 -3.21938e-008 0.250073
12056.7 29.3899 -3.32769e-008 0.250724
12330.1 30.0647 -3.40715e-008 0.250947
12603.5 30.7396 -3.48117e-008 0.250744
12876.9 31.4145 -3.68292e-008 0.250115
13150.3 32.0894 -3.60447e-008 0.249058
13423.6 32.7645 -3.80082e-008 0.247575
13697 33.4395 -3.78773e-008 0.245664
13970.3 34.1147 -3.85635e-008 0.243327
