274.553 0.0768909 -9.702e-012 -0.0502795
549.081 0.179547 -1.50843e-011 -0.012403
823.585 0.282265 -4.40695e-012 0.0254309
1098.06 0.385046 -8.4443e-012 0.0632222
1372.52 0.48789 -2.04577e-012 0.100971
1646.95 0.590796 -2.47722e-012 0.138677
1921.35 0.693765 -3.5782e-012 0.17634
2195.73 0.796796 3.73463e-013 0.21396
2470.09 0.899891 5.19121e-013 0.251536
2744.42 1.00305 -5.38571e-012 0.28907
3018.72 1.10627 -1.8831e-013 0.326561
3293 1.20955 2.79203e-012 0.364008
3567.26 1.3129 8.19974e-013 0.401412
3841.49 1.41631 -5.05795e-012 0.438772
4115.69 1.51978 8.56907e-011 0.476089
4389.87 1.62332 1.43614e-011 0.513361
4664.03 1.72692 -6.8175e-012 0.55059
4938.16 1.83058 -2.95948e-013 0.587776
5212.27 1.93431 2.34376e-012 0.624917
5486.35 2.0381 5.03446e-012 0.662014
5760.4 2.14195 -5.88432e-013 0.699067
6034.43 2.24587 -3.63836e-011 0.736075
6308.44 2.34985 -1.7762e-014 0.77304
6582.41 2.45389 1.07206e-011 0.809959
6856.37 2.558 1.48598e-013 0.846835
7130.3 2.66218 3.82086e-011 0.883665
7404.2 2.76641 -2.11507e-011 0.920451
7678.08 2.87072 -1.44583e-012 0.957192
7951.93 2.97508 3.45743e-011 0.993888
8225.76 3.07951 1.20967e-012 1.03054
8499.57 3.18401 5.13541e-014 1.06714
8773.34 3.28856 7.38063e-012 1.10371
9047.09 3.39319 -3.45504e-013 1.14022
9320.82 3.49788 2.97044e-012 1.17669
9594.52 3.60263 2.34597e-010 1.21311
9868.2 3.70745 -8.95106e-012 1.24949
10141.8 3.81233 4.0401e-012 1.28583
10415.5 3.91727 4.20178e-012 1.32211
10689.1 4.02229 6.82413e-012 1.35835
10962.6 4.12736 -3.52364e-013 1.39455
11236.2 4.23251 5.76235e-013 1.4307
11509.7 4.33771 -6.40836e-014 1.4668
11783.2 4.44299 -4.3486e-012 1.50286
12056.7 4.54832 1.7619e-013 1.53887
12330.1 4.65373 -5.12895e-012 1.57483
12603.5 4.7592 4.30564e-013 1.61075
12876.9 4.86473 -1.30689e-010 1.64662
13150.3 4.97033 2.57867e-011 1.68244
13423.6 5.076 -8.59017e-011 1.71822
13697 5.18173 -1.84323e-013 1.75395
13970.3 5.28753 9.53081e-012 1.78963
