274.553 0.0618087 1.06051e-009 -0.0860785
549.081 0.143422 2.3162e-009 -0.0980903
823.585 0.22507 3.49515e-009 -0.110141
1098.06 0.306753 4.67004e-009 -0.122231
1372.52 0.388471 5.86262e-009 -0.134359
1646.95 0.470224 7.04466e-009 -0.146527
1921.35 0.552012 8.24089e-009 -0.158734
2195.73 0.633835 9.45885e-009 -0.17098
2470.09 0.715694 1.0674e-008 -0.183266
2744.42 0.797588 1.18934e-008 -0.195592
3018.72 0.879517 1.31197e-008 -0.207958
3293 0.961481 1.43801e-008 -0.220363
3567.26 1.04348 1.56066e-008 -0.232809
3841.49 1.12552 1.68961e-008 -0.245294
4115.69 1.20759 1.83617e-008 -0.25782
4389.87 1.28969 1.94935e-008 -0.270387
4664.03 1.37183 2.08142e-008 -0.282994
4938.16 1.45401 2.20599e-008 -0.295642
5212.27 1.53622 2.3386e-008 -0.30833
5486.35 1.61847 2.47015e-008 -0.32106
5760.4 1.70076 2.60327e-008 -0.33383
6034.43 1.78307 2.72589e-008 -0.346642
6308.44 1.86543 2.87246e-008 -0.359496
6582.41 1.94782 3.01134e-008 -0.37239
6856.37 2.03025 3.14547e-008 -0.385327
7130.3 2.11271 3.28787e-008 -0.398305
7404.2 2.19521 3.42193e-008 -0.411325
7678.08 2.27775 3.56226e-008 -0.424387
7951.93 2.36032 3.68147e-008 -0.437491
8225.76 2.44292 3.84455e-008 -0.450638
8499.57 2.52557 3.98681e-008 -0.463826
8773.34 2.60824 4.13193e-008 -0.477058
9047.09 2.69096 4.27486e-008 -0.490332
9320.82 2.77371 4.42078e-008 -0.503649
9594.52 2.8565 4.61233e-008 -0.517009
9868.2 2.93932 4.71298e-008 -0.530412
10141.8 3.02218 4.86346e-008 -0.543858
10415.5 3.10508 5.01196e-008 -0.557347
10689.1 3.18801 5.16152e-008 -0.57088
10962.6 3.27098 5.31216e-008 -0.584457
11236.2 3.35399 5.46428e-008 -0.598077
11509.7 3.43703 5.61678e-008 -0.611741
11783.2 3.52011 5.78232e-008 -0.62545
12056.7 3.60323 5.92539e-008 -0.639202
12330.1 3.68638 6.08122e-008 -0.652999
12603.5 3.76957 6.23762e-008 -0.66684
12876.9 3.8528 6.36601e-008 -0.680725
13150.3 3.93606 6.55448e-008 -0.694656
13423.6 4.01936 6.69595e-008 -0.708631
13697 4.1027 6.87292e-008 -0.722651
13970.3 4.18607 7.04026e-008 -0.736716
