274.553 0.221521 1.40749e-010 -0.131205
549.081 0.53403 7.29211e-010 -0.135154
823.585 0.846589 1.19487e-009 -0.139277
1098.06 1.1592 1.59834e-009 -0.143573
1372.52 1.47186 2.04057e-009 -0.148043
1646.95 1.78457 2.43013e-009 -0.152686
1921.35 2.09734 2.82052e-009 -0.157504
2195.73 2.41015 3.24382e-009 -0.162495
2470.09 2.72302 3.63466e-009 -0.16766
2744.42 3.03593 3.99725e-009 -0.173
3018.72 3.3489 4.37969e-009 -0.178515
3293 3.66193 4.79475e-009 -0.184204
3567.26 3.975 5.12611e-009 -0.190067
3841.49 4.28813 5.53227e-009 -0.196106
4115.69 4.60131 6.38811e-009 -0.20232
4389.87 4.91454 6.39097e-009 -0.20871
4664.03 5.22782 6.77167e-009 -0.215274
4938.16 5.54116 7.04966e-009 -0.222015
5212.27 5.85455 7.44518e-009 -0.228931
5486.35 6.168 7.80449e-009 -0.236024
5760.4 6.4815 8.15253e-009 -0.243292
6034.43 6.79505 8.28991e-009 -0.250737
6308.44 7.10866 8.86856e-009 -0.258358
6582.41 7.42232 9.30294e-009 -0.266156
6856.37 7.73603 9.57533e-009 -0.274131
7130.3 8.0498 1.00615e-008 -0.282283
7404.2 8.36362 1.02271e-008 -0.290612
7678.08 8.6775 1.06146e-008 -0.299118
7951.93 8.99143 1.0704e-008 -0.307802
8225.76 9.30542 1.12973e-008 -0.316663
8499.57 9.61946 1.16278e-008 -0.325702
8773.34 9.93356 1.20012e-008 -0.33492
9047.09 10.2477 1.22906e-008 -0.344315
9320.82 10.5619 1.26344e-008 -0.353889
9594.52 10.8762 1.41606e-008 -0.363642
9868.2 11.1905 1.32581e-008 -0.373573
10141.8 11.5049 1.36177e-008 -0.383683
10415.5 11.8193 1.39276e-008 -0.393972
10689.1 12.1338 1.42396e-008 -0.40444
10962.6 12.4484 1.45315e-008 -0.415088
11236.2 12.763 1.48474e-008 -0.425915
11509.7 13.0776 1.51471e-008 -0.436922
11783.2 13.3924 1.56334e-008 -0.448109
12056.7 13.7071 1.57581e-008 -0.459477
12330.1 14.022 1.60535e-008 -0.471024
12603.5 14.3369 1.63564e-008 -0.482752
12876.9 14.6518 1.60066e-008 -0.49466
13150.3 14.9668 1.70189e-008 -0.50675
13423.6 15.2819 1.6792e-008 -0.51902
13697 15.597 1.75189e-008 -0.531472
13970.3 15.9122 1.79105e-008 -0.544105
