274.553 0.278813 -4.29391e-010 -0.14501
549.081 0.681267 -3.79075e-010 -0.141758
823.585 1.08378 -4.40785e-010 -0.138741
1098.06 1.48635 -5.86743e-010 -0.135959
1372.52 1.88897 -6.73408e-010 -0.133413
1646.95 2.29165 -8.22866e-010 -0.131102
1921.35 2.69439 -9.73844e-010 -0.129027
2195.73 3.09718 -1.07063e-009 -0.127187
2470.09 3.50004 -1.20677e-009 -0.125584
2744.42 3.90295 -1.38049e-009 -0.124217
3018.72 4.30592 -1.5174e-009 -0.123086
3293 4.70894 -1.61417e-009 -0.122191
3567.26 5.11203 -1.80786e-009 -0.121534
3841.49 5.51517 -1.90927e-009 -0.121112
4115.69 5.91837 -1.45677e-009 -0.120928
4389.87 6.32163 -2.03395e-009 -0.120981
4664.03 6.72495 -2.16333e-009 -0.12127
4938.16 7.12833 -2.39927e-009 -0.121798
5212.27 7.53176 -2.49273e-009 -0.122562
5486.35 7.93526 -2.62847e-009 -0.123565
5760.4 8.33881 -2.77183e-009 -0.124805
6034.43 8.74243 -3.14277e-009 -0.126283
6308.44 9.1461 -3.02376e-009 -0.127999
6582.41 9.54984 -3.04179e-009 -0.129953
6856.37 9.95364 -3.27157e-009 -0.132146
7130.3 10.3575 -3.2104e-009 -0.134577
7404.2 10.7614 -3.57897e-009 -0.137247
7678.08 11.1654 -3.64048e-009 -0.140156
7951.93 11.5694 -4.06204e-009 -0.143304
8225.76 11.9735 -3.87925e-009 -0.146692
8499.57 12.3777 -4.00572e-009 -0.150318
8773.34 12.7819 -4.07607e-009 -0.154184
9047.09 13.1862 -4.2481e-009 -0.15829
9320.82 13.5905 -4.34857e-009 -0.162636
9594.52 13.9949 -2.92379e-009 -0.167221
9868.2 14.3994 -4.61814e-009 -0.172047
10141.8 14.8039 -4.68304e-009 -0.177113
10415.5 15.2085 -4.80705e-009 -0.18242
10689.1 15.6132 -4.92655e-009 -0.187967
10962.6 16.0179 -5.06968e-009 -0.193755
11236.2 16.4227 -5.17641e-009 -0.199784
11509.7 16.8275 -5.30014e-009 -0.206054
11783.2 17.2324 -5.19894e-009 -0.212566
12056.7 17.6374 -5.52077e-009 -0.219319
12330.1 18.0424 -5.63943e-009 -0.226313
12603.5 18.4475 -5.74397e-009 -0.23355
12876.9 18.8527 -6.67913e-009 -0.241028
13150.3 19.2579 -5.82626e-009 -0.248749
13423.6 19.6632 -6.63652e-009 -0.256712
13697 20.0686 -6.1848e-009 -0.264918
13970.3 20.474 -6.19759e-009 -0.273366
