274.553 0.413951 -8.1582e-010 -0.160814
549.081 1.05752 -1.01481e-009 -0.142335
823.585 1.70115 -1.31494e-009 -0.124258
1098.06 2.34484 -1.78511e-009 -0.106583
1372.52 2.98858 -2.12286e-009 -0.0893109
1646.95 3.63239 -2.56707e-009 -0.0724416
1921.35 4.27625 -3.02856e-009 -0.0559752
2195.73 4.92016 -3.38905e-009 -0.0399117
2470.09 5.56414 -3.82206e-009 -0.0242512
2744.42 6.20817 -4.31914e-009 -0.00899391
3018.72 6.85226 -4.72801e-009 0.00586014
3293 7.49641 -5.10704e-009 0.0203108
3567.26 8.14062 -5.6246e-009 0.034358
3841.49 8.78489 -6.03892e-009 0.0480017
4115.69 9.42921 -5.61986e-009 0.0612416
4389.87 10.0736 -6.67436e-009 0.0740778
4664.03 10.718 -7.1568e-009 0.0865101
4938.16 11.3625 -7.71444e-009 0.0985383
5212.27 12.0071 -8.10543e-009 0.110162
5486.35 12.6517 -8.53663e-009 0.121382
5760.4 13.2964 -9.01103e-009 0.132198
6034.43 13.9411 -9.74838e-009 0.142609
6308.44 14.5859 -9.87979e-009 0.152615
6582.41 15.2308 -1.01539e-008 0.162217
6856.37 15.8757 -1.07494e-008 0.171414
7130.3 16.5207 -1.08406e-008 0.180206
7404.2 17.1657 -1.17506e-008 0.188594
7678.08 17.8108 -1.20632e-008 0.196575
7951.93 18.456 -1.27549e-008 0.204152
8225.76 19.1012 -1.29254e-008 0.211323
8499.57 19.7465 -1.33723e-008 0.218089
8773.34 20.3918 -1.3742e-008 0.224449
9047.09 21.0372 -1.42568e-008 0.230404
9320.82 21.6827 -1.4664e-008 0.235952
9594.52 22.3282 -1.26749e-008 0.241095
9868.2 22.9738 -1.56135e-008 0.245831
10141.8 23.6194 -1.59693e-008 0.250162
10415.5 24.2651 -1.64115e-008 0.254085
10689.1 24.9109 -1.68415e-008 0.257603
10962.6 25.5567 -1.73438e-008 0.260714
11236.2 26.2026 -1.77733e-008 0.263418
11509.7 26.8486 -1.823e-008 0.265715
11783.2 27.4946 -1.83346e-008 0.267605
12056.7 28.1407 -1.91024e-008 0.269088
12330.1 28.7868 -1.95734e-008 0.270164
12603.5 29.433 -1.99947e-008 0.270833
12876.9 30.0793 -2.1642e-008 0.271094
13150.3 30.7256 -2.0599e-008 0.270947
13423.6 31.372 -2.21903e-008 0.270393
13697 32.0184 -2.17751e-008 0.26943
13970.3 32.6649 -2.21401e-008 0.26806
