274.553 0.382633 1.18148e-010 -0.117077
549.081 0.951945 -1.79506e-011 -0.150264
823.585 1.52128 -3.40456e-012 -0.183782
1098.06 2.09065 -2.16357e-011 -0.21763
1372.52 2.66003 -1.9748e-011 -0.251809
1646.95 3.22945 -6.09116e-012 -0.286318
1921.35 3.79889 4.21424e-012 -0.321159
2195.73 4.36835 5.01663e-013 -0.35633
2470.09 4.93784 6.60257e-012 -0.391832
2744.42 5.50736 -1.35293e-011 -0.427665
3018.72 6.07691 1.5393e-011 -0.463829
3293 6.64648 4.35664e-011 -0.500324
3567.26 7.21607 6.92932e-012 -0.53715
3841.49 7.7857 -1.14161e-011 -0.574308
4115.69 8.35535 3.46131e-010 -0.611797
4389.87 8.92502 3.48444e-011 -0.649617
4664.03 9.49473 -3.19479e-011 -0.687769
4938.16 10.0645 3.42716e-012 -0.726252
5212.27 10.6342 1.40872e-012 -0.765067
5486.35 11.204 3.51065e-011 -0.804213
5760.4 11.7738 -5.85577e-012 -0.843691
6034.43 12.3437 -8.31705e-011 -0.883501
6308.44 12.9135 -4.41732e-014 -0.923643
6582.41 13.4834 -8.8085e-012 -0.964117
6856.37 14.0533 -1.88893e-013 -1.00492
7130.3 14.6233 1.52249e-010 -1.04606
7404.2 15.1933 -1.38659e-010 -1.08753
7678.08 15.7633 -1.12711e-011 -1.12933
7951.93 16.3333 3.17776e-010 -1.17147
8225.76 16.9034 3.0382e-012 -1.21394
8499.57 17.4735 9.57536e-013 -1.25674
8773.34 18.0436 2.3445e-011 -1.29987
9047.09 18.6138 -1.66753e-012 -1.34333
9320.82 19.1839 1.50337e-011 -1.38713
9594.52 19.7542 6.24524e-010 -1.43126
9868.2 20.3244 -5.39805e-011 -1.47573
10141.8 20.8947 1.01739e-011 -1.52052
10415.5 21.465 1.18792e-011 -1.56565
10689.1 22.0353 3.99981e-011 -1.61111
10962.6 22.6056 -1.04037e-012 -1.65691
11236.2 23.176 2.16737e-012 -1.70304
11509.7 23.7465 3.65739e-012 -1.7495
11783.2 24.3169 -2.69369e-010 -1.7963
12056.7 24.8874 1.52114e-012 -1.84343
12330.1 25.4579 -2.47794e-011 -1.89089
12603.5 26.0284 2.91998e-012 -1.93869
12876.9 26.599 -3.66566e-010 -1.98682
13150.3 27.1696 9.11835e-011 -2.03529
13423.6 27.7402 -2.50813e-010 -2.08409
13697 28.3109 -2.03782e-012 -2.13322
13970.3 28.8816 -2.76611e-011 -2.18269
