274.553 0.552526 -6.17772e-011 -0.145436
549.081 1.54142 -1.8254e-010 -0.0522845
823.585 2.53038 -4.1989e-011 0.0402394
1098.06 3.51939 -1.42304e-010 0.132136
1372.52 4.50847 -3.52674e-011 0.223405
1646.95 5.49761 -3.5145e-011 0.314047
1921.35 6.48681 -6.22266e-011 0.404062
2195.73 7.47607 4.94041e-012 0.493449
2470.09 8.46538 4.25162e-012 0.582208
2744.42 9.45476 -7.48704e-011 0.67034
3018.72 10.4442 5.2042e-012 0.757845
3293 11.4337 5.46153e-011 0.844722
3567.26 12.4233 1.60284e-011 0.930971
3841.49 13.4129 -7.37978e-011 1.01659
4115.69 14.4026 1.02353e-009 1.10159
4389.87 15.3923 2.16876e-010 1.18595
4664.03 16.3821 -9.56265e-011 1.26969
4938.16 17.372 1.4871e-011 1.3528
5212.27 18.3619 3.37605e-011 1.43528
5486.35 19.3519 6.92908e-011 1.51714
5760.4 20.3419 -9.55078e-012 1.59836
6034.43 21.332 -3.54646e-010 1.67896
6308.44 22.3222 -5.53964e-013 1.75893
6582.41 23.3124 1.22005e-010 1.83827
6856.37 24.3027 2.14866e-012 1.91698
7130.3 25.293 5.17164e-010 1.99507
7404.2 26.2834 -3.07232e-010 2.07253
7678.08 27.2739 -2.28762e-011 2.14935
7951.93 28.2644 5.42684e-010 2.22555
8225.76 29.255 2.02435e-011 2.30112
8499.57 30.2456 8.63298e-012 2.37607
8773.34 31.2363 8.47217e-011 2.45038
9047.09 32.2271 -6.40764e-012 2.52407
9320.82 33.2179 5.48249e-011 2.59712
9594.52 34.2088 2.97073e-009 2.66955
9868.2 35.1997 -1.05085e-010 2.74135
10141.8 36.1907 2.80881e-011 2.81252
10415.5 37.1818 5.57019e-011 2.88306
10689.1 38.1729 9.35593e-011 2.95297
10962.6 39.1641 -5.59228e-012 3.02225
11236.2 40.1553 8.3399e-012 3.09091
11509.7 41.1466 -1.34183e-012 3.15893
11783.2 42.138 -1.50417e-010 3.22633
12056.7 43.1294 3.9796e-012 3.29309
12330.1 44.1208 -6.77011e-011 3.35923
12603.5 45.1124 5.73502e-012 3.42473
12876.9 46.104 -1.55937e-009 3.48961
13150.3 47.0956 4.11074e-010 3.55386
13423.6 48.0873 -1.13309e-009 3.61747
13697 49.0791 -3.37e-012 3.68046
13970.3 50.0709 2.45476e-011 3.74282
