274.553 0.428717 -5.83401e-010 -0.093985
549.081 1.08619 -2.10377e-009 -0.0613156
823.585 1.74374 -3.20044e-009 -0.0290365
1098.06 2.40136 -4.2996e-009 0.00285245
1372.52 3.05905 -5.40216e-009 0.034351
1646.95 3.71682 -6.44269e-009 0.0654591
1921.35 4.37465 -7.48489e-009 0.0961767
2195.73 5.03256 -8.59424e-009 0.126504
2470.09 5.69053 -9.65653e-009 0.15644
2744.42 6.34858 -1.07349e-008 0.185985
3018.72 7.00671 -1.17499e-008 0.21514
3293 7.6649 -1.28171e-008 0.243903
3567.26 8.32317 -1.38691e-008 0.272276
3841.49 8.98151 -1.5033e-008 0.300257
4115.69 9.63992 -1.58796e-008 0.327847
4389.87 10.2984 -1.71961e-008 0.355046
4664.03 10.957 -1.84772e-008 0.381853
4938.16 11.6156 -1.93299e-008 0.408269
5212.27 12.2743 -2.0437e-008 0.434293
5486.35 12.9331 -2.14581e-008 0.459925
5760.4 13.5919 -2.25888e-008 0.485165
6034.43 14.2508 -2.36812e-008 0.510014
6308.44 14.9098 -2.47351e-008 0.53447
6582.41 15.5689 -2.59078e-008 0.558535
6856.37 16.228 -2.68944e-008 0.582207
7130.3 16.8873 -2.78303e-008 0.605486
7404.2 17.5465 -2.92656e-008 0.628374
7678.08 18.2059 -3.01578e-008 0.650868
7951.93 18.8653 -3.02838e-008 0.672971
8225.76 19.5248 -3.22929e-008 0.69468
8499.57 20.1844 -3.33758e-008 0.715996
8773.34 20.8441 -3.44502e-008 0.73692
9047.09 21.5038 -3.55428e-008 0.75745
9320.82 22.1636 -3.66066e-008 0.777588
9594.52 22.8235 -3.76228e-008 0.797332
9868.2 23.4835 -3.8874e-008 0.816682
10141.8 24.1435 -3.98822e-008 0.835639
10415.5 24.8036 -4.09535e-008 0.854203
10689.1 25.4638 -4.19955e-008 0.872372
10962.6 26.124 -4.31246e-008 0.890148
11236.2 26.7844 -4.42102e-008 0.90753
11509.7 27.4448 -4.52853e-008 0.924518
11783.2 28.1053 -4.70988e-008 0.941112
12056.7 28.7658 -4.74701e-008 0.957311
12330.1 29.4264 -4.86015e-008 0.973116
12603.5 30.0872 -4.96356e-008 0.988527
12876.9 30.7479 -5.09103e-008 1.00354
13150.3 31.4088 -5.17537e-008 1.01816
13423.6 32.0697 -5.30061e-008 1.03239
13697 32.7307 -5.39957e-008 1.04622
13970.3 33.3918 -5.51588e-008 1.05966
