274.553 0.296424 -3.54125e-011 -0.103211
549.081 0.72885 -7.00125e-011 -0.0289371
823.585 1.16138 -1.88627e-011 0.0450761
1098.06 1.59401 -4.41383e-011 0.118828
1372.52 2.02675 -1.09176e-011 0.192319
1646.95 2.4596 -1.17786e-011 0.265549
1921.35 2.89255 -1.95421e-011 0.338518
2195.73 3.3256 1.79734e-012 0.411225
2470.09 3.75876 2.51506e-012 0.48367
2744.42 4.19203 -2.67495e-011 0.555853
3018.72 4.6254 6.27296e-013 0.627775
3293 5.05887 1.56124e-011 0.699434
3567.26 5.49246 4.75523e-012 0.770831
3841.49 5.92615 -2.46065e-011 0.841966
4115.69 6.35994 3.89742e-010 0.912838
4389.87 6.79384 7.18225e-011 0.983447
4664.03 7.22785 -3.24393e-011 1.05379
4938.16 7.66197 8.93246e-013 1.12388
5212.27 8.09619 1.16345e-011 1.1937
5486.35 8.53052 2.44186e-011 1.26325
5760.4 8.96496 -3.0441e-012 1.33255
6034.43 9.3995 -1.52645e-010 1.40158
6308.44 9.83416 -1.64817e-013 1.47034
6582.41 10.2689 4.96315e-011 1.53884
6856.37 10.7038 7.0432e-013 1.60708
7130.3 11.1388 1.87058e-010 1.67505
7404.2 11.5738 -1.04365e-010 1.74276
7678.08 12.009 -7.28094e-012 1.81021
7951.93 12.4443 1.77857e-010 1.87739
8225.76 12.8797 6.19736e-012 1.9443
8499.57 13.3153 1.44347e-012 2.01095
8773.34 13.7509 3.37482e-011 2.07734
9047.09 14.1866 -1.81346e-012 2.14345
9320.82 14.6225 1.58e-011 2.20931
9594.52 15.0584 1.11452e-009 2.2749
9868.2 15.4945 -4.00447e-011 2.34022
10141.8 15.9307 1.65271e-011 2.40527
10415.5 16.367 2.02383e-011 2.47006
10689.1 16.8034 3.24708e-011 2.53458
10962.6 17.2399 -2.03153e-012 2.59884
11236.2 17.6765 2.88387e-012 2.66283
11509.7 18.1132 -4.56905e-013 2.72655
11783.2 18.5501 -2.90749e-011 2.79001
12056.7 18.987 9.03659e-013 2.8532
12330.1 19.4241 -2.43418e-011 2.91612
12603.5 19.8612 1.99404e-012 2.97877
12876.9 20.2985 -5.96121e-010 3.04116
13150.3 20.7359 1.39613e-010 3.10327
13423.6 21.1734 -4.0974e-010 3.16512
13697 21.6111 -1.07927e-012 3.2267
13970.3 22.0488 2.91344e-011 3.28802
