274.553 0.442323 1.44671e-010 -0.12631
549.081 1.12841 -2.43238e-011 -0.161713
823.585 1.81453 -4.44975e-012 -0.197525
1098.06 2.50067 -2.83025e-011 -0.233747
1372.52 3.18683 -2.57669e-011 -0.270379
1646.95 3.87302 -7.92977e-012 -0.30742
1921.35 4.55924 5.33618e-012 -0.344872
2195.73 5.24548 6.44281e-013 -0.382734
2470.09 5.93175 8.33489e-012 -0.421005
2744.42 6.61805 -1.76444e-011 -0.459687
3018.72 7.30437 1.86423e-011 -0.498779
3293 7.99072 5.6479e-011 -0.538281
3567.26 8.67709 8.60364e-012 -0.578194
3841.49 9.36349 -1.5036e-011 -0.618517
4115.69 10.0499 4.45084e-010 -0.65925
4389.87 10.7364 4.55616e-011 -0.700394
4664.03 11.4228 -3.98765e-011 -0.741948
4938.16 12.1094 4.55254e-012 -0.783914
5212.27 12.7959 2.17067e-012 -0.82629
5486.35 13.4824 4.41933e-011 -0.869077
5760.4 14.169 -7.60025e-012 -0.912274
6034.43 14.8557 -1.07056e-010 -0.955883
6308.44 15.5423 -9.42847e-014 -0.999903
6582.41 16.229 -1.10172e-011 -1.04433
6856.37 16.9157 -2.47292e-013 -1.08918
7130.3 17.6024 1.96619e-010 -1.13443
7404.2 18.2891 -1.79584e-010 -1.1801
7678.08 18.9759 -1.4718e-011 -1.22617
7951.93 19.6627 4.03463e-010 -1.27266
8225.76 20.3496 3.99192e-012 -1.31956
8499.57 21.0364 1.27741e-012 -1.36687
8773.34 21.7233 3.04118e-011 -1.41459
9047.09 22.4102 -2.18821e-012 -1.46273
9320.82 23.0972 1.98114e-011 -1.51128
9594.52 23.7842 8.0994e-010 -1.56024
9868.2 24.4712 -6.71987e-011 -1.60961
10141.8 25.1582 1.29946e-011 -1.65939
10415.5 25.8453 1.53821e-011 -1.70959
10689.1 26.5324 5.23456e-011 -1.7602
10962.6 27.2195 -1.38849e-012 -1.81122
11236.2 27.9066 2.81475e-012 -1.86265
11509.7 28.5938 4.50698e-012 -1.9145
11783.2 29.281 -3.54825e-010 -1.96676
12056.7 29.9682 1.93365e-012 -2.01943
12330.1 30.6555 -3.07508e-011 -2.07252
12603.5 31.3428 3.70418e-012 -2.12601
12876.9 32.0301 -4.72351e-010 -2.17992
13150.3 32.7175 1.19549e-010 -2.23425
13423.6 33.4049 -3.26197e-010 -2.28899
13697 34.0923 -2.63517e-012 -2.34414
13970.3 34.7797 -3.45977e-011 -2.3997
