274.553 0.366655 -6.40641e-010 -0.0791113
549.081 0.906209 -2.07762e-009 -0.0414862
823.585 1.44584 -3.15e-009 -0.00416704
1098.06 1.98554 -4.23194e-009 0.0328462
1372.52 2.52531 -5.30855e-009 0.0695533
1646.95 3.06516 -6.33698e-009 0.105954
1921.35 3.60508 -7.36713e-009 0.142049
2195.73 4.14508 -8.44991e-009 0.177838
2470.09 4.68515 -9.49582e-009 0.21332
2744.42 5.22529 -1.05496e-008 0.248496
3018.72 5.76551 -1.15473e-008 0.283365
3293 6.30581 -1.26017e-008 0.317928
3567.26 6.84618 -1.36297e-008 0.352184
3841.49 7.38662 -1.47645e-008 0.386133
4115.69 7.92714 -1.56858e-008 0.419775
4389.87 8.46773 -1.68865e-008 0.453111
4664.03 9.0084 -1.81146e-008 0.48614
4938.16 9.54915 -1.89742e-008 0.518861
5212.27 10.09 -2.00577e-008 0.551275
5486.35 10.6309 -2.10637e-008 0.583382
5760.4 11.1718 -2.21613e-008 0.615182
6034.43 11.7129 -2.3193e-008 0.646674
6308.44 12.254 -2.42621e-008 0.677859
6582.41 12.7952 -2.53995e-008 0.708736
6856.37 13.3365 -2.63728e-008 0.739306
7130.3 13.8778 -2.7317e-008 0.769567
7404.2 14.4193 -2.86527e-008 0.799521
7678.08 14.9608 -2.95574e-008 0.829167
7951.93 15.5024 -2.97821e-008 0.858505
8225.76 16.044 -3.16459e-008 0.887535
8499.57 16.5858 -3.27017e-008 0.916256
8773.34 17.1276 -3.37581e-008 0.94467
9047.09 17.6695 -3.48145e-008 0.972774
9320.82 18.2114 -3.58568e-008 1.00057
9594.52 18.7535 -3.6958e-008 1.02806
9868.2 19.2956 -3.80512e-008 1.05524
10141.8 19.8378 -3.90479e-008 1.08211
10415.5 20.3801 -4.009e-008 1.10867
10689.1 20.9224 -4.11086e-008 1.13492
10962.6 21.4649 -4.22011e-008 1.16086
11236.2 22.0074 -4.32582e-008 1.1865
11509.7 22.55 -4.43054e-008 1.21182
11783.2 23.0927 -4.5915e-008 1.23684
12056.7 23.6354 -4.64264e-008 1.26154
12330.1 24.1783 -4.7524e-008 1.28594
12603.5 24.7212 -4.85343e-008 1.31003
12876.9 25.2642 -4.9639e-008 1.33381
13150.3 25.8072 -5.05989e-008 1.35727
13423.6 26.3504 -5.17508e-008 1.38043
13697 26.8936 -5.2767e-008 1.40328
13970.3 27.4369 -5.39063e-008 1.42581
