274.553 0.0233486 2.4276e-009 -0.0511852
549.081 0.0537843 4.88548e-009 -0.0607007
823.585 0.0842405 7.30442e-009 -0.070242
1098.06 0.114717 9.72537e-009 -0.0798091
1372.52 0.145214 1.21566e-008 -0.0894022
1646.95 0.175732 1.45855e-008 -0.0990213
1921.35 0.20627 1.70246e-008 -0.108666
2195.73 0.236829 1.94769e-008 -0.118338
2470.09 0.267408 2.19305e-008 -0.128035
2744.42 0.298007 2.43898e-008 -0.137759
3018.72 0.328627 2.68531e-008 -0.147509
3293 0.359268 2.93383e-008 -0.157285
3567.26 0.389929 3.18073e-008 -0.167088
3841.49 0.420611 3.4314e-008 -0.176917
4115.69 0.451313 3.69077e-008 -0.186773
4389.87 0.482035 3.93404e-008 -0.196655
4664.03 0.512779 4.18718e-008 -0.206564
4938.16 0.543542 4.43623e-008 -0.2165
5212.27 0.574327 4.68991e-008 -0.226463
5486.35 0.605131 4.94322e-008 -0.236452
5760.4 0.635957 5.19774e-008 -0.246469
6034.43 0.666803 5.44689e-008 -0.256512
6308.44 0.697669 5.70891e-008 -0.266583
6582.41 0.728556 5.96713e-008 -0.27668
6856.37 0.759464 6.22306e-008 -0.286805
7130.3 0.790392 6.48332e-008 -0.296957
7404.2 0.821341 6.74019e-008 -0.307136
7678.08 0.852311 6.99996e-008 -0.317343
7951.93 0.883301 7.24867e-008 -0.327577
8225.76 0.914311 7.52142e-008 -0.337839
8499.57 0.945343 7.78309e-008 -0.348129
8773.34 0.976394 8.04652e-008 -0.358446
9047.09 1.00747 8.30908e-008 -0.36879
9320.82 1.03856 8.57342e-008 -0.379163
9594.52 1.06967 8.86084e-008 -0.389563
9868.2 1.10081 9.10306e-008 -0.399991
10141.8 1.13196 9.37052e-008 -0.410448
10415.5 1.16314 9.63716e-008 -0.420932
10689.1 1.19434 9.90459e-008 -0.431444
10962.6 1.22555 1.01729e-007 -0.441985
11236.2 1.25679 1.04422e-007 -0.452554
11509.7 1.28805 1.0712e-007 -0.463151
11783.2 1.31933 1.09885e-007 -0.473777
12056.7 1.35063 1.1254e-007 -0.484431
12330.1 1.38195 1.15263e-007 -0.495113
12603.5 1.41329 1.1799e-007 -0.505824
12876.9 1.44465 1.20559e-007 -0.516564
13150.3 1.47604 1.23481e-007 -0.527333
13423.6 1.50744 1.26131e-007 -0.53813
13697 1.53886 1.28976e-007 -0.548956
13970.3 1.57031 1.3177e-007 -0.559811
