274.553 0.314338 9.22127e-010 -0.0627583
549.081 0.763769 1.15441e-009 -0.0213224
823.585 1.21327 1.68899e-009 0.019873
1098.06 1.66285 2.21388e-009 0.0608278
1372.52 2.11249 2.74754e-009 0.101542
1646.95 2.56221 3.32048e-009 0.142015
1921.35 3.012 3.88639e-009 0.182248
2195.73 3.46186 4.41466e-009 0.22224
2470.09 3.9118 4.9702e-009 0.261991
2744.42 4.36181 5.51628e-009 0.301501
3018.72 4.81189 6.11416e-009 0.34077
3293 5.26204 6.65812e-009 0.379798
3567.26 5.71227 7.22951e-009 0.418585
3841.49 6.16257 7.70387e-009 0.457131
4115.69 6.61294 8.31393e-009 0.495436
4389.87 7.06338 8.77804e-009 0.533499
4664.03 7.5139 9.17477e-009 0.571321
4938.16 7.9645 9.88093e-009 0.608902
5212.27 8.41516 1.03958e-008 0.646241
5486.35 8.8659 1.09818e-008 0.683339
5760.4 9.31672 1.14816e-008 0.720195
6034.43 9.76761 1.20681e-008 0.756809
6308.44 10.2186 1.2565e-008 0.793182
6582.41 10.6696 1.30357e-008 0.829313
6856.37 11.1207 1.36375e-008 0.865202
7130.3 11.5719 1.42715e-008 0.90085
7404.2 12.0232 1.45708e-008 0.936255
7678.08 12.4745 1.52258e-008 0.971418
7951.93 12.9259 1.64739e-008 1.00634
8225.76 13.3774 1.63097e-008 1.04102
8499.57 13.829 1.68412e-008 1.07546
8773.34 14.2806 1.73689e-008 1.10965
9047.09 14.7324 1.79001e-008 1.1436
9320.82 15.1841 1.84391e-008 1.17731
9594.52 15.636 1.88895e-008 1.21078
9868.2 16.088 1.94255e-008 1.244
10141.8 16.54 2.00017e-008 1.27699
10415.5 16.9921 2.05398e-008 1.30973
10689.1 17.4443 2.11006e-008 1.34222
10962.6 17.8965 2.15912e-008 1.37448
11236.2 18.3489 2.21138e-008 1.40649
11509.7 18.8013 2.26447e-008 1.43825
11783.2 19.2537 2.27345e-008 1.46978
12056.7 19.7063 2.36821e-008 1.50106
12330.1 20.159 2.41658e-008 1.5321
12603.5 20.6117 2.4724e-008 1.56289
12876.9 21.0645 2.52423e-008 1.59344
13150.3 21.5174 2.58125e-008 1.62375
13423.6 21.9703 2.62729e-008 1.65382
13697 22.4233 2.67891e-008 1.68364
13970.3 22.8765 2.72186e-008 1.71322
