274.553 0.523079 -5.11727e-010 -0.11604
549.081 1.39894 -2.09333e-009 -0.0934505
823.585 2.27485 -3.16439e-009 -0.0713974
1098.06 3.15081 -4.24478e-009 -0.0498804
1372.52 4.02682 -5.35628e-009 -0.0288996
1646.95 4.90288 -6.37195e-009 -0.00845494
1921.35 5.77899 -7.38632e-009 0.0114534
2195.73 6.65515 -8.49924e-009 0.0308254
2470.09 7.53136 -9.5442e-009 0.0496609
2744.42 8.40762 -1.06191e-008 0.0679599
3018.72 9.28394 -1.16134e-008 0.0857224
3293 10.1603 -1.2624e-008 0.102948
3567.26 11.0367 -1.36843e-008 0.119637
3841.49 11.9132 -1.48538e-008 0.13579
4115.69 12.7897 -1.54293e-008 0.151405
4389.87 13.6663 -1.69723e-008 0.166484
4664.03 14.5429 -1.82755e-008 0.181025
4938.16 15.4196 -1.90773e-008 0.19503
5212.27 16.2963 -2.01668e-008 0.208497
5486.35 17.173 -2.11372e-008 0.221427
5760.4 18.0499 -2.22829e-008 0.23382
6034.43 18.9267 -2.34089e-008 0.245675
6308.44 19.8037 -2.43827e-008 0.256993
6582.41 20.6806 -2.55378e-008 0.267774
6856.37 21.5577 -2.64986e-008 0.278016
7130.3 22.4347 -2.72841e-008 0.287722
7404.2 23.3119 -2.89416e-008 0.296889
7678.08 24.1891 -2.97046e-008 0.305518
7951.93 25.0663 -2.95681e-008 0.31361
8225.76 25.9436 -3.1778e-008 0.321163
8499.57 26.8209 -3.28371e-008 0.328178
8773.34 27.6983 -3.38623e-008 0.334655
9047.09 28.5757 -3.49497e-008 0.340594
9320.82 29.4532 -3.59793e-008 0.345995
9594.52 30.3307 -3.65491e-008 0.350856
9868.2 31.2083 -3.82135e-008 0.35518
10141.8 32.086 -3.91633e-008 0.358965
10415.5 32.9637 -4.02139e-008 0.362211
10689.1 33.8414 -4.11784e-008 0.364918
10962.6 34.7192 -4.23316e-008 0.367086
11236.2 35.597 -4.33833e-008 0.368715
11509.7 36.4749 -4.4426e-008 0.369806
11783.2 37.3529 -4.65323e-008 0.370357
12056.7 38.2309 -4.65502e-008 0.370368
12330.1 39.1089 -4.76501e-008 0.369841
12603.5 39.987 -4.86453e-008 0.368774
12876.9 40.8652 -5.00844e-008 0.367167
13150.3 41.7434 -5.06167e-008 0.36502
13423.6 42.6217 -5.20383e-008 0.362334
13697 43.5 -5.28685e-008 0.359108
13970.3 44.3783 -5.4015e-008 0.355343
