274.553 0.5517 1.82557e-009 -0.160569
549.081 1.53755 4.05363e-009 -0.122784
823.585 2.52344 6.31197e-009 -0.0856139
1098.06 3.50936 8.27209e-009 -0.0490577
1372.52 4.4953 1.05192e-008 -0.0131161
1646.95 5.48128 1.25779e-008 0.0222111
1921.35 6.46729 1.45983e-008 0.0569238
2195.73 7.45333 1.68015e-008 0.091022
2470.09 8.4394 1.88787e-008 0.124506
2744.42 9.4255 2.08601e-008 0.157375
3018.72 10.4116 2.3007e-008 0.189629
3293 11.3978 2.51387e-008 0.221269
3567.26 12.384 2.71319e-008 0.252294
3841.49 13.3702 2.91936e-008 0.282704
4115.69 14.3565 3.25141e-008 0.3125
4389.87 15.3428 3.37563e-008 0.341681
4664.03 16.3291 3.5642e-008 0.370247
4938.16 17.3154 3.76541e-008 0.398198
5212.27 18.3018 3.97838e-008 0.425534
5486.35 19.2882 4.18717e-008 0.452256
5760.4 20.2746 4.39029e-008 0.478362
6034.43 21.2611 4.55699e-008 0.503853
6308.44 22.2476 4.8085e-008 0.52873
6582.41 23.2341 5.038e-008 0.552991
6856.37 24.2207 5.22703e-008 0.576638
7130.3 25.2073 5.48828e-008 0.599669
7404.2 26.1939 5.62349e-008 0.622085
7678.08 27.1806 5.85382e-008 0.643886
7951.93 28.1673 6.05857e-008 0.665071
8225.76 29.154 6.27537e-008 0.685642
8499.57 30.1407 6.48355e-008 0.705596
8773.34 31.1275 6.70104e-008 0.724936
9047.09 32.1143 6.90032e-008 0.74366
9320.82 33.1011 7.11676e-008 0.761769
9594.52 34.088 7.67744e-008 0.779262
9868.2 35.0749 7.51915e-008 0.796139
10141.8 36.0618 7.74296e-008 0.812401
10415.5 37.0488 7.95616e-008 0.828048
10689.1 38.0358 8.16563e-008 0.843078
10962.6 39.0228 8.36807e-008 0.857493
11236.2 40.0098 8.57982e-008 0.871292
11509.7 40.9969 8.78796e-008 0.884475
11783.2 41.984 9.04088e-008 0.897043
12056.7 42.9712 9.20957e-008 0.908994
12330.1 43.9583 9.41285e-008 0.920329
12603.5 44.9455 9.62941e-008 0.931049
12876.9 45.9328 9.65258e-008 0.941152
13150.3 46.92 1.00932e-007 0.950639
13423.6 47.9073 1.01269e-007 0.95951
13697 48.8947 1.04699e-007 0.967764
13970.3 49.882 1.06884e-007 0.975402
