274.553 0.0245879 -2.53555e-009 -0.0511854
549.081 0.0566906 -4.84565e-009 -0.0607015
823.585 0.0888146 -7.20956e-009 -0.0702439
1098.06 0.12096 -9.58674e-009 -0.0798127
1372.52 0.153127 -1.19685e-008 -0.0894079
1646.95 0.185315 -1.43679e-008 -0.0990296
1921.35 0.217524 -1.67721e-008 -0.108678
2195.73 0.249755 -1.9178e-008 -0.118353
2470.09 0.282007 -2.15978e-008 -0.128054
2744.42 0.314281 -2.4027e-008 -0.137783
3018.72 0.346576 -2.6467e-008 -0.147538
3293 0.378892 -2.89002e-008 -0.15732
3567.26 0.41123 -3.13646e-008 -0.167129
3841.49 0.443589 -3.38062e-008 -0.176965
4115.69 0.47597 -3.61744e-008 -0.186828
4389.87 0.508372 -3.87211e-008 -0.196718
4664.03 0.540795 -4.11833e-008 -0.206636
4938.16 0.57324 -4.37007e-008 -0.21658
5212.27 0.605706 -4.61868e-008 -0.226552
5486.35 0.638194 -4.86914e-008 -0.236552
5760.4 0.670703 -5.1199e-008 -0.246578
6034.43 0.703234 -5.37758e-008 -0.256633
6308.44 0.735786 -5.62374e-008 -0.266715
6582.41 0.76836 -5.87523e-008 -0.276824
6856.37 0.800955 -6.13052e-008 -0.286961
7130.3 0.833571 -6.3829e-008 -0.297127
7404.2 0.866209 -6.64029e-008 -0.307319
7678.08 0.898869 -6.89614e-008 -0.31754
7951.93 0.93155 -7.1645e-008 -0.327789
8225.76 0.964253 -7.4104e-008 -0.338066
8499.57 0.996977 -7.6688e-008 -0.348371
8773.34 1.02972 -7.9269e-008 -0.358704
9047.09 1.06249 -8.18737e-008 -0.369066
9320.82 1.09528 -8.44751e-008 -0.379455
9594.52 1.12809 -8.68566e-008 -0.389873
9868.2 1.16092 -8.97127e-008 -0.40032
10141.8 1.19377 -9.23267e-008 -0.410795
10415.5 1.22665 -9.49639e-008 -0.421299
10689.1 1.25955 -9.76077e-008 -0.431831
10962.6 1.29246 -1.00257e-007 -0.442392
11236.2 1.3254 -1.02912e-007 -0.452982
11509.7 1.35837 -1.05576e-007 -0.463601
11783.2 1.39135 -1.08187e-007 -0.474248
12056.7 1.42435 -1.10923e-007 -0.484925
12330.1 1.45738 -1.13606e-007 -0.49563
12603.5 1.49043 -1.16299e-007 -0.506365
12876.9 1.5235 -1.19167e-007 -0.517129
13150.3 1.55659 -1.21691e-007 -0.527923
13423.6 1.5897 -1.24507e-007 -0.538745
13697 1.62284 -1.27139e-007 -0.549597
13970.3 1.65599 -1.29837e-007 -0.560479
