274.553 0.0150114 -2.83333e-009 -0.0511843
549.081 0.0342329 -5.42938e-009 -0.0606956
823.585 0.053469 -8.08115e-009 -0.0702292
1098.06 0.0727197 -1.07442e-008 -0.0797853
1372.52 0.0919849 -1.34131e-008 -0.0893639
1646.95 0.111265 -1.60986e-008 -0.0989651
1921.35 0.130559 -1.87887e-008 -0.108589
2195.73 0.149868 -2.14811e-008 -0.118235
2470.09 0.169191 -2.41867e-008 -0.127905
2744.42 0.188529 -2.69009e-008 -0.137597
3018.72 0.207882 -2.96271e-008 -0.147312
3293 0.227249 -3.23462e-008 -0.157049
3567.26 0.246631 -3.50958e-008 -0.16681
3841.49 0.266027 -3.78219e-008 -0.176594
4115.69 0.285438 -4.04869e-008 -0.186401
4389.87 0.304863 -4.33094e-008 -0.196231
4664.03 0.324303 -4.60538e-008 -0.206084
4938.16 0.343757 -4.88567e-008 -0.215961
5212.27 0.363226 -5.16279e-008 -0.22586
5486.35 0.382709 -5.44174e-008 -0.235784
5760.4 0.402207 -5.72087e-008 -0.24573
6034.43 0.42172 -6.0065e-008 -0.2557
6308.44 0.441247 -6.28156e-008 -0.265694
6582.41 0.460788 -6.56158e-008 -0.275711
6856.37 0.480344 -6.84513e-008 -0.285752
7130.3 0.499914 -7.12637e-008 -0.295817
7404.2 0.519499 -7.41137e-008 -0.305905
7678.08 0.539099 -7.69582e-008 -0.316018
7951.93 0.558713 -7.99297e-008 -0.326154
8225.76 0.578342 -8.26677e-008 -0.336314
8499.57 0.597985 -8.55347e-008 -0.346498
8773.34 0.617642 -8.83996e-008 -0.356706
9047.09 0.637314 -9.12861e-008 -0.366939
9320.82 0.657001 -9.41706e-008 -0.377195
9594.52 0.676702 -9.68644e-008 -0.387476
9868.2 0.696417 -9.99715e-008 -0.397781
10141.8 0.716147 -1.0287e-007 -0.408111
10415.5 0.735891 -1.05789e-007 -0.418465
10689.1 0.75565 -1.08715e-007 -0.428844
10962.6 0.775424 -1.11645e-007 -0.439247
11236.2 0.795212 -1.14582e-007 -0.449675
11509.7 0.815014 -1.17528e-007 -0.460127
11783.2 0.834831 -1.20419e-007 -0.470604
12056.7 0.854662 -1.23437e-007 -0.481106
12330.1 0.874508 -1.264e-007 -0.491633
12603.5 0.894369 -1.29375e-007 -0.502185
12876.9 0.914243 -1.32507e-007 -0.512762
13150.3 0.934133 -1.35332e-007 -0.523364
13423.6 0.954036 -1.38414e-007 -0.533991
13697 0.973954 -1.41337e-007 -0.544643
13970.3 0.993887 -1.44317e-007 -0.555321
