274.553 0.413951 -2.00876e-011 -0.160814
549.081 1.05752 6.34572e-010 -0.142335
823.585 1.70115 1.18882e-009 -0.124258
1098.06 2.34484 1.57396e-009 -0.106583
1372.52 2.98858 2.09228e-009 -0.0893109
1646.95 3.63239 2.50492e-009 -0.0724416
1921.35 4.27625 2.90103e-009 -0.0559752
2195.73 4.92016 3.39903e-009 -0.0399117
2470.09 5.56414 3.82528e-009 -0.0242512
2744.42 6.20817 4.18829e-009 -0.00899391
3018.72 6.85226 4.64035e-009 0.00586014
3293 7.49641 5.12303e-009 0.0203108
3567.26 8.14062 5.46788e-009 0.034358
3841.49 8.78489 5.91673e-009 0.0480017
4115.69 9.42921 7.19991e-009 0.0612416
4389.87 10.0736 7.0102e-009 0.0740778
4664.03 10.718 7.39334e-009 0.0865101
4938.16 11.3625 7.70209e-009 0.0985383
5212.27 12.0071 8.17829e-009 0.110162
5486.35 12.6517 8.61503e-009 0.121382
5760.4 13.2964 9.00932e-009 0.132198
6034.43 13.9411 9.14146e-009 0.142609
6308.44 14.5859 9.88032e-009 0.152615
6582.41 15.2308 1.04773e-008 0.162217
6856.37 15.8757 1.07537e-008 0.171414
7130.3 16.5207 1.15351e-008 0.180206
7404.2 17.1657 1.14984e-008 0.188594
7678.08 17.8108 1.206e-008 0.196575
7951.93 18.456 1.22432e-008 0.204152
8225.76 19.1012 1.29483e-008 0.211323
8499.57 19.7465 1.3378e-008 0.218089
8773.34 20.3918 1.38855e-008 0.224449
9047.09 21.0372 1.42487e-008 0.230404
9320.82 21.6827 1.47203e-008 0.235952
9594.52 22.3282 1.7589e-008 0.241095
9868.2 22.9738 1.55308e-008 0.245831
10141.8 23.6194 1.60559e-008 0.250162
10415.5 24.2651 1.64956e-008 0.254085
10689.1 24.9109 1.69481e-008 0.257603
10962.6 25.5567 1.7329e-008 0.260714
11236.2 26.2026 1.77836e-008 0.263418
11509.7 26.8486 1.82117e-008 0.265715
11783.2 27.4946 1.89927e-008 0.267605
12056.7 28.1407 1.91112e-008 0.269088
12330.1 28.7868 1.95272e-008 0.270164
12603.5 29.433 1.99938e-008 0.270833
12876.9 30.0793 1.9235e-008 0.271094
13150.3 30.7256 2.11673e-008 0.270947
13423.6 31.372 2.04662e-008 0.270393
13697 32.0184 2.17721e-008 0.26943
13970.3 32.6649 2.22986e-008 0.26806
