274.553 0.382641 1.12061e-009 -0.0791143
549.081 0.952004 1.40686e-009 -0.0415109
823.585 1.52144 2.0677e-009 -0.00423428
1098.06 2.09096 2.71652e-009 0.0327154
1372.52 2.66054 3.37253e-009 0.0693382
1646.95 3.23021 4.07774e-009 0.105634
1921.35 3.79995 4.78127e-009 0.141602
2195.73 4.36976 5.43142e-009 0.177244
2470.09 4.93965 6.11923e-009 0.212558
2744.42 5.50962 6.79758e-009 0.247545
3018.72 6.07966 7.53553e-009 0.282204
3293 6.64978 8.21746e-009 0.316536
3567.26 7.21998 8.92107e-009 0.35054
3841.49 7.79025 9.51944e-009 0.384216
4115.69 8.3606 1.03579e-008 0.417565
4389.87 8.93102 1.08706e-008 0.450586
4664.03 9.50152 1.1373e-008 0.483279
4938.16 10.0721 1.22511e-008 0.515643
5212.27 10.6428 1.2903e-008 0.54768
5486.35 11.2135 1.3635e-008 0.579389
5760.4 11.7843 1.42707e-008 0.610769
6034.43 12.3552 1.49696e-008 0.64182
6308.44 12.9261 1.56428e-008 0.672544
6582.41 13.4972 1.62415e-008 0.702938
6856.37 14.0683 1.70054e-008 0.733004
7130.3 14.6395 1.78091e-008 0.762742
7404.2 15.2108 1.81897e-008 0.79215
7678.08 15.7821 1.90314e-008 0.82123
7951.93 16.3536 2.0566e-008 0.84998
8225.76 16.9251 2.04189e-008 0.878401
8499.57 17.4967 2.11008e-008 0.906493
8773.34 18.0683 2.1784e-008 0.934256
9047.09 18.6401 2.24639e-008 0.961689
9320.82 19.2119 2.31611e-008 0.988793
9594.52 19.7838 2.38426e-008 1.01557
9868.2 20.3558 2.44396e-008 1.04201
10141.8 20.9279 2.51856e-008 1.06813
10415.5 21.5 2.58826e-008 1.09391
10689.1 22.0722 2.66051e-008 1.11937
10962.6 22.6445 2.72488e-008 1.14449
11236.2 23.2169 2.79312e-008 1.16928
11509.7 23.7894 2.86236e-008 1.19375
11783.2 24.3619 2.87329e-008 1.21788
12056.7 24.9345 2.99818e-008 1.24168
12330.1 25.5072 3.06225e-008 1.26516
12603.5 26.08 3.13539e-008 1.2883
12876.9 26.6529 3.19633e-008 1.31111
13150.3 27.2258 3.27764e-008 1.33359
13423.6 27.7989 3.33396e-008 1.35574
13697 28.372 3.40821e-008 1.37756
13970.3 28.9452 3.46819e-008 1.39904
