274.553 0.0245904 -3.16311e-012 -0.0284435
549.081 0.0567046 -4.58776e-012 -0.00736966
823.585 0.0888495 -1.3736e-012 0.0136939
1098.06 0.121025 -2.487e-012 0.0347473
1372.52 0.153231 -5.93212e-013 0.0557903
1646.95 0.185468 -7.49789e-013 0.0768229
1921.35 0.217736 -1.04352e-012 0.0978451
2195.73 0.250034 1.12723e-013 0.118857
2470.09 0.282363 1.50986e-013 0.139858
2744.42 0.314723 -1.60963e-012 0.160849
3018.72 0.347113 -8.22602e-014 0.181829
3293 0.379535 7.98996e-013 0.202799
3567.26 0.411987 2.31742e-013 0.223758
3841.49 0.44447 -1.52344e-012 0.244706
4115.69 0.476984 2.6183e-011 0.265643
4389.87 0.509529 4.28551e-012 0.28657
4664.03 0.542105 -2.0855e-012 0.307486
4938.16 0.574711 -1.28969e-013 0.328391
5212.27 0.607349 6.98193e-013 0.349285
5486.35 0.640018 1.49815e-012 0.370168
5760.4 0.672718 -1.74207e-013 0.39104
6034.43 0.705448 -1.13505e-011 0.411901
6308.44 0.73821 -4.08213e-015 0.432751
6582.41 0.771003 3.26446e-012 0.45359
6856.37 0.803827 4.41854e-014 0.474418
7130.3 0.836682 1.14886e-011 0.495234
7404.2 0.869568 -6.32694e-012 0.516039
7678.08 0.902485 -4.32193e-013 0.536833
7951.93 0.935434 1.02365e-011 0.557616
8225.76 0.968414 3.59504e-013 0.578387
8499.57 1.00142 -8.49226e-015 0.599147
8773.34 1.03447 2.24925e-012 0.619895
9047.09 1.06754 -1.02712e-013 0.640632
9320.82 1.10065 8.66598e-013 0.661357
9594.52 1.13378 7.08382e-011 0.68207
9868.2 1.16695 -2.74033e-012 0.702772
10141.8 1.20015 1.26012e-012 0.723462
10415.5 1.23338 1.2636e-012 0.744141
10689.1 1.26664 2.08219e-012 0.764808
10962.6 1.29993 -9.95155e-014 0.785462
11236.2 1.33326 1.70131e-013 0.806105
11509.7 1.36661 -1.74913e-014 0.826737
11783.2 1.4 -1.19819e-012 0.847356
12056.7 1.43342 5.28815e-014 0.867963
12330.1 1.46687 -1.55716e-012 0.888558
12603.5 1.50035 1.30445e-013 0.909141
12876.9 1.53387 -4.00742e-011 0.929712
13150.3 1.56741 7.56145e-012 0.950271
13423.6 1.60099 -2.58937e-011 0.970817
13697 1.6346 -5.25017e-014 0.991351
13970.3 1.66824 3.18736e-012 1.01187
