274.553 0.240091 7.17563e-010 -0.0455546
549.081 0.570338 8.60058e-010 -0.00203546
823.585 0.900645 1.25621e-009 0.0413268
1098.06 1.23101 1.64099e-009 0.0845323
1372.52 1.56144 2.03049e-009 0.127581
1646.95 1.89193 2.44891e-009 0.170473
1921.35 2.22249 2.85585e-009 0.213207
2195.73 2.5531 3.23671e-009 0.255785
2470.09 2.88377 3.63576e-009 0.298206
2744.42 3.21451 4.02365e-009 0.34047
3018.72 3.54531 4.44998e-009 0.382577
3293 3.87617 4.82796e-009 0.424527
3567.26 4.2071 5.23668e-009 0.46632
3841.49 4.53808 5.56015e-009 0.507956
4115.69 4.86913 5.93197e-009 0.549435
4389.87 5.20024 6.29255e-009 0.590757
4664.03 5.53142 6.54897e-009 0.631922
4938.16 5.86265 7.04964e-009 0.67293
5212.27 6.19395 7.3932e-009 0.713781
5486.35 6.52532 7.78801e-009 0.754474
5760.4 6.85675 8.12064e-009 0.795011
6034.43 7.18824 8.55083e-009 0.83539
6308.44 7.51979 8.83608e-009 0.875612
6582.41 7.85141 9.13801e-009 0.915676
6856.37 8.1831 9.53487e-009 0.955584
7130.3 8.51484 9.94714e-009 0.995334
7404.2 8.84666 1.01263e-008 1.03493
7678.08 9.17853 1.05523e-008 1.07436
7951.93 9.51047 1.14358e-008 1.11364
8225.76 9.84248 1.1237e-008 1.15276
8499.57 10.1746 1.15697e-008 1.19172
8773.34 10.5067 1.1893e-008 1.23053
9047.09 10.8389 1.22231e-008 1.26918
9320.82 11.1712 1.25507e-008 1.30767
9594.52 11.5035 1.27397e-008 1.346
9868.2 11.8359 1.3139e-008 1.38418
10141.8 12.1684 1.349e-008 1.4222
10415.5 12.5009 1.3813e-008 1.46006
10689.1 12.8335 1.41477e-008 1.49776
10962.6 13.1661 1.44319e-008 1.53531
11236.2 13.4989 1.47351e-008 1.57269
11509.7 13.8317 1.5043e-008 1.60992
11783.2 14.1645 1.50147e-008 1.64699
12056.7 14.4975 1.56337e-008 1.68391
12330.1 14.8305 1.58996e-008 1.72067
12603.5 15.1635 1.62175e-008 1.75726
12876.9 15.4967 1.65416e-008 1.7937
13150.3 15.8299 1.68482e-008 1.82999
13423.6 16.1631 1.7102e-008 1.86611
13697 16.4965 1.73482e-008 1.90208
13970.3 16.8299 1.75267e-008 1.93789
