274.553 0.480934 1.53737e-009 -0.106666
549.081 1.25101 2.02564e-009 -0.0793707
823.585 2.02115 2.99898e-009 -0.0525431
1098.06 2.79135 3.96326e-009 -0.0261831
1372.52 3.56162 4.91035e-009 -0.00029089
1646.95 4.33195 5.93667e-009 0.0251335
1921.35 5.10234 6.96274e-009 0.0500901
2195.73 5.87279 7.90854e-009 0.0745786
2470.09 6.64331 8.91161e-009 0.0985991
2744.42 7.4139 9.89229e-009 0.122151
3018.72 8.18454 1.0944e-008 0.145236
3293 8.95525 1.19576e-008 0.167851
3567.26 9.72602 1.29637e-008 0.189999
3841.49 10.4969 1.38529e-008 0.211678
4115.69 11.2678 1.51972e-008 0.232888
4389.87 12.0387 1.5829e-008 0.25363
4664.03 12.8097 1.65922e-008 0.273902
4938.16 13.5808 1.78268e-008 0.293706
5212.27 14.352 1.87857e-008 0.313042
5486.35 15.1232 1.98443e-008 0.331908
5760.4 15.8945 2.0772e-008 0.350304
6034.43 16.6658 2.17287e-008 0.368232
6308.44 17.4373 2.27689e-008 0.38569
6582.41 18.2087 2.36638e-008 0.402679
6856.37 18.9803 2.47525e-008 0.419199
7130.3 19.7519 2.59395e-008 0.435248
7404.2 20.5235 2.6469e-008 0.450828
7678.08 21.2953 2.77019e-008 0.465939
7951.93 22.0671 2.97529e-008 0.480579
8225.76 22.8389 2.97211e-008 0.494749
8499.57 23.6109 3.07123e-008 0.508449
8773.34 24.3829 3.17269e-008 0.521679
9047.09 25.1549 3.26981e-008 0.534439
9320.82 25.927 3.3715e-008 0.546728
9594.52 26.6992 3.49854e-008 0.558547
9868.2 27.4715 3.5587e-008 0.569895
10141.8 28.2438 3.66762e-008 0.580772
10415.5 29.0162 3.76787e-008 0.591179
10689.1 29.7886 3.87428e-008 0.601115
10962.6 30.5611 3.96636e-008 0.610579
11236.2 31.3337 4.06594e-008 0.619572
11509.7 32.1064 4.16661e-008 0.628095
11783.2 32.8791 4.17729e-008 0.636145
12056.7 33.6518 4.36424e-008 0.643725
12330.1 34.4247 4.45908e-008 0.650832
12603.5 35.1976 4.56433e-008 0.657468
12876.9 35.9706 4.63443e-008 0.663632
13150.3 36.7436 4.77306e-008 0.669325
13423.6 37.5167 4.84697e-008 0.674545
13697 38.2899 4.96174e-008 0.679293
13970.3 39.0631 5.05298e-008 0.683569
