274.553 0.221202 -5.72409e-010 -0.0455504
549.081 0.522122 -1.68438e-009 -0.00200811
823.585 0.823099 -2.54533e-009 0.0413976
1098.06 1.12413 -3.41015e-009 0.0846666
1372.52 1.42522 -4.26582e-009 0.127799
1646.95 1.72637 -5.08755e-009 0.170795
1921.35 2.02758 -5.91498e-009 0.213654
2195.73 2.32884 -6.76205e-009 0.256377
2470.09 2.63016 -7.58588e-009 0.298963
2744.42 2.93154 -8.41373e-009 0.341412
3018.72 3.23298 -9.2003e-009 0.383725
3293 3.53448 -1.00295e-008 0.425901
3567.26 3.83603 -1.08188e-008 0.46794
3841.49 4.13764 -1.16888e-008 0.509843
4115.69 4.43932 -1.25255e-008 0.551609
4389.87 4.74105 -1.33309e-008 0.593238
4664.03 5.04284 -1.42483e-008 0.634731
4938.16 5.34468 -1.49214e-008 0.676087
5212.27 5.64659 -1.5744e-008 0.717306
5486.35 5.94856 -1.65116e-008 0.758388
5760.4 6.25059 -1.73318e-008 0.799333
6034.43 6.55267 -1.80466e-008 0.840142
6308.44 6.85482 -1.89098e-008 0.880814
6582.41 7.15702 -1.97455e-008 0.921349
6856.37 7.45929 -2.04817e-008 0.961748
7130.3 7.76162 -2.12048e-008 1.00201
7404.2 8.064 -2.21308e-008 1.04213
7678.08 8.36645 -2.28275e-008 1.08212
7951.93 8.66896 -2.30722e-008 1.12197
8225.76 8.97153 -2.43582e-008 1.16169
8499.57 9.27416 -2.51241e-008 1.20126
8773.34 9.57685 -2.58953e-008 1.2407
9047.09 9.87961 -2.66515e-008 1.28001
9320.82 10.1824 -2.74067e-008 1.31917
9594.52 10.4853 -2.83282e-008 1.3582
9868.2 10.7882 -2.89617e-008 1.39709
10141.8 11.0912 -2.96795e-008 1.43585
10415.5 11.3943 -3.04163e-008 1.47447
10689.1 11.6974 -3.1137e-008 1.51295
10962.6 12.0006 -3.18989e-008 1.55129
11236.2 12.3039 -3.26386e-008 1.5895
11509.7 12.6072 -3.33679e-008 1.62757
11783.2 12.9105 -3.44127e-008 1.6655
12056.7 13.214 -3.48345e-008 1.70329
12330.1 13.5175 -3.55874e-008 1.74095
12603.5 13.821 -3.62857e-008 1.77847
12876.9 14.1247 -3.69502e-008 1.81586
13150.3 14.4284 -3.76727e-008 1.8531
13423.6 14.7321 -3.83976e-008 1.89021
13697 15.0359 -3.91577e-008 1.92718
13970.3 15.3398 -3.99647e-008 1.96402
