274.553 0.145152 7.94734e-010 -0.0283212
549.081 0.33513 1.15995e-009 0.0147487
823.585 0.525147 1.69836e-009 0.0577522
1098.06 0.715205 2.22694e-009 0.100689
1372.52 0.905303 2.75306e-009 0.14356
1646.95 1.09544 3.29702e-009 0.186365
1921.35 1.28562 3.82609e-009 0.229104
2195.73 1.47584 4.33427e-009 0.271776
2470.09 1.6661 4.85104e-009 0.314382
2744.42 1.8564 5.35659e-009 0.356923
3018.72 2.04674 5.88469e-009 0.399397
3293 2.23713 6.36543e-009 0.441805
3567.26 2.42755 6.88178e-009 0.484147
3841.49 2.61802 7.31886e-009 0.526423
4115.69 2.80852 7.72942e-009 0.568633
4389.87 2.99907 8.23915e-009 0.610777
4664.03 3.18966 8.61936e-009 0.652855
4938.16 3.38029 9.17477e-009 0.694867
5212.27 3.57097 9.60649e-009 0.736814
5486.35 3.76168 1.00723e-008 0.778694
5760.4 3.95244 1.04893e-008 0.820509
6034.43 4.14324 1.10006e-008 0.862258
6308.44 4.33408 1.13436e-008 0.903941
6582.41 4.52496 1.17257e-008 0.945559
6856.37 4.71589 1.21693e-008 0.987111
7130.3 4.90686 1.26002e-008 1.0286
7404.2 5.09787 1.29144e-008 1.07002
7678.08 5.28893 1.3353e-008 1.11137
7951.93 5.48002 1.41399e-008 1.15266
8225.76 5.67117 1.41236e-008 1.19389
8499.57 5.86235 1.44975e-008 1.23504
8773.34 6.05358 1.48549e-008 1.27614
9047.09 6.24485 1.52205e-008 1.31716
9320.82 6.43616 1.55739e-008 1.35813
9594.52 6.62752 1.57177e-008 1.39902
9868.2 6.81892 1.62394e-008 1.43985
10141.8 7.01037 1.65821e-008 1.48062
10415.5 7.20185 1.69186e-008 1.52132
10689.1 7.39339 1.72588e-008 1.56195
10962.6 7.58496 1.75575e-008 1.60252
11236.2 7.77659 1.7865e-008 1.64303
11509.7 7.96825 1.81718e-008 1.68346
11783.2 8.15996 1.82298e-008 1.72384
12056.7 8.35172 1.87536e-008 1.76415
12330.1 8.54352 1.90199e-008 1.80439
12603.5 8.73536 1.93136e-008 1.84457
12876.9 8.92725 1.97013e-008 1.88468
13150.3 9.11918 1.98861e-008 1.92473
13423.6 9.31116 2.01733e-008 1.96471
13697 9.50319 2.03556e-008 2.00463
13970.3 9.69526 2.05206e-008 2.04448
