274.553 0.512476 -1.03817e-009 -0.163526
549.081 1.37857 -1.48015e-009 -0.131292
823.585 2.2447 -1.96212e-009 -0.0996036
1098.06 3.11088 -2.69956e-009 -0.0684618
1372.52 3.97711 -3.19818e-009 -0.0378664
1646.95 4.84338 -3.85929e-009 -0.00781767
1921.35 5.7097 -4.55057e-009 0.0216845
2195.73 6.57606 -5.08967e-009 0.05064
2470.09 7.44247 -5.73546e-009 0.0790488
2744.42 8.30892 -6.46557e-009 0.106911
3018.72 9.17542 -7.05485e-009 0.134226
3293 10.042 -7.64757e-009 0.160994
3567.26 10.9085 -8.3863e-009 0.187215
3841.49 11.7752 -9.02384e-009 0.21289
4115.69 12.6419 -8.572e-009 0.238017
4389.87 13.5086 -9.97353e-009 0.262597
4664.03 14.3754 -1.07472e-008 0.28663
4938.16 15.2422 -1.14933e-008 0.310115
5212.27 16.109 -1.20857e-008 0.333054
5486.35 16.9759 -1.2726e-008 0.355444
5760.4 17.8429 -1.34138e-008 0.377288
6034.43 18.7099 -1.44222e-008 0.398584
6308.44 19.5769 -1.46875e-008 0.419332
6582.41 20.444 -1.51341e-008 0.439532
6856.37 21.3112 -1.59595e-008 0.459185
7130.3 22.1783 -1.61546e-008 0.47829
7404.2 23.0456 -1.74169e-008 0.496847
7678.08 23.9128 -1.78768e-008 0.514856
7951.93 24.7802 -1.86602e-008 0.532317
8225.76 25.6475 -1.91267e-008 0.54923
8499.57 26.5149 -1.9774e-008 0.565595
8773.34 27.3824 -2.0333e-008 0.581412
9047.09 28.2499 -2.10614e-008 0.59668
9320.82 29.1175 -2.16414e-008 0.6114
9594.52 29.985 -1.91531e-008 0.625572
9868.2 30.8527 -2.30389e-008 0.639195
10141.8 31.7204 -2.35558e-008 0.652269
10415.5 32.5881 -2.41707e-008 0.664794
10689.1 33.4559 -2.481e-008 0.676771
10962.6 34.3237 -2.5506e-008 0.688199
11236.2 35.1916 -2.61244e-008 0.699078
11509.7 36.0595 -2.67758e-008 0.709408
11783.2 36.9275 -2.69848e-008 0.719189
12056.7 37.7955 -2.80236e-008 0.728421
12330.1 38.6635 -2.87139e-008 0.737103
12603.5 39.5316 -2.92968e-008 0.745236
12876.9 40.3998 -3.15426e-008 0.75282
13150.3 41.268 -3.01871e-008 0.759854
13423.6 42.1362 -3.23935e-008 0.766339
13697 43.0045 -3.18283e-008 0.772274
13970.3 43.8729 -3.23781e-008 0.777659
