274.553 0.521208 -1.27243e-009 -0.163527
549.081 1.41261 -1.9288e-009 -0.131305
823.585 2.30405 -2.61574e-009 -0.099645
1098.06 3.19553 -3.56701e-009 -0.0685461
1372.52 4.08705 -4.27123e-009 -0.0380086
1646.95 4.97862 -5.14191e-009 -0.00803284
1921.35 5.87022 -6.04382e-009 0.0213813
2195.73 6.76187 -6.79014e-009 0.0502338
2470.09 7.65356 -7.64574e-009 0.0785245
2744.42 8.54529 -8.58801e-009 0.106253
3018.72 9.43706 -9.38441e-009 0.133421
3293 10.3289 -1.01849e-008 0.160026
3567.26 11.2207 -1.1135e-008 0.186069
3841.49 12.1126 -1.19856e-008 0.21155
4115.69 13.0045 -1.17081e-008 0.236469
4389.87 13.8965 -1.33446e-008 0.260826
4664.03 14.7885 -1.43393e-008 0.284621
4938.16 15.6806 -1.5291e-008 0.307854
5212.27 16.5727 -1.60931e-008 0.330524
5486.35 17.4648 -1.69421e-008 0.352632
5760.4 18.357 -1.78426e-008 0.374178
6034.43 19.2492 -1.90706e-008 0.395161
6308.44 20.1415 -1.95361e-008 0.415582
6582.41 21.0338 -2.01895e-008 0.43544
6856.37 21.9262 -2.12282e-008 0.454735
7130.3 22.8186 -2.16169e-008 0.473468
7404.2 23.711 -2.31168e-008 0.491638
7678.08 24.6035 -2.37768e-008 0.509245
7951.93 25.496 -2.47496e-008 0.526289
8225.76 26.3885 -2.54455e-008 0.54277
8499.57 27.2811 -2.63033e-008 0.558688
8773.34 28.1738 -2.70705e-008 0.574044
9047.09 29.0664 -2.80119e-008 0.588836
9320.82 29.9592 -2.87997e-008 0.603064
9594.52 30.8519 -2.64311e-008 0.61673
9868.2 31.7447 -3.06236e-008 0.629832
10141.8 32.6376 -3.13471e-008 0.64237
10415.5 33.5305 -3.21709e-008 0.654346
10689.1 34.4234 -3.30192e-008 0.665757
10962.6 35.3164 -3.3929e-008 0.676605
11236.2 36.2094 -3.47574e-008 0.686889
11509.7 37.1024 -3.56196e-008 0.69661
11783.2 37.9955 -3.60469e-008 0.705766
12056.7 38.8887 -3.72883e-008 0.714359
12330.1 39.7819 -3.81915e-008 0.722387
12603.5 40.6751 -3.89825e-008 0.729852
12876.9 41.5683 -4.14881e-008 0.736752
13150.3 42.4616 -4.02804e-008 0.743088
13423.6 43.355 -4.27483e-008 0.74886
13697 44.2484 -4.23568e-008 0.754067
13970.3 45.1418 -4.31181e-008 0.75871
