274.553 0.0915381 9.46328e-010 -0.0124128
549.081 0.208197 1.57741e-009 0.0263154
823.585 0.32488 2.34103e-009 0.0650139
1098.06 0.441588 3.11214e-009 0.103683
1372.52 0.55832 3.89646e-009 0.142322
1646.95 0.675077 4.70674e-009 0.180931
1921.35 0.791858 5.52164e-009 0.219511
2195.73 0.908664 6.33649e-009 0.258061
2470.09 1.02549 7.17214e-009 0.296581
2744.42 1.14235 8.01435e-009 0.335073
3018.72 1.25923 8.8856e-009 0.373534
3293 1.37613 9.73951e-009 0.411967
3567.26 1.49306 1.06348e-008 0.45037
3841.49 1.61002 1.1485e-008 0.488743
4115.69 1.727 1.23105e-008 0.527088
4389.87 1.84401 1.32628e-008 0.565403
4664.03 1.96104 1.41208e-008 0.603689
4938.16 2.07809 1.51115e-008 0.641945
5212.27 2.19517 1.6032e-008 0.680173
5486.35 2.31228 1.69882e-008 0.718372
5760.4 2.42941 1.79298e-008 0.756541
6034.43 2.54657 1.89675e-008 0.794682
6308.44 2.66375 1.98643e-008 0.832794
6582.41 2.78096 2.08247e-008 0.870876
6856.37 2.8982 2.18369e-008 0.90893
7130.3 3.01546 2.28454e-008 0.946955
7404.2 3.13275 2.38157e-008 0.984952
7678.08 3.25006 2.48651e-008 1.02292
7951.93 3.3674 2.61903e-008 1.06086
8225.76 3.48477 2.6942e-008 1.09877
8499.57 3.60216 2.79948e-008 1.13665
8773.34 3.71957 2.90485e-008 1.1745
9047.09 3.83702 3.01246e-008 1.21233
9320.82 3.95449 3.12044e-008 1.25012
9594.52 4.07199 3.21132e-008 1.28789
9868.2 4.18951 3.33883e-008 1.32563
10141.8 4.30706 3.44957e-008 1.36334
10415.5 4.42464 3.56218e-008 1.40102
10689.1 4.54224 3.67623e-008 1.43868
10962.6 4.65987 3.78933e-008 1.4763
11236.2 4.77753 3.90413e-008 1.5139
11509.7 4.89522 4.02032e-008 1.55147
11783.2 5.01293 4.12143e-008 1.58901
12056.7 5.13067 4.25481e-008 1.62652
12330.1 5.24843 4.37254e-008 1.66401
12603.5 5.36623 4.49334e-008 1.70147
12876.9 5.48405 4.62727e-008 1.73889
13150.3 5.60189 4.73792e-008 1.7763
13423.6 5.71977 4.86491e-008 1.81367
13697 5.83767 4.98208e-008 1.85101
13970.3 5.9556 5.10088e-008 1.88833
