274.553 0.531964 1.40357e-009 -0.11604
549.081 1.43323 1.72759e-009 -0.0934643
823.585 2.33454 2.57102e-009 -0.0714393
1098.06 3.2359 3.40138e-009 -0.0499656
1372.52 4.13731 4.2021e-009 -0.0290432
1646.95 5.03877 5.09936e-009 -0.00867219
1921.35 5.94027 5.99715e-009 0.0111473
2195.73 6.84182 6.79494e-009 0.0304154
2470.09 7.74343 7.66105e-009 0.0491318
2744.42 8.64507 8.49481e-009 0.0672966
3018.72 9.54677 9.41221e-009 0.0849097
3293 10.4485 1.03143e-008 0.101971
3567.26 11.3503 1.11598e-008 0.11848
3841.49 12.2521 1.18976e-008 0.134438
4115.69 13.154 1.32595e-008 0.149844
4389.87 14.056 1.35997e-008 0.164697
4664.03 14.958 1.41993e-008 0.178998
4938.16 15.86 1.53068e-008 0.192748
5212.27 16.7621 1.61241e-008 0.205944
5486.35 17.6642 1.70626e-008 0.218589
5760.4 18.5664 1.78199e-008 0.230681
6034.43 19.4686 1.85939e-008 0.242221
6308.44 20.3709 1.95317e-008 0.253208
6582.41 21.2732 2.02808e-008 0.263642
6856.37 22.1756 2.12252e-008 0.273524
7130.3 23.078 2.2356e-008 0.282853
7404.2 23.9805 2.25782e-008 0.291629
7678.08 24.883 2.37292e-008 0.299852
7951.93 25.7856 2.57932e-008 0.307523
8225.76 26.6882 2.54623e-008 0.31464
8499.57 27.5908 2.63052e-008 0.321204
8773.34 28.4935 2.71836e-008 0.327214
9047.09 29.3963 2.79953e-008 0.332671
9320.82 30.2991 2.8868e-008 0.337575
9594.52 31.202 3.02489e-008 0.341926
9868.2 32.1049 3.04294e-008 0.345722
10141.8 33.0078 3.13831e-008 0.348966
10415.5 33.9108 3.22318e-008 0.351655
10689.1 34.8139 3.31687e-008 0.35379
10962.6 35.717 3.39099e-008 0.355372
11236.2 36.6201 3.47561e-008 0.3564
11509.7 37.5233 3.56109e-008 0.356873
11783.2 38.4266 3.53764e-008 0.356792
12056.7 39.3299 3.728e-008 0.356157
12330.1 40.2332 3.80746e-008 0.354968
12603.5 41.1366 3.89765e-008 0.353224
12876.9 42.04 3.94033e-008 0.350926
13150.3 42.9435 4.08026e-008 0.348073
13423.6 43.8471 4.12458e-008 0.344665
13697 44.7506 4.23304e-008 0.340703
13970.3 45.6543 4.3075e-008 0.336185
