274.553 0 0 0
549.081 0 0 0
823.585 0 0 0
1098.06 0 0 0
1372.52 0 0 0
1646.95 0 0 0
1921.35 0 0 0
2195.73 0 0 0
2470.09 0 0 0
2744.42 0 0 0
3018.72 0 0 0
3293 0 0 0
3567.26 0 0 0
3841.49 0 0 0
4115.69 0 0 0
4389.87 0 0 0
4664.03 0 0 0
4938.16 0 0 0
5212.27 0 0 0
5486.35 0 0 0
5760.4 0 0 0
6034.43 0 0 0
6308.44 0 0 0
6582.41 0 0 0
6856.37 0 0 0
7130.3 0 0 0
7404.2 0 0 0
7678.08 0 0 0
7951.93 0 0 0
8225.76 0 0 0
8499.57 0 0 0
8773.34 0 0 0
9047.09 0 0 0
9320.82 0 0 0
9594.52 0 0 0
9868.2 0 0 0
10141.8 0 0 0
10415.5 0 0 0
10689.1 0 0 0
10962.6 0 0 0
11236.2 0 0 0
11509.7 0 0 0
11783.2 0 0 0
12056.7 0 0 0
12330.1 0 0 0
12603.5 0 0 0
12876.9 0 0 0
13150.3 0 0 0
13423.6 0 0 0
13697 0 0 0
13970.3 0 0 0
