274.553 0.203125 -2.20629e-010 -0.131201
549.081 0.486768 -1.58398e-011 -0.135128
823.585 0.770462 6.47879e-011 -0.139209
1098.06 1.05421 9.42916e-011 -0.143444
1372.52 1.33801 1.63197e-010 -0.147832
1646.95 1.62186 1.87214e-010 -0.152375
1921.35 1.90576 2.17914e-010 -0.157072
2195.73 2.18972 2.84443e-010 -0.161923
2470.09 2.47372 3.25282e-010 -0.166929
2744.42 2.75778 3.45238e-010 -0.17209
3018.72 3.0419 3.86116e-010 -0.177406
3293 3.32606 4.65644e-010 -0.182876
3567.26 3.61028 4.68752e-010 -0.188502
3841.49 3.89456 5.53181e-010 -0.194284
4115.69 4.17889 1.06064e-009 -0.200221
4389.87 4.46327 7.72402e-010 -0.206314
4664.03 4.7477 8.52407e-010 -0.212562
4938.16 5.03219 8.24583e-010 -0.218967
5212.27 5.31673 9.21301e-010 -0.225528
5486.35 5.60133 9.8673e-010 -0.232246
5760.4 5.88598 1.04897e-009 -0.23912
6034.43 6.17069 9.1385e-010 -0.24615
6308.44 6.45545 1.20464e-009 -0.253338
6582.41 6.74027 1.36313e-009 -0.260683
6856.37 7.02514 1.37182e-009 -0.268185
7130.3 7.31006 1.58202e-009 -0.275844
7404.2 7.59505 1.51227e-009 -0.283661
7678.08 7.88008 1.64058e-009 -0.291636
7951.93 8.16518 1.4692e-009 -0.299769
8225.76 8.45033 1.83393e-009 -0.30806
8499.57 8.73553 1.92814e-009 -0.316509
8773.34 9.02079 2.06767e-009 -0.325117
9047.09 9.30611 2.13333e-009 -0.333883
9320.82 9.59149 2.25442e-009 -0.342808
9594.52 9.87692 3.48425e-009 -0.351892
9868.2 10.1624 2.45471e-009 -0.361136
10141.8 10.448 2.60427e-009 -0.370538
10415.5 10.7336 2.71279e-009 -0.3801
10689.1 11.0192 2.82798e-009 -0.389822
10962.6 11.3049 2.93143e-009 -0.399704
11236.2 11.5907 3.06116e-009 -0.409745
11509.7 11.8765 3.18033e-009 -0.419947
11783.2 12.1624 3.49329e-009 -0.430309
12056.7 12.4484 3.44466e-009 -0.440832
12330.1 12.7344 3.57625e-009 -0.451516
12603.5 13.0205 3.71645e-009 -0.46236
12876.9 13.3066 3.25372e-009 -0.473366
13150.3 13.5928 4.06184e-009 -0.484532
13423.6 13.879 3.72993e-009 -0.495861
13697 14.1653 4.28636e-009 -0.507351
13970.3 14.4517 4.54062e-009 -0.519002
