274.553 0.0197991 -2.09056e-009 -0.000544601
549.081 0.0436084 -4.22991e-009 0.0273947
823.585 0.0674248 -6.3227e-009 0.0553353
1098.06 0.0912483 -8.42309e-009 0.0832773
1372.52 0.115079 -1.05309e-008 0.111221
1646.95 0.138917 -1.26386e-008 0.139166
1921.35 0.162762 -1.47574e-008 0.167112
2195.73 0.186614 -1.68886e-008 0.19506
2470.09 0.210473 -1.90225e-008 0.223009
2744.42 0.234339 -2.11651e-008 0.25096
3018.72 0.258213 -2.33078e-008 0.278912
3293 0.282093 -2.54737e-008 0.306866
3567.26 0.305981 -2.76267e-008 0.334822
3841.49 0.329876 -2.98188e-008 0.362779
4115.69 0.353779 -3.206e-008 0.390739
4389.87 0.377688 -3.42061e-008 0.418699
4664.03 0.401605 -3.64304e-008 0.446662
4938.16 0.425529 -3.86033e-008 0.474627
5212.27 0.449461 -4.08249e-008 0.502593
5486.35 0.4734 -4.30427e-008 0.530561
5760.4 0.497346 -4.52773e-008 0.558531
6034.43 0.521299 -4.74689e-008 0.586503
6308.44 0.54526 -4.97637e-008 0.614477
6582.41 0.569227 -5.20309e-008 0.642453
6856.37 0.593203 -5.42823e-008 0.670431
7130.3 0.617185 -5.65592e-008 0.698411
7404.2 0.641175 -5.8842e-008 0.726393
7678.08 0.665173 -6.11213e-008 0.754377
7951.93 0.689178 -6.32808e-008 0.782363
8225.76 0.71319 -6.57171e-008 0.810352
8499.57 0.737209 -6.80262e-008 0.838342
8773.34 0.761236 -7.03501e-008 0.866335
9047.09 0.785271 -7.26714e-008 0.894331
9320.82 0.809313 -7.50069e-008 0.922328
9594.52 0.833362 -7.74909e-008 0.950328
9868.2 0.857419 -7.96966e-008 0.97833
10141.8 0.881483 -8.20607e-008 1.00633
10415.5 0.905555 -8.44224e-008 1.03434
10689.1 0.929635 -8.67912e-008 1.06235
10962.6 0.953721 -8.91741e-008 1.09036
11236.2 0.977816 -9.15635e-008 1.11838
11509.7 1.00192 -9.39584e-008 1.14639
11783.2 1.02603 -9.64281e-008 1.17441
12056.7 1.05014 -9.87755e-008 1.20244
12330.1 1.07427 -1.01199e-007 1.23046
12603.5 1.0984 -1.03623e-007 1.25849
12876.9 1.12254 -1.05941e-007 1.28652
13150.3 1.14669 -1.08505e-007 1.31455
13423.6 1.17084 -1.10897e-007 1.34259
13697 1.19501 -1.13412e-007 1.37062
13970.3 1.21918 -1.15905e-007 1.39867
