274.553 0.531964 -2.72808e-010 -0.11604
549.081 1.43323 -1.65241e-009 -0.0934643
823.585 2.33454 -2.51215e-009 -0.0714393
1098.06 3.2359 -3.3846e-009 -0.0499656
1372.52 4.13731 -4.28627e-009 -0.0290432
1646.95 5.03877 -5.09115e-009 -0.00867219
1921.35 5.94027 -5.89508e-009 0.0111473
2195.73 6.84182 -6.79858e-009 0.0304154
2470.09 7.74343 -7.63345e-009 0.0491318
2744.42 8.64507 -8.50021e-009 0.0672966
3018.72 9.54677 -9.28294e-009 0.0849097
3293 10.4485 -1.00807e-008 0.101971
3567.26 11.3503 -1.09345e-008 0.11848
3841.49 12.2521 -1.18957e-008 0.134438
4115.69 13.154 -1.22323e-008 0.149844
4389.87 14.056 -1.35903e-008 0.164697
4664.03 14.958 -1.46884e-008 0.178998
4938.16 15.86 -1.52782e-008 0.192748
5212.27 16.7621 -1.61578e-008 0.205944
5486.35 17.6642 -1.69159e-008 0.218589
5760.4 18.5664 -1.78547e-008 0.230681
6034.43 19.4686 -1.87764e-008 0.242221
6308.44 20.3709 -1.95339e-008 0.253208
6582.41 21.2732 -2.04796e-008 0.263642
6856.37 22.1756 -2.12297e-008 0.273524
7130.3 23.078 -2.17928e-008 0.282853
7404.2 23.9805 -2.32642e-008 0.291629
7678.08 24.883 -2.38063e-008 0.299852
7951.93 25.7856 -2.34349e-008 0.307523
8225.76 26.6882 -2.5458e-008 0.31464
8499.57 27.5908 -2.6307e-008 0.321204
8773.34 28.4935 -2.71201e-008 0.327214
9047.09 29.3963 -2.79993e-008 0.332671
9320.82 30.2991 -2.88171e-008 0.337575
9594.52 31.202 -2.91262e-008 0.341926
9868.2 32.1049 -3.06353e-008 0.345722
10141.8 33.0078 -3.13706e-008 0.348966
10415.5 33.9108 -3.22106e-008 0.351655
10689.1 34.8139 -3.29619e-008 0.35379
10962.6 35.717 -3.39084e-008 0.355372
11236.2 36.6201 -3.47494e-008 0.3564
11509.7 37.5233 -3.55816e-008 0.356873
11783.2 38.4266 -3.75025e-008 0.356792
12056.7 39.3299 -3.72848e-008 0.356157
12330.1 40.2332 -3.81757e-008 0.354968
12603.5 41.1366 -3.89587e-008 0.353224
12876.9 42.04 -4.02163e-008 0.350926
13150.3 42.9435 -4.0501e-008 0.348073
13423.6 43.8471 -4.17412e-008 0.344665
13697 44.7506 -4.23397e-008 0.340703
13970.3 45.6543 -4.32776e-008 0.336185
