274.553 0.0749335 -9.89709e-010 -0.0860808
549.081 0.17484 -1.69738e-009 -0.0981037
823.585 0.274784 -2.49787e-009 -0.110174
1098.06 0.374766 -3.32465e-009 -0.122293
1372.52 0.474785 -4.15082e-009 -0.13446
1646.95 0.574841 -5.00811e-009 -0.146675
1921.35 0.674935 -5.87065e-009 -0.158938
2195.73 0.775067 -6.72972e-009 -0.17125
2470.09 0.875237 -7.61149e-009 -0.18361
2744.42 0.975444 -8.50946e-009 -0.19602
3018.72 1.07569 -9.41753e-009 -0.208478
3293 1.17597 -1.0311e-008 -0.220985
3567.26 1.27629 -1.12587e-008 -0.233541
3841.49 1.37665 -1.21632e-008 -0.246147
4115.69 1.47705 -1.28923e-008 -0.258802
4389.87 1.57748 -1.40049e-008 -0.271506
4664.03 1.67796 -1.49384e-008 -0.28426
4938.16 1.77847 -1.59608e-008 -0.297064
5212.27 1.87902 -1.69225e-008 -0.309918
5486.35 1.97961 -1.79137e-008 -0.322822
5760.4 2.08023 -1.89099e-008 -0.335776
6034.43 2.1809 -2.00355e-008 -0.348781
6308.44 2.2816 -2.09276e-008 -0.361836
6582.41 2.38234 -2.19199e-008 -0.374942
6856.37 2.48312 -2.29829e-008 -0.388098
7130.3 2.58394 -2.39728e-008 -0.401306
7404.2 2.6848 -2.50837e-008 -0.414564
7678.08 2.7857 -2.61356e-008 -0.427874
7951.93 2.88663 -2.74143e-008 -0.441235
8225.76 2.98761 -2.82869e-008 -0.454647
8499.57 3.08862 -2.93802e-008 -0.468111
8773.34 3.18967 -3.0462e-008 -0.481626
9047.09 3.29076 -3.15876e-008 -0.495194
9320.82 3.3919 -3.26998e-008 -0.508813
9594.52 3.49307 -3.33308e-008 -0.522485
9868.2 3.59427 -3.49805e-008 -0.536209
10141.8 3.69552 -3.61017e-008 -0.549985
10415.5 3.79681 -3.72638e-008 -0.563814
10689.1 3.89814 -3.84336e-008 -0.577695
10962.6 3.9995 -3.9613e-008 -0.59163
11236.2 4.10091 -4.07949e-008 -0.605617
11509.7 4.20236 -4.1992e-008 -0.619657
11783.2 4.30384 -4.30781e-008 -0.633751
12056.7 4.40537 -4.44055e-008 -0.647898
12330.1 4.50693 -4.5626e-008 -0.662098
12603.5 4.60854 -4.68574e-008 -0.676353
12876.9 4.71018 -4.84129e-008 -0.690661
13150.3 4.81187 -4.93322e-008 -0.705022
13423.6 4.91359 -5.07911e-008 -0.719438
13697 5.01536 -5.18757e-008 -0.733909
13970.3 5.11716 -5.30898e-008 -0.748433
