168.076 1.21546e-010 -84.0382 1709.2 100846 2.41721e-008 7.20006e-008 -1.21546e-010 84.0382 -1709.2 -84710.5 -8.35229e-010 -7.20006e-008
336.153 1.09707e-010 -168.076 1709.2 201692 2.19078e-008 7.44244e-008 -1.09707e-010 168.076 -1709.2 -169421 -8.43976e-010 -7.44244e-008
504.229 1.18089e-010 -252.115 1709.2 302538 2.36767e-008 7.50321e-008 -1.18089e-010 252.115 -1709.2 -254132 -1.00366e-009 -7.50321e-008
672.306 1.1948e-010 -336.153 1709.2 403383 2.41197e-008 7.49897e-008 -1.1948e-010 336.153 -1709.2 -338842 -1.17953e-009 -7.49897e-008
840.382 1.28394e-010 -420.191 1709.2 504229 2.53587e-008 7.6807e-008 -1.28394e-010 420.191 -1709.2 -423553 -7.07153e-010 -7.6807e-008
1008.46 1.07724e-010 -504.229 1709.2 605075 2.15136e-008 6.95487e-008 -1.07724e-010 504.229 -1709.2 -508263 -8.30554e-010 -6.95487e-008
1176.53 1.21843e-010 -588.267 1709.2 705921 2.39815e-008 7.31928e-008 -1.21843e-010 588.267 -1709.2 -592974 -5.87684e-010 -7.31928e-008
1344.61 1.24987e-010 -672.306 1709.2 806767 2.49462e-008 7.42865e-008 -1.24987e-010 672.306 -1709.2 -677684 -9.48721e-010 -7.42865e-008
1512.69 1.14594e-010 -756.344 1709.2 907613 2.26224e-008 7.0245e-008 -1.14594e-010 756.344 -1709.2 -762395 -6.20378e-010 -7.0245e-008
1680.76 1.11144e-010 -840.382 1709.2 1.00846e+006 2.21498e-008 7.11581e-008 -1.11144e-010 840.382 -1709.2 -847105 -8.10187e-010 -7.11581e-008
1848.84 1.26959e-010 -924.42 1709.2 1.1093e+006 2.53009e-008 7.65427e-008 -1.26959e-010 924.42 -1709.2 -931816 -9.24812e-010 -7.65427e-008
2016.92 1.25484e-010 -1008.46 1709.2 1.21015e+006 2.49061e-008 7.56694e-008 -1.25484e-010 1008.46 -1709.2 -1.01653e+006 -8.13126e-010 -7.56694e-008
2184.99 1.19168e-010 -1092.5 1709.2 1.311e+006 2.41371e-008 7.8669e-008 -1.19168e-010 1092.5 -1709.2 -1.10124e+006 -1.25692e-009 -7.8669e-008
2353.07 1.19015e-010 -1176.53 1709.2 1.41184e+006 2.3701e-008 7.69782e-008 -1.19015e-010 1176.53 -1709.2 -1.18595e+006 -8.50171e-010 -7.69782e-008
2521.15 1.24781e-010 -1260.57 1709.2 1.51269e+006 2.47269e-008 7.41947e-008 -1.24781e-010 1260.57 -1709.2 -1.27066e+006 -7.68933e-010 -7.41947e-008
2689.22 1.15453e-010 -1344.61 1709.2 1.61353e+006 2.29299e-008 7.12597e-008 -1.15453e-010 1344.61 -1709.2 -1.35537e+006 -7.63029e-010 -7.12597e-008
2857.3 1.25906e-010 -1428.65 1709.2 1.71438e+006 2.48932e-008 7.37884e-008 -1.25906e-010 1428.65 -1709.2 -1.44008e+006 -7.19218e-010 -7.37884e-008
