
0.0		201893903.275021
6447.5424		202764866.578164
12895.0848		203634662.855550
19342.627200000003		204503360.478613
25790.1696		205378106.293584
32237.712		206244904.710469
38685.2544		207110747.201675
45132.7968		207973557.038513
51580.339199999995		208845951.047115
58027.88159999999		209711032.581421
64475.42399999999		210581728.827407
70922.96639999999		211443707.126578
77370.5088		212313362.601061
83818.0512		213183173.129132
90265.59360000001		214051272.950051
96713.13600000001		214919255.420915
103160.67840000002		215787333.283286
109608.22080000002		216655625.143277
116055.76320000003		217523553.903944
122503.30560000004		218391117.603292
128950.84800000004		219258290.702213
135398.39040000003		220125078.529215
141845.93280000004		220982152.196590
148293.47520000004		221863161.519150
154741.01760000005		222738450.505450
161188.56000000006		223607888.262946
167636.10240000006		224476746.210431
174083.64480000007		225345087.222253
180531.18720000007		226212850.473776
186978.72960000008		227079995.030466
193426.27200000008		227946524.083621
199873.8144000001		228800909.225036
206321.3568000001		229644579.586617
212768.8992000001		230515203.537407
219216.4416000001		231355836.229442
225663.9840000001		232195282.698531
232111.52640000012		233033000.196494
238559.06880000012		233899251.543549
245006.61120000013		234734401.862131
251454.15360000014		235567798.938239
257901.69600000014		236430943.375942
264349.23840000015		237260478.103482
270796.7808000001		238088626.278493
277244.3232000001		238947637.690095
283691.8656000001		239770704.334507
290139.40800000005		240626399.409292
296586.95040000003		241443815.990616
303034.4928		242254920.795504
309482.0352		243092391.972608
315929.57759999996		243927509.017405
322377.11999999994		244718862.691327
328824.6623999999		245536112.041582
335272.2047999999		246305017.704124
341719.74719999987		247120063.435141
348167.28959999984		247883922.044904
354614.8319999998		248694280.586251
361062.3743999998		249503328.511156
367509.9167999998		250255959.346829
373957.45919999975		251062788.243037
380405.0015999997		251867655.075224
386852.5439999997		252606141.534719
393300.0863999997		253404379.229066
399747.62879999966		254196046.153467
406195.17119999963		254990995.071347
412642.7135999996		255781921.712810
419090.2559999996		256490719.046689
425537.79839999956		257271467.670197
431985.34079999954		258048363.007874
438432.8831999995		258821238.863306
444880.4255999995		259590183.297276
451327.96799999947		260354718.297088
457775.51039999945		261114712.613701
464223.0527999994		261870230.114734
470670.5951999994		262621196.107025
477118.1375999994		263367161.414279
483565.67999999935		264039996.211941
490013.22239999933		264707374.951395
496460.7647999993		265376340.473089
502908.3071999993		266042370.388164
509355.84959999926		266707241.977960
515803.39199999924		267580385.012518
522250.9343999992		268199282.496044
528698.4767999992		268838328.992054
535146.0191999993		269578595.641878
541593.5615999993		270112484.653957
548041.1039999994		270907025.908941
554488.6463999994		271479242.541995
560936.1887999994		272272131.580391
567383.7311999995		272825818.558063
573831.2735999995		273606619.983650
580278.8159999995		274152566.348446
586726.3583999996		274940920.697858
593173.9007999996		275486375.386686
599621.4431999996		276272344.294055
606068.9855999997		276808883.808997
612516.5279999997		277592505.053199
618964.0703999997		278120275.714966
625411.6127999998		278901692.999536
631859.1551999998		279421029.613694
638306.6975999998		280200683.900355
644754.2399999999		280712441.474556
651201.7823999999		281490996.756774
657649.3248		281996601.874075
664096.8672		282775491.433501
670544.4096		283277309.996075
676991.952		284058047.080319
683439.4944000001		284827551.612193
689887.0368000001		285317821.232024
696334.5792000002		286096169.568270
702782.1216000002		286596833.131061
709229.6640000002		287381410.897260
715677.2064000003		287897712.102751
722124.7488000003		288473438.331252
728572.2912000003		289064430.612986
735019.8336000004		289655577.710509
741467.3760000004		290244132.613039
747914.9184000004		290830654.228251
754362.4608000005		291414782.070383
760810.0032000005		292285219.745679
767257.5456000005		292858410.909359
773705.0880000006		293436481.459647
780152.6304000006		294013919.117381
786600.1728000006		294588899.409162
793047.7152000007		295161726.070654
799495.2576000007		295732103.166074
805942.8000000007		296299728.047872
812390.3424000008		296852446.099976
818837.8848000008		297393733.494991
825285.4272000008		297933210.468484
831732.9696000009		298817871.608247
838180.5120000009		299345966.356054
844628.054400001		299870787.613066
851075.596800001		300394695.001684
857523.139200001		300917673.612506
863970.6816000011		301440870.972176
870418.2240000011		301965438.923637
876865.7664000011		302492074.877091
883313.3088000012		303021375.860088
889760.8512000012		303554069.311954
896208.3936000012		304056844.308559
902655.9360000013		304583639.569028
909103.4784000013		305165375.408336
915551.0208000013		305715346.309355
921998.5632000014		305918444.319917
928446.1056000014		306479123.157138
934893.6480000014		307039222.980860
941341.1904000015		307227578.165703
947788.7328000015		307781440.047553
954236.2752000015		308331696.896021
960683.8176000016		308505636.655614
967131.3600000016		309049168.347317
973578.9024000017		309589802.833700
980026.4448000017		309751196.082241
986473.9872000017		310286756.595242
992921.5296000018		310435153.302632
999369.0720000018		310960946.374403
1005816.6144000018		311487702.004087
1012264.1568000019		311627816.083604
1018711.6992000019		312138620.178541
1025159.2416000019		312271769.457272
1031606.784000002		312793085.744634
1038054.326400002		313313655.365122
1044501.868800002		313440097.818513
1050949.411200002		313959523.037035
1057396.953600002		314080642.997135
1063844.496000002		314599529.610692
1070292.0384000018		315118091.680644
1076739.5808000017		315234658.036302
1083187.1232000017		315753541.193632
1089634.6656000016		315865903.615176
1096082.2080000015		316385409.803765
1102529.7504000014		316898284.977984
1108977.2928000013		317009200.813914
1115424.8352000013		317531090.390956
1121872.3776000012		317640752.612910
1128319.920000001		318165997.211795
1134767.462400001		318276820.462142
1141215.004800001		318806525.552720
1147662.5472000008		319339195.127012
1154110.0896000008		319458717.559630
1160557.6320000007		320000142.937136
1167005.1744000006		320134631.328488
1173452.7168000005		320698691.242505
1179900.2592000004		320851904.291770
1186347.8016000004		321002227.758866
1192795.3440000003		321568282.624655
1199242.8864000002		321709848.501317
1205690.4288		322270995.342599
1212137.9712		322405485.281552
1218585.5136		322970036.765584
1225033.0559999999		323101171.846773
1231480.5983999998		323665291.156883
1237928.1407999997		323792428.130082
1244375.6831999996		324351469.147912
1250823.2255999995		324469788.363025
1257270.7679999995		325029629.428496
1263718.3103999994		325149584.122221
1270165.8527999993		325714221.710075
1276613.3951999992		325830562.235128
1283060.9375999991		326395407.282611
1289508.479999999		326508086.203819
1295956.022399999		327073099.293907
1302403.564799999		327180471.121757
1308851.1071999988		327745904.755700
1315298.6495999987		327851635.271347
1321746.1919999986		328417539.885517
1328193.7343999986		328520006.343839
1334641.2767999985		329086359.435302
1341088.8191999984		329185679.972995
1347536.3615999983		329752981.968847
1353983.9039999982		329849785.308823
1360431.4463999982		330418267.736223
1366878.988799998		330513047.261811
1373326.531199998		331083175.170811
1379774.073599998		331176721.409956
1386221.6159999978		331749315.769986
1392669.1583999977		331843509.350140
1399116.7007999977		332419678.782807
1405564.2431999976		332516641.100770
1412011.7855999975		332596976.645538
1418459.3279999974		333203836.757155
1424906.8703999973		333295136.968027
1431354.4127999973		333914727.374662
1437801.9551999972		334004109.105740
1444249.497599997		334091038.168687
1450697.039999997		334713234.704853
1457144.582399997		334798248.771193
1463592.1247999968		335420509.622999
1470039.6671999968		335503307.647091
1476487.2095999967		336121139.007084
1482934.7519999966		336198726.008551
1489382.2943999965		336272280.733125
1495829.8367999964		336893992.358245
1502277.3791999964		336968960.797673
1508724.9215999963		337593436.184532
1515172.4639999962		337664761.445708
1521620.006399996		337722812.880075
1528067.548799996		338345725.602415
1534515.091199996		338400790.046095
1540962.6335999959		339023886.883760
1547410.1759999958		339075895.391160
1553857.7183999957		339699319.190576
1560305.2607999956		339748473.915304
1566752.8031999955		339793541.980253
1573200.3455999955		340418516.376451
1579647.8879999954		340460753.109228
1586095.4303999953		341086171.886152
1592542.9727999952		341125718.264665
1598990.5151999951		341751611.719216
1605438.057599995		341788638.486548
1611885.599999995		341822107.159523
1618333.142399995		342450216.656815
1624780.6847999948		342481399.139797
1631228.2271999947		343110117.374925
1637675.7695999946		343140428.424533
1644123.3119999946		343771418.686650
1650570.8543999945		343823103.813333
1657018.3967999944		343875564.293424
1663465.9391999943		344534330.139610
1669913.4815999942		344585477.268841
1676361.0239999942		344633720.154478
1682808.566399994		345294223.449689
1689256.108799994		345340829.992763
1695703.651199994		345384357.023818
1702151.1935999938		346045696.832285
1708598.7359999937		346083204.464561
1715046.2783999937		346119542.057269
1721493.8207999936		346780939.295741
1727941.3631999935		346817121.706822
1734388.9055999934		347481276.417304
1740836.4479999933		347517027.127754
1747283.9903999933		347549579.618144
1753731.5327999932		348215398.580602
1760179.075199993		348246196.158140
1766626.617599993		348273542.411031
1773074.159999993		348941144.608042
1779521.7023999928		348967164.888157
1785969.2447999928		348989902.418517
1792416.7871999927		349659518.919495
1798864.3295999926		349680604.818951
1805311.8719999925		349698236.725500
1811759.4143999924		350369576.734336
1818206.9567999924		350385335.690379
1824654.4991999923		351056448.875321
1831102.0415999922		351061314.598998
1837549.583999992		351062243.469922
1843997.126399992		351732492.440989
1850444.668799992		351730998.823146
1856892.2111999919		351726622.732150
1863339.7535999918		352404936.145978
1869787.2959999917		352401621.331734
1876234.8383999916		353082022.980044
1882682.3807999915		353088489.841574
1889129.9231999915		353092524.842172
1895577.4655999914		353093931.527524
1902025.0079999913		353788114.055149
1908472.5503999912		353788802.101098
1914920.0927999911		353786746.336854
1921367.635199991		354482654.321612
1927815.177599991		354479887.985037
1934262.719999991		354473365.526912
1940710.2623999908		355168725.916229
1947157.8047999907		355160888.962788
1953605.3471999906		355149998.889968
1960052.8895999906		355848594.557259
1966500.4319999905		355838078.285730
1972947.9743999904		355824614.651831
1979395.5167999903		356525858.720959
1985843.0591999902		356511579.302940
1992290.6015999902		356494249.472416
1998738.14399999		356473916.242365
2005185.68639999		357179131.305226
2011633.22879999		357157862.061050
2018080.7711999898		357124813.466417
2024528.3135999897		358200150.791736
2030975.8559999897		358172270.563785
2037423.3983999896		357942997.440959
2043870.9407999895		358851983.771908
2050318.4831999894		358621058.343313
2056766.0255999893		358517501.370462
2063213.5679999893		359302698.044947
2069661.1103999892		359348647.870748
2076108.652799989		359147795.730385
2082556.195199989		360035127.117736
2089003.737599989		359832337.239020
2095451.2799999889		359896614.098520
2101898.822399989		360756827.021236
2108346.364799989		360575293.321870
2114793.907199989		360589708.621545
2121241.449599989		360567235.734537
2127688.9919999894		361266364.253808
2134136.5343999895		361242722.742881
2140584.0767999897		361146206.999891
2147031.61919999		361093358.020850
2153479.16159999		361819067.853401
2159926.70399999		361742688.701941
2166374.2463999903		361675012.615257
2172821.7887999904		362411289.598908
2179269.3311999906		362354062.623308
2185716.8735999907		362258842.246189
2192164.415999991		362183711.608303
2198611.958399991		362924178.430324
2205059.500799991		362849067.831717
2211507.0431999913		362753725.011865
2217954.5855999915		362660992.271842
2224402.1279999916		363420882.699937
2230849.670399992		363321548.653181
2237297.212799992		363230522.132907
2243744.755199992		363977522.056309
2250192.2975999922		363885655.021901
2256639.8399999924		363782431.453801
2263087.3823999926		363680479.671128
2269534.9247999927		364442552.040548
2275982.467199993		364342304.298103
2282430.009599993		364241265.095410
2288877.551999993		364996265.986189
2295325.0943999933		364893093.123571
2301772.6367999935		364782013.978808
2308220.1791999936		364668368.779786
2314667.7215999938		365420813.115781
2321115.263999994		365304240.716817
2327562.806399994		365184890.981242
2334010.348799994		365927530.316085
2340457.8911999944		365777410.632868
2346905.4335999945		365668147.310180
2353352.9759999947		365530382.351014
2359800.518399995		365390900.003032
2366248.060799995		366114929.892322
2372695.603199995		365971668.347455
2379143.1455999953		365826504.343163
2385590.6879999954		365677490.576675
2392038.2303999956		366384047.182371
2398485.7727999957		366230852.126851
2404933.315199996		366075366.864803
2411380.857599996		365915663.287790
2417828.399999996		366598063.055071
2424275.9423999963		366429705.759467
2430723.4847999965		366255658.635241
2437171.0271999966		366076736.787539
2443618.569599997		365893819.479180
2450066.111999997		366544073.821939
2456513.654399997		366355064.822468
2462961.1967999972		366162069.077427
2469408.7391999974		365967997.910843
2475856.2815999975		366589738.760260
2482303.8239999977		366388267.537197
2488751.366399998		366181885.258087
2495198.908799998		365970497.469852
2501646.451199998		365753928.689760
2508093.9935999983		366327783.885064
2514541.5359999985		366102360.693769
2520989.0783999986		365871843.565561
2527436.6207999988		365636208.187396
2533884.163199999		366162563.048638
2540331.705599999		365917827.587767
2546779.247999999		365667934.769383
2553226.7903999994		365412879.501840
2559674.3327999995		364967593.743862
2566121.8751999997		365628424.693318
2572569.4176		365359875.267508
2579016.96		365082202.122172
2585464.5024		364807937.703769
2591912.0448000003		364524632.524761
2598359.5872000004		364956691.215877
2604807.1296000006		364671244.277317
2611254.6720000007		364382475.219383
2617702.214400001		364085307.266232
2624149.756800001		363780484.541336
2630597.299200001		363285449.117915
2637044.8416000013		363896518.540480
2643492.3840000015		363585834.741932
2649939.9264000016		363271326.099748
2656387.468800002		362769885.505557
2662835.011200002		362614261.526862
2669282.553600002		362285555.862493
2675730.096000002		362533263.610125
2682177.6384000024		362201637.103405
2688625.1808000025		362032580.590862
2695072.7232000027		361691874.262577
2701520.265600003		361266811.088874
2707967.808000003		360923431.710196
2714415.350400003		361416276.507490
2720862.8928000033		360991163.797741
2727310.4352000034		360644097.353662
2733757.9776000036		360374903.906501
2740205.5200000037		360022639.966778
2746653.062400004		359625478.878056
2753100.604800004		359987857.589135
2759548.147200004		359713087.945890
2765995.6896000043		359316446.950904
2772443.2320000045		358955817.371475
2778890.7744000047		358591893.487920
2785338.316800005		358069471.683984
2791785.859200005		358627327.717937
2798233.401600005		358090742.697206
2804680.9440000053		357813354.411861
2811128.4864000054		357545111.826381
2817576.0288000056		357111955.109585
2824023.5712000057		356761782.748523
2830471.113600006		357150038.769625
2836918.656000006		356791210.450665
2843366.198400006		356406778.893714
2849813.7408000063		356015004.068317
2856261.2832000065		355649309.404441
2862708.8256000066		355246811.414013
2869156.368000007		355651804.167018
2875603.910400007		355263707.175759
2882051.452800007		354890427.546186
2888498.995200007		354484378.924567
2894946.5376000074		354089835.061729
2901394.0800000075		353693785.254482
2907841.6224000077		354123460.225979
2914289.164800008		353730588.931167
2920736.707200008		353336153.443772
2927184.249600008		352939330.770545
2933631.7920000083		352550507.217632
2940079.3344000084		352047154.490198
2946526.8768000086		351743558.282785
2952974.4192000087		352187672.784975
2959421.961600009		351801680.693072
2965869.504000009		351403878.321918
2972317.046400009		350998906.263187
2978764.5888000093		350337494.916471
2985212.1312000095		350190531.782871
2991659.6736000096		350650536.375160
2998107.21600001		350243391.402811
3004554.75840001		349839473.982268
3011002.30080001		349433369.313847
3017449.8432000102		349030008.338647
3023897.3856000104		348617034.753083
3030344.9280000106		348204226.831674
3036792.4704000107		348674134.379196
3043240.012800011		348269883.990752
3049687.555200011		347856049.105250
3056135.097600011		347442358.035160
3062582.6400000113		347026421.276437
3069030.1824000115		346610684.864315
3075477.7248000116		347090796.457309
3081925.2672000118		346676903.464454
3088372.809600012		346260870.629475
3094820.352000012		345842528.552628
3101267.894400012		345423350.953105
3107715.4368000124		345000435.387724
3114162.9792000125		344575530.533484
3120610.5216000127		345072622.992268
3127058.064000013		344653262.686185
3133505.606400013		344227658.451814
3139953.148800013		343804011.174222
3146400.6912000133		343370658.407859
3152848.2336000134		342934305.341824
3159295.7760000136		342513647.798383
3165743.3184000137		342976307.816797
3172190.860800014		342489135.037008
3178638.403200014		342058170.503090
3185085.945600014		341499339.680866
3191533.4880000143		341058860.803640
3197981.0304000145		340859407.146360
3204428.5728000146		340419789.776275
3210876.115200015		340956171.270033
3217323.657600015		340405962.155681
3223771.200000015		339967584.722328
3230218.7424000152		339527366.429475
3236666.2848000154		338931274.543021
3243113.8272000155		338485520.167172
3249561.3696000157		337995136.581298
3256008.912000016		338548812.088041
3262456.454400016		338108884.905647
3268903.996800016		337656921.793060
3275351.5392000163		337192866.444045
3281799.0816000164		336737762.013291
3288246.6240000166		336280852.879304
3294694.1664000168		335813031.945520
3301141.708800017		336399700.045975
3307589.251200017		335943778.764294
3314036.793600017		335485639.383684
3320484.3360000174		335020537.562818
3326931.8784000175		334544380.643441
3333379.4208000177		334065981.939008
3339826.963200018		333585317.776732
3346274.505600018		334224018.812905
3352722.048000018		333747735.870896
3359169.5904000183		333269200.519684
3365617.1328000184		332788393.943544
3372064.6752000186		332305297.394339
3378512.2176000187		331806919.902468
3384959.760000019		331315714.520654
3391407.302400019		330822154.463364
3397854.844800019		331504161.265163
3404302.3872000193		331006537.337859
3410749.9296000195		330515538.080329
3417197.4720000196		330022275.378232
3423645.01440002		329526056.392476
3430092.55680002		329026518.629595
3436540.09920002		328529087.780911
3442987.64160002		329237145.630656
3449435.1840000204		328747335.315987
3455882.7264000205		328251094.114231
3462330.2688000207		327802985.391617
3468777.811200021		327249913.189266
3475225.353600021		326739444.019094
3481672.896000021		326227078.625959
3488120.4384000213		326935832.352693
3494567.9808000214		326428149.324679
3501015.5232000216		325918581.713891
3507463.0656000217		325407116.344236
3513910.608000022		324893116.850385
3520358.150400022		324377626.864207
3526805.692800022		323860201.010374
3533253.2352000223		323340826.865833
3539700.7776000225		324069775.224590
3546148.3200000226		323554697.227845
3552595.862400023		323038155.640973
3559043.404800023		322520049.922667
3565490.947200023		322002784.212569
3571938.4896000233		321483652.705882
3578386.0320000234		320962077.247350
3584833.5744000236		320437895.204847
3591281.1168000237		321188884.461327
3597728.659200024		320667555.413893
3604176.201600024		320144020.203002
3610623.744000024		319618528.427929
3617071.2864000243		319090966.475030
3623518.8288000245		318561289.025302
3629966.3712000246		318029546.427686
3636413.913600025		318794411.474166
3642861.456000025		318267584.433380
3649308.998400025		317738816.494208
3655756.540800025		317207651.680099
3662204.0832000254		316676272.413233
3668651.6256000255		316145101.539554
3675099.1680000257		315613516.972239
3681546.710400026		315079722.255619
3687994.252800026		315884457.881325
3694441.795200026		315355611.629633
3700889.3376000263		314824596.509964
3707336.8800000264		314291368.104656
3713784.4224000266		313755778.005855
3720231.9648000267		313220824.279987
3726679.507200027		312677245.087742
3733127.049600027		312134509.191941
3739574.592000027		312955264.142789
3746022.1344000273		312400336.967235
3752469.6768000275		311843659.268136
3758917.2192000276		311285210.905768
3765364.761600028		310724997.953720
3771812.304000028		310162998.949409
3778259.846400028		309599212.417349
3784707.3888000282		309030255.462135
3791154.9312000284		309848989.433243
3797602.4736000285		309286796.506328
3804050.0160000287		308719468.652947
3810497.558400029		308148636.457756
3816945.100800029		307576559.931794
3823392.643200029		307001948.076148
3829840.1856000293		306425727.248754
3836287.7280000295		305849405.398525
3842735.2704000296		305275116.636092
3849182.8128000298		306145404.672492
3855630.35520003		305579499.903440
3862077.89760003		305011390.920563
3868525.44000003		304440727.426837
3874972.9824000304		303863521.922489
3881420.5248000305		303283847.215476
3887868.0672000307		302702053.154976
3894315.609600031		302118091.758934
3900763.152000031		303002277.883532
3907210.694400031		302423983.770926
3913658.2368000313		301843331.228816
3920105.7792000314		301260918.509613
3926553.3216000316		300676343.806966
3933000.8640000317		300086013.255250
3939448.406400032		299484655.845599
3945895.948800032		298881674.347214
3952343.491200032		299827453.978716
3958791.0336000323		299245064.960979
3965238.5760000325		298651761.865497
3971686.1184000326		298051815.910233
3978133.660800033		297449581.553560
3984581.203200033		296859880.388054
3991028.745600033		296227888.747957
3997476.2880000332		295615201.272697
4003923.8304000334		296606220.887444
4010371.3728000335		295985308.419181
4016818.9152000337		295358446.651499
4023266.457600034		294719291.946296
4029714.000000034		294086101.714253
4036161.542400034		293449866.547711
4042609.0848000343		292813028.087498
4049056.6272000344		292174298.923626
4055504.1696000346		291534759.708575
4061951.7120000347		292529903.306993
4068399.254400035		291897560.024926
4074846.796800035		291128293.831840
4081294.339200035		290594068.028746
4087741.8816000354		289955294.103320
4094189.4240000355		289204715.713793
4100636.9664000357		288547467.633876
4107084.508800036		287903212.313261
4113532.051200036		287261793.465266
4119979.593600036		288306064.913265
4126427.1360000363		287672054.722359
4132874.6784000364		287036570.969786
4139322.2208000366		286398894.429599
4145769.7632000367		285758502.793387
4152217.305600037		285111675.022438
4158664.848000037		284461462.274282
4165112.390400037		283811780.195122
4171559.9328000373		283160387.322836
4178007.4752000375		284234691.150218
4184455.0176000376		283589623.229241
4190902.560000038		282942357.160347
4197350.102400037		282293052.439363
4203797.644800037		281641619.092857
4210245.187200037		280988044.329269
4216692.7296000365		280269389.345329
4223140.272000036		279666720.277422
4229587.814400036		278950112.622748
4236035.356800036		280050542.466830
4242482.899200035		279396403.023808
4248930.441600035		278740236.683625
4255377.984000035		278080336.324942
4261825.526400034		277415124.037434
4268273.068800034		276749736.906918
4274720.611200034		276067192.655960
4281168.153600033		275377921.005599
4287615.696000033		274686775.869287
4294063.238400033		275775598.835426
4300510.780800032		275091106.430611
4306958.323200032		274404759.292445
4313405.865600032		273716545.389187
4319853.4080000315		273026452.576782
4326300.950400031		272334467.858379
4332748.492800031		271640577.845852
4339196.035200031		270944770.155652
4345643.57760003		270247028.667561
4352091.12000003		269547299.710408
4358538.66240003		270670494.780008
4364986.204800029		269978975.261185
4371433.747200029		269255714.441731
4377881.289600029		268567780.262549
4384328.832000028		267871000.701936
4390776.374400028		267171928.486954
4397223.916800028		266470083.932810
4403671.459200027		265766110.120139
4410119.001600027		265059764.948180
4416566.544000027		266242184.691512
4423014.086400026		265538569.794341
4429461.628800026		264829372.904712
4435909.171200026		264117991.190006
4442356.7136000255		263404400.558127
4448804.256000025		262688581.290704
4455251.798400025		261970514.847008
4461699.340800025		261250180.480874
4468146.883200024		260527557.959773
4474594.425600024		259802626.207886
4481041.968000024		261007757.122201
4487489.510400023		260290295.914436
4493937.052800023		259554819.855929
4500384.595200023		258832650.217855
4506832.137600022		258105051.881185
4513279.680000022		257364398.931654
4519727.222400022		256612762.099638
4526174.764800021		255858255.600687
4532622.307200021		255082690.922484
4539069.849600021		254303386.385636
4545517.3920000205		255550293.944970
4551964.93440002		254780136.193199
4558412.47680002		254006739.594826
4564860.01920002		253231293.694964
4571307.561600019		252453780.738070
4577755.104000019		251674182.147493
4584202.646400019		250891722.149075
4590650.188800018		250107646.257659
4597097.731200018		249321425.415807
4603545.273600018		248533021.915082
4609992.816000017		249818685.010738
4616440.358400017		249041190.862960
4622887.900800017		248260618.077687
4629335.443200016		247470072.381018
4635782.985600016		246694225.234631
4642230.528000016		245916526.839333
4648678.070400015		245136403.040366
4655125.612800015		244353825.135486
4661573.155200015		243568770.203086
4668020.6976000145		242781208.231193
4674468.240000014		244127278.023603
4680915.782400014		243348230.610377
4687363.324800014		242566434.033321
4693810.867200013		241764691.594432
4700258.409600013		240953910.063570
4706705.952000013		240140976.468656
4713153.494400012		239325868.793305
4719601.036800012		238508564.520414
4726048.579200012		237689040.210510
4732496.121600011		236867272.250755
4738943.664000011		236077041.272821
4745391.206400011		237379484.614229
4751838.74880001		236564351.607792
4758286.29120001		235742382.857714
4764733.83360001		234922710.692319
4771181.3760000095		234100781.414002
4777628.918400009		233276550.508375
4784076.460800009		232449992.174179
4790524.0032000085		231621071.585798
4796971.545600008		230790473.150456
4803419.088000008		229963940.498945
4809866.630400008		231354091.779775
4816314.172800007		230520020.884770
4822761.715200007		229683679.824958
4829209.257600007		228845041.881644
4835656.800000006		228004080.591234
4842104.342400006		227160769.006247
4848551.884800006		226315079.555692
4854999.427200005		225466984.152235
4861446.969600005		224616453.965590
4867894.512000005		223763459.437129
4874342.054400004		222925737.819878
4880789.596800004		224301379.537776
4887237.139200004		223455620.993964
4893684.6816000035		222607413.312987
4900132.224000003		221756738.917508
4906579.766400003		220903561.592609
4913027.308800003		220047848.208217
4919474.851200002		219191007.506905
4925922.393600002		218338119.051419
4932369.936000002		217482489.328164
4938817.478400001		216623603.183118
4945265.020800001		215789729.251764
4951712.563200001		217164580.879308
4958160.1056		216296102.390124
4964607.648		215425086.193230
4971055.1904		214551500.782082
4977502.732799999		213675314.366724
4983950.275199999		212796494.398486
4990397.817599999		211913373.581674
4996845.3599999985		211029154.779617
5003292.902399998		210142203.129828
5009740.444799998		209252274.662779
5016187.9871999975		208411923.766545
5022635.529599997		209834752.872667
5029083.071999997		208953125.724720
5035530.614399997		208068908.133271
5041978.156799996		207189565.527495
5048425.699199996		206307282.790425
5054873.241599996		205411234.053116
5061320.783999995		204488361.892804
5067768.326399995		203552168.408906
5074215.868799995		202610103.049118
5080663.411199994		201665755.131511
5087110.953599994		200794338.726143
5093558.495999994		202339644.372922
5100006.038399993		201406252.703139
5106453.580799993		200469769.604807
5112901.123199993		199530154.381899
5119348.6655999925		198587344.788292
5125796.207999992		197641333.022463
5132243.750399992		196691428.093714
5138691.292799992		195736990.900531
5145138.835199991		194779441.107721
5151586.377599991		193830501.681537
5158033.919999991		192945028.824410
5164481.46239999		194555631.586616
5170929.00479999		193595399.122269
5177376.54719999		192631982.220996
5183824.089599989		191665316.828566
5190271.631999989		190695364.986937
5196719.174399989		189720457.652838
5203166.716799988		188742080.117579
5209614.259199988		187760525.899051
5216061.801599988		186775114.250897
5222509.3439999875		185808812.346715
5228956.886399987		184896604.045604
5235404.428799987		183981504.127134
5241851.9711999865		185551394.843040
5248299.513599986		184571306.582586
5254747.055999986		183587211.199386
5261194.598399986		182598244.469306
5267642.140799985		181609878.037097
5274089.683199985		180622894.901071
5280537.225599985		179632874.677506
5286984.767999984		178639281.067907
5293432.310399984		177680900.723759
5299879.852799984		176760001.253592
5306327.395199983		178468394.400601
5312774.937599983		177480617.414198
5319222.479999983		176486841.979731
5325670.022399982		175489848.069226
5332117.564799982		174489342.806123
5338565.107199982		173485295.183293
5345012.6495999815		172477674.994386
5351460.191999981		171466452.789812
5357907.734399981		170451198.557230
5364355.276799981		169506026.644312
5370802.81919998		168567501.173399
5377250.36159998		170320591.660347
5383697.90399998		169311366.157768
5390145.446399979		168298505.220784
5396592.988799979		167281616.810999
5403040.531199979		166261370.160678
5409488.073599978		165237404.385721
5415935.615999978		164209693.808829
5422383.158399978		163177885.723841
5428830.700799977		162176268.736489
5435278.243199977		161222941.892963
5441725.785599977		160266577.366325
5448173.327999976		162047074.060040
5454620.870399976		161014904.786312
5461068.412799976		159979357.183343
5467515.9551999755		158940127.660234
5473963.497599975		157896914.501824
5480411.039999975		156850229.414871
5486858.582399975		155799800.768397
5493306.124799974		154733484.253791
5499753.667199974		153734449.116167
5506201.209599974		152742402.324449
5512648.751999973		151747191.207106
5519096.294399973		153627004.140812
5525543.836799973		152570733.034008
5531991.379199972		151496041.649542
5538438.921599972		150417660.766121
5544886.463999972		149335365.897130
5551334.006399971		148248885.680632
5557781.548799971		147158678.224238
5564229.091199971		146110666.483466
5570676.6335999705		145103377.559653
5577124.17599997		144092410.235566
5583571.71839997		146079545.055719
5590019.26079997		144988937.446473
5596466.803199969		143894271.380775
5602914.345599969		142795970.760395
5609361.887999969		141693596.307725
5615809.430399968		140587356.815341
5622256.972799968		139477409.571727
5628704.515199968		138375867.017963
5635152.057599967		137349388.903042
5641599.599999967		136319353.335312
5648047.142399967		135286064.437582
5654494.684799966		137845148.844650
5660942.227199966		136794306.435542
5667389.769599966		135625203.593203
5673837.311999965		135069557.368176
5680284.854399965		133388082.778931
5686732.396799965		132266723.458218
5693179.9391999645		131137851.840451
5699627.481599964		130620949.124087
5706075.023999964		129602434.078061
5712522.566399964		127920535.172870
5718970.108799963		130073435.070490
5725417.651199963		128946094.666794
5731865.193599963		127811764.122896
5738312.735999962		126667932.633819
5744760.278399962		125514430.336707
5751207.820799962		124360011.552422
5757655.363199961		123194810.353587
5764102.905599961		122649919.967718
5770550.447999961		121529767.692417
5776997.99039996		119857751.648267
5783445.53279996		118749571.957938
5789893.07519996		120975171.637591
5796340.6175999595		119799439.176650
5802788.159999959		118628278.797648
5809235.702399959		117452204.569592
5815683.244799959		116271499.858873
5822130.787199958		115084231.689734
5828578.329599958		114558070.783616
5835025.871999958		113398982.404472
5841473.414399957		111682470.077030
5847920.956799957		110540356.797103
5854368.499199957		112854013.513233
5860816.041599956		111663663.741720
5867263.583999956		110469015.215910
5873711.126399956		110226404.019077
5880158.668799955		108043668.445224
5886606.211199955		106819781.220275
5893053.753599955		105622458.973175
5899501.295999954		104467393.127085
5905948.838399954		103292908.269387
5912396.380799954		102125518.269594
5918843.9231999535		104572542.706501
5925291.465599953		103347142.088434
5931739.007999953		102117239.812069
5938186.550399953		101525412.303481
5944634.092799952		99625524.130066
5951081.635199952		98377681.015495
5957529.177599952		97155772.150070
5963976.719999951		96615090.201852
5970424.262399951		94792535.575853
5976871.804799951		93605751.150110
5983319.34719995		96124708.358261
5989766.88959995		94875063.961674
5996214.43199995		94290789.257507
6002661.974399949		92358242.133823
6009109.516799949		91093508.692599
6015557.059199949		89824016.827676
6022004.6015999485		88589358.866043
6028452.143999948		88040787.359526
6034899.686399948		86189178.641215
6041347.228799948		84982760.678786
6047794.771199947		87563816.361648
6054242.313599947		86291974.223398
6060689.855999947		85015295.417515
6067137.398399946		83732892.194925
6073584.940799946		82446204.406890
6080032.483199946		81153801.796717
6086480.025599945		80183325.838683
6092927.567999945		78701119.688903
6099375.110399945		77478630.185139
6105822.652799944		76251773.354500
6112270.195199944		78885707.614387
6118717.737599944		77591344.760554
6125165.279999943		76291958.235924
6131612.822399943		74986503.120949
6138060.364799943		73676863.096276
6144507.9071999425		72371637.587551
6150955.449599942		71817450.526944
6157402.991999942		70544210.548287
6163850.534399942		68611918.281240
6170298.076799941		67346001.739774
6176745.619199941		70079865.148689
6183193.161599941		68744708.276123
6189640.70399994		67403397.460354
6196088.24639994		66057405.112363
6202535.78879994		64706022.613886
6208983.331199939		64121580.971264
6215430.873599939		62812551.224324
6221878.415999939		61492974.663314
6228325.958399938		60168069.963131
6234773.500799938		62391749.185781
6241221.043199938		61015752.996818
6247668.5855999375		59625892.093655
6254116.127999937		58230576.672650
6260563.670399937		56828931.520566
6267011.2127999365		55449358.811954
6273458.755199936		54865861.242465
6279906.297599936		52791507.929151
6286353.839999936		51454205.874647
6292801.382399935		54462716.662385
6299248.924799935		53047437.987060
6305696.467199935		51626292.715020
6312144.009599934		50198401.574148
6318591.551999934		48756748.002997
6325039.094399934		47369197.376923
6331486.636799933		46017895.530592
6337934.179199933		44660696.793277
6344381.721599933		43296340.265179
6350829.263999932		46384163.686540
6357276.806399932		44941064.592944
6363724.348799932		43490063.642411
6370171.8911999315		42029201.256322
6376619.433599931		40562131.561671
6383066.975999931		39158329.396280
6389514.518399931		38546987.475544
6395962.06079993		36361851.265067
6402409.60319993		34953782.431056
6408857.14559993		38159754.162285
6415304.687999929		36664338.218073
6421752.230399929		35161328.653473
6428199.772799929		33650939.471173
6434647.315199928		32132369.549294
6441094.857599928		30710804.492241
6447542.399999928		29282492.794922