168.076 -0.000634775 -84.0382 1709.2 100846 -0.177075 7.90276e-008 0.000634775 84.0382 -1709.2 -84710.5 0.0551982 -7.90276e-008 0.000634775 -84.0382 1709.2 100846 0.177075 7.90829e-008 -0.000634775 84.0382 -1709.2 -84710.5 -0.0551983 -7.90829e-008
336.153 -0.0025391 -168.076 1709.2 201692 -0.7083 -1.90411e-007 0.0025391 168.076 -1709.2 -169421 0.220793 1.90411e-007 0.0025391 -168.076 1709.2 201692 0.7083 -1.90483e-007 -0.0025391 168.076 -1709.2 -169421 -0.220793 1.90483e-007
504.229 -0.00571298 -252.115 1709.2 302538 -1.59368 -3.03262e-007 0.00571298 252.115 -1709.2 -254132 0.496784 3.03262e-007 0.00571297 -252.115 1709.2 302538 1.59367 -3.03492e-007 -0.00571297 252.115 -1709.2 -254132 -0.496784 3.03492e-007
672.306 -0.0101564 -336.153 1709.2 403383 -2.8332 1.32606e-006 0.0101564 336.153 -1709.2 -338842 0.883172 -1.32606e-006 0.0101564 -336.153 1709.2 403383 2.8332 1.32686e-006 -0.0101564 336.153 -1709.2 -338842 -0.883172 -1.32686e-006
840.382 -0.0158694 -420.191 1709.2 504229 -4.42688 -2.49281e-006 0.0158694 420.191 -1709.2 -423553 1.37996 2.49281e-006 0.0158694 -420.191 1709.2 504229 4.42687 -2.49369e-006 -0.0158694 420.191 -1709.2 -423553 -1.37996 2.49369e-006
1008.46 -0.0228519 -504.229 1709.2 605075 -6.37471 5.2802e-007 0.0228519 504.229 -1709.2 -508263 1.98714 -5.2802e-007 0.0228519 -504.229 1709.2 605075 6.37469 5.27804e-007 -0.0228519 504.229 -1709.2 -508263 -1.98714 -5.27804e-007
1176.53 -0.031104 -588.267 1709.2 705921 -8.67667 4.23735e-007 0.031104 588.267 -1709.2 -592974 2.70472 -4.23735e-007 0.031104 -588.267 1709.2 705921 8.67668 4.22908e-007 -0.031104 588.267 -1709.2 -592974 -2.70472 -4.22908e-007
1344.61 -0.0406256 -672.306 1709.2 806767 -11.3328 2.32912e-007 0.0406256 672.306 -1709.2 -677684 3.53269 -2.32912e-007 0.0406256 -672.306 1709.2 806767 11.3328 2.32778e-007 -0.0406256 672.306 -1709.2 -677684 -3.53269 -2.32778e-007
1512.69 -0.0514167 -756.344 1709.2 907613 -14.3431 9.24636e-007 0.0514167 756.344 -1709.2 -762395 4.47106 -9.24636e-007 0.0514167 -756.344 1709.2 907613 14.3431 9.2363e-007 -0.0514167 756.344 -1709.2 -762395 -4.47106 -9.2363e-007
1680.76 -0.0634774 -840.382 1709.2 1.00846e+006 -17.7075 -4.13236e-007 0.0634774 840.382 -1709.2 -847105 5.51983 4.13236e-007 0.0634774 -840.382 1709.2 1.00846e+006 17.7075 -4.12469e-007 -0.0634774 840.382 -1709.2 -847105 -5.51983 4.12469e-007
1848.84 -0.0768077 -924.42 1709.2 1.1093e+006 -21.4261 -9.89828e-007 0.0768077 924.42 -1709.2 -931816 6.679 9.89828e-007 0.0768077 -924.42 1709.2 1.1093e+006 21.4261 -9.89191e-007 -0.0768077 924.42 -1709.2 -931816 -6.679 9.89191e-007
2016.92 -0.0914075 -1008.46 1709.2 1.21015e+006 -25.4988 1.63017e-006 0.0914075 1008.46 -1709.2 -1.01653e+006 7.94856 -1.63017e-006 0.0914075 -1008.46 1709.2 1.21015e+006 25.4988 1.62921e-006 -0.0914075 1008.46 -1709.2 -1.01653e+006 -7.94856 -1.62921e-006
2184.99 -0.107277 -1092.5 1709.2 1.311e+006 -29.9257 1.08229e-006 0.107277 1092.5 -1709.2 -1.10124e+006 9.32852 -1.08229e-006 0.107277 -1092.5 1709.2 1.311e+006 29.9257 1.08208e-006 -0.107277 1092.5 -1709.2 -1.10124e+006 -9.32852 -1.08208e-006
2353.07 -0.124416 -1176.53 1709.2 1.41184e+006 -34.7067 1.86651e-006 0.124416 1176.53 -1709.2 -1.18595e+006 10.8189 -1.86651e-006 0.124416 -1176.53 1709.2 1.41184e+006 34.7067 1.86596e-006 -0.124416 1176.53 -1709.2 -1.18595e+006 -10.8189 -1.86596e-006
2521.15 -0.142824 -1260.57 1709.2 1.51269e+006 -39.8419 1.29185e-005 0.142824 1260.57 -1709.2 -1.27066e+006 12.4196 -1.29185e-005 0.142824 -1260.57 1709.2 1.51269e+006 39.8419 1.29182e-005 -0.142824 1260.57 -1709.2 -1.27066e+006 -12.4196 -1.29182e-005
2689.22 -0.162502 -1344.61 1709.2 1.61353e+006 -45.3312 -3.83908e-007 0.162502 1344.61 -1709.2 -1.35537e+006 14.1308 3.83908e-007 0.162502 -1344.61 1709.2 1.61353e+006 45.3312 -3.83298e-007 -0.162502 1344.61 -1709.2 -1.35537e+006 -14.1308 3.83298e-007
2857.3 -0.18345 -1428.65 1709.2 1.71438e+006 -51.1747 -5.26503e-006 0.18345 1428.65 -1709.2 -1.44008e+006 15.9523 5.26503e-006 0.18345 -1428.65 1709.2 1.71438e+006 51.1747 -5.265e-006 -0.18345 1428.65 -1709.2 -1.44008e+006 -15.9523 5.265e-006
3025.38 -0.205667 -1512.69 1709.2 1.81523e+006 -57.3723 -1.49873e-006 0.205667 1512.69 -1709.2 -1.52479e+006 17.8843 1.49873e-006 0.205667 -1512.69 1709.2 1.81523e+006 57.3723 -1.49879e-006 -0.205667 1512.69 -1709.2 -1.52479e+006 -17.8843 1.49879e-006
3193.45 -0.229153 -1596.73 1709.2 1.91607e+006 -63.9241 -5.22955e-007 0.229153 1596.73 -1709.2 -1.6095e+006 19.9267 5.22955e-007 0.229153 -1596.73 1709.2 1.91607e+006 63.9241 -5.23134e-007 -0.229153 1596.73 -1709.2 -1.6095e+006 -19.9267 5.23134e-007
3361.53 -0.253909 -1680.76 1709.2 2.01692e+006 -70.83 -4.67459e-008 0.253909 1680.76 -1709.2 -1.69421e+006 22.0794 4.67459e-008 0.253909 -1680.76 1709.2 2.01692e+006 70.83 -4.67233e-008 -0.253909 1680.76 -1709.2 -1.69421e+006 -22.0794 4.67233e-008
3529.6 -0.279935 -1764.8 1709.2 2.11776e+006 -78.0901 1.54643e-007 0.279935 1764.8 -1709.2 -1.77892e+006 24.3426 -1.54643e-007 0.279935 -1764.8 1709.2 2.11776e+006 78.0901 1.54329e-007 -0.279935 1764.8 -1709.2 -1.77892e+006 -24.3426 -1.54329e-007
3697.68 -0.30723 -1848.84 1709.2 2.21861e+006 -85.7043 -1.25259e-006 0.30723 1848.84 -1709.2 -1.86363e+006 26.7161 1.25259e-006 0.30723 -1848.84 1709.2 2.21861e+006 85.7043 -1.25287e-006 -0.30723 1848.84 -1709.2 -1.86363e+006 -26.7161 1.25287e-006
3865.76 -0.335795 -1932.88 1709.2 2.31945e+006 -93.6727 -4.20624e-008 0.335795 1932.88 -1709.2 -1.94834e+006 29.2001 4.20624e-008 0.335795 -1932.88 1709.2 2.31945e+006 93.6727 -4.2528e-008 -0.335795 1932.88 -1709.2 -1.94834e+006 -29.2001 4.2528e-008
4033.83 -0.365629 -2016.92 1709.2 2.4203e+006 -101.995 4.78148e-007 0.365629 2016.92 -1709.2 -2.03305e+006 31.7944 -4.78148e-007 0.365629 -2016.92 1709.2 2.4203e+006 101.995 4.78237e-007 -0.365629 2016.92 -1709.2 -2.03305e+006 -31.7944 -4.78237e-007
4201.91 -0.396733 -2100.96 1709.2 2.52115e+006 -110.672 1.73254e-006 0.396733 2100.96 -1709.2 -2.11776e+006 34.4992 -1.73254e-006 0.396733 -2100.96 1709.2 2.52115e+006 110.672 1.73282e-006 -0.396733 2100.96 -1709.2 -2.11776e+006 -34.4992 -1.73282e-006
4369.99 -0.429106 -2184.99 1709.2 2.62199e+006 -119.703 -1.74107e-006 0.429106 2184.99 -1709.2 -2.20247e+006 37.3143 1.74107e-006 0.429106 -2184.99 1709.2 2.62199e+006 119.703 -1.74115e-006 -0.429106 2184.99 -1709.2 -2.20247e+006 -37.3143 1.74115e-006
4538.06 -0.462749 -2269.03 1709.2 2.72284e+006 -129.088 7.83399e-006 0.462749 2269.03 -1709.2 -2.28718e+006 40.2399 -7.83399e-006 0.462749 -2269.03 1709.2 2.72284e+006 129.088 7.83469e-006 -0.462749 2269.03 -1709.2 -2.28718e+006 -40.2399 -7.83469e-006
4706.14 -0.497661 -2353.07 1709.2 2.82368e+006 -138.827 -5.9853e-007 0.497661 2353.07 -1709.2 -2.37189e+006 43.2758 5.9853e-007 0.497661 -2353.07 1709.2 2.82368e+006 138.827 -5.9832e-007 -0.497661 2353.07 -1709.2 -2.37189e+006 -43.2758 5.9832e-007
4874.22 -0.533843 -2437.11 1709.2 2.92453e+006 -148.92 -1.10284e-005 0.533843 2437.11 -1709.2 -2.4566e+006 46.4222 1.10284e-005 0.533843 -2437.11 1709.2 2.92453e+006 148.92 -1.10289e-005 -0.533843 2437.11 -1709.2 -2.4566e+006 -46.4222 1.10289e-005
5042.29 -0.571294 -2521.15 1709.2 3.02538e+006 -159.367 5.67549e-007 0.571294 2521.15 -1709.2 -2.54132e+006 49.6789 -5.67549e-007 0.571294 -2521.15 1709.2 3.02538e+006 159.367 5.67546e-007 -0.571294 2521.15 -1709.2 -2.54132e+006 -49.6789 -5.67546e-007
5210.37 -0.610015 -2605.18 1709.2 3.12622e+006 -170.169 -1.30375e-007 0.610015 2605.18 -1709.2 -2.62603e+006 53.0461 1.30375e-007 0.610015 -2605.18 1709.2 3.12622e+006 170.169 -1.30264e-007 -0.610015 2605.18 -1709.2 -2.62603e+006 -53.0461 1.30264e-007
5378.45 -0.650006 -2689.22 1709.2 3.22707e+006 -181.325 -3.77274e-007 0.650006 2689.22 -1709.2 -2.71074e+006 56.5237 3.77274e-007 0.650006 -2689.22 1709.2 3.22707e+006 181.325 -3.77205e-007 -0.650006 2689.22 -1709.2 -2.71074e+006 -56.5237 3.77205e-007
5546.52 -0.691265 -2773.26 1709.2 3.32791e+006 -192.835 2.2119e-007 0.691265 2773.26 -1709.2 -2.79545e+006 60.1117 -2.2119e-007 0.691265 -2773.26 1709.2 3.32791e+006 192.835 2.20846e-007 -0.691265 2773.26 -1709.2 -2.79545e+006 -60.1117 -2.20846e-007
5714.6 -0.733795 -2857.3 1709.2 3.42876e+006 -204.699 1.05411e-006 0.733795 2857.3 -1709.2 -2.88016e+006 63.81 -1.05411e-006 0.733795 -2857.3 1709.2 3.42876e+006 204.699 1.05384e-006 -0.733795 2857.3 -1709.2 -2.88016e+006 -63.81 -1.05384e-006
5882.67 -0.777594 -2941.34 1709.2 3.5296e+006 -216.917 -2.11473e-007 0.777594 2941.34 -1709.2 -2.96487e+006 67.6188 2.11473e-007 0.777594 -2941.34 1709.2 3.5296e+006 216.917 -2.11592e-007 -0.777594 2941.34 -1709.2 -2.96487e+006 -67.6188 2.11592e-007
6050.75 -0.822662 -3025.38 1709.2 3.63045e+006 -229.489 -2.98533e-007 0.822662 3025.38 -1709.2 -3.04958e+006 71.538 2.98533e-007 0.822662 -3025.38 1709.2 3.63045e+006 229.489 -2.98523e-007 -0.822662 3025.38 -1709.2 -3.04958e+006 -71.538 2.98523e-007
6218.83 -0.869 -3109.41 1709.2 3.7313e+006 -242.416 -4.88697e-008 0.869 3109.41 -1709.2 -3.13429e+006 75.5676 4.88697e-008 0.869 -3109.41 1709.2 3.7313e+006 242.416 -4.87914e-008 -0.869 3109.41 -1709.2 -3.13429e+006 -75.5676 4.87914e-008
6386.9 -0.916607 -3193.45 1709.2 3.83214e+006 -255.696 -3.87023e-007 0.916607 3193.45 -1709.2 -3.219e+006 79.7076 3.87023e-007 0.916607 -3193.45 1709.2 3.83214e+006 255.696 -3.87214e-007 -0.916607 3193.45 -1709.2 -3.219e+006 -79.7076 3.87214e-007
6554.98 -0.965484 -3277.49 1709.2 3.93299e+006 -269.331 8.34947e-006 0.965484 3277.49 -1709.2 -3.30371e+006 83.958 -8.34947e-006 0.965484 -3277.49 1709.2 3.93299e+006 269.331 8.34968e-006 -0.965484 3277.49 -1709.2 -3.30371e+006 -83.958 -8.34968e-006
6723.06 -1.01563 -3361.53 1709.2 4.03383e+006 -283.32 1.11774e-007 1.01563 3361.53 -1709.2 -3.38842e+006 88.3188 -1.11774e-007 1.01563 -3361.53 1709.2 4.03383e+006 283.32 1.11856e-007 -1.01563 3361.53 -1709.2 -3.38842e+006 -88.3188 -1.11856e-007
6891.13 -1.06705 -3445.57 1709.2 4.13468e+006 -297.663 3.23935e-007 1.06705 3445.57 -1709.2 -3.47313e+006 92.7901 -3.23935e-007 1.06705 -3445.57 1709.2 4.13468e+006 297.663 3.23379e-007 -1.06705 3445.57 -1709.2 -3.47313e+006 -92.7901 -3.23379e-007
7059.21 -1.11973 -3529.6 1709.2 4.23553e+006 -312.36 -2.65517e-007 1.11973 3529.6 -1709.2 -3.55784e+006 97.3717 2.65517e-007 1.11973 -3529.6 1709.2 4.23553e+006 312.36 -2.6584e-007 -1.11973 3529.6 -1709.2 -3.55784e+006 -97.3717 2.6584e-007
7227.29 -1.17369 -3613.64 1709.2 4.33637e+006 -327.411 -1.06085e-007 1.17369 3613.64 -1709.2 -3.64255e+006 102.064 1.06085e-007 1.17369 -3613.64 1709.2 4.33637e+006 327.411 -1.06197e-007 -1.17369 3613.64 -1709.2 -3.64255e+006 -102.064 1.06197e-007
7395.36 -1.22891 -3697.68 1709.2 4.43722e+006 -342.817 -6.6896e-008 1.22891 3697.68 -1709.2 -3.72726e+006 106.866 6.6896e-008 1.22891 -3697.68 1709.2 4.43722e+006 342.817 -6.66515e-008 -1.22891 3697.68 -1709.2 -3.72726e+006 -106.866 6.66515e-008
7563.44 -1.2854 -3781.72 1709.2 4.53806e+006 -358.577 2.25836e-007 1.2854 3781.72 -1709.2 -3.81197e+006 111.779 -2.25836e-007 1.2854 -3781.72 1709.2 4.53806e+006 358.577 2.26057e-007 -1.2854 3781.72 -1709.2 -3.81197e+006 -111.779 -2.26057e-007
7731.52 -1.34317 -3865.76 1709.2 4.63891e+006 -374.69 -1.06796e-006 1.34317 3865.76 -1709.2 -3.89668e+006 116.802 1.06796e-006 1.34317 -3865.76 1709.2 4.63891e+006 374.69 -1.06789e-006 -1.34317 3865.76 -1709.2 -3.89668e+006 -116.802 1.06789e-006
7899.59 -1.4022 -3949.8 1709.2 4.73975e+006 -391.158 -2.50444e-007 1.4022 3949.8 -1709.2 -3.98139e+006 121.936 2.50444e-007 1.4022 -3949.8 1709.2 4.73975e+006 391.158 -2.50138e-007 -1.4022 3949.8 -1709.2 -3.98139e+006 -121.936 2.50138e-007
8067.67 -1.4625 -4033.83 1709.2 4.8406e+006 -407.981 7.40878e-007 1.4625 4033.83 -1709.2 -4.0661e+006 127.18 -7.40878e-007 1.4625 -4033.83 1709.2 4.8406e+006 407.981 7.40992e-007 -1.4625 4033.83 -1709.2 -4.0661e+006 -127.18 -7.40992e-007
8235.74 -1.52407 -4117.87 1709.2 4.94145e+006 -425.157 1.39279e-006 1.52407 4117.87 -1709.2 -4.15082e+006 132.535 -1.39279e-006 1.52407 -4117.87 1709.2 4.94145e+006 425.157 1.39286e-006 -1.52407 4117.87 -1709.2 -4.15082e+006 -132.535 -1.39286e-006
8403.82 -1.58691 -4201.91 1709.2 5.04229e+006 -442.687 -7.39605e-008 1.58691 4201.91 -1709.2 -4.23553e+006 138 7.39605e-008 1.58691 -4201.91 1709.2 5.04229e+006 442.687 -7.40298e-008 -1.58691 4201.91 -1709.2 -4.23553e+006 -138 7.40298e-008
8571.9 -1.65102 -4285.95 1709.2 5.14314e+006 -460.572 -2.04439e-006 1.65102 4285.95 -1709.2 -4.32024e+006 143.575 2.04439e-006 1.65102 -4285.95 1709.2 5.14314e+006 460.572 -2.0448e-006 -1.65102 4285.95 -1709.2 -4.32024e+006 -143.575 2.0448e-006
