168.076 0.594689
336.153 1.18938
504.229 1.78407
672.306 2.37876
840.382 2.97344
1008.46 3.56813
1176.53 4.16282
1344.61 4.75751
1512.69 5.3522
1680.76 5.94689
1848.84 6.54158
2016.92 7.13627
2184.99 7.73095
2353.07 8.32564
2521.15 8.92033
2689.22 9.51502
2857.3 10.1097
3025.38 10.7044
3193.45 11.2991
3361.53 11.8938
3529.6 12.4885
3697.68 13.0832
3865.76 13.6778
4033.83 14.2725
4201.91 14.8672
4369.99 15.4619
4538.06 16.0566
4706.14 16.6513
4874.22 17.246
5042.29 17.8407
5210.37 18.4354
5378.45 19.03
5546.52 19.6247
5714.6 20.2194
5882.67 20.8141
6050.75 21.4088
6218.83 22.0035
6386.9 22.5982
6554.98 23.1929
6723.06 23.7876
6891.13 24.3822
7059.21 24.9769
7227.29 25.5716
7395.36 26.1663
7563.44 26.761
7731.52 27.3557
7899.59 27.9504
8067.67 28.5451
8235.74 29.1398
8403.82 29.7344
8571.9 30.3291
