168.076 0.144588
336.153 0.289177
504.229 0.433765
672.306 0.578353
840.382 0.722941
1008.46 0.86753
1176.53 1.01212
1344.61 1.15671
1512.69 1.30129
1680.76 1.44588
1848.84 1.59047
2016.92 1.73506
2184.99 1.87965
2353.07 2.02424
2521.15 2.16882
2689.22 2.31341
2857.3 2.458
3025.38 2.60259
3193.45 2.74718
3361.53 2.89177
3529.6 3.03635
3697.68 3.18094
3865.76 3.32553
4033.83 3.47012
4201.91 3.61471
4369.99 3.75929
4538.06 3.90388
4706.14 4.04847
4874.22 4.19306
5042.29 4.33765
5210.37 4.48224
5378.45 4.62682
5546.52 4.77141
5714.6 4.916
5882.67 5.06059
6050.75 5.20518
6218.83 5.34977
6386.9 5.49435
6554.98 5.63894
6723.06 5.78353
6891.13 5.92812
7059.21 6.07271
7227.29 6.21729
7395.36 6.36188
7563.44 6.50647
7731.52 6.65106
7899.59 6.79565
8067.67 6.94024
8235.74 7.08482
8403.82 7.22941
8571.9 7.374
