168.076 1
336.153 2
504.229 3
672.306 4
840.382 5
1008.46 6
1176.53 7
1344.61 8
1512.69 9
1680.76 10
1848.84 11
2016.92 12
2184.99 13
2353.07 14
2521.15 15
2689.22 16
2857.3 17
3025.38 18
3193.45 19
3361.53 20
3529.6 21
3697.68 22
3865.76 23
4033.83 24
4201.91 25
4369.99 26
4538.06 27
4706.14 28
4874.22 29
5042.29 30
5210.37 31
5378.45 32
5546.52 33
5714.6 34
5882.67 35
6050.75 36
6218.83 37
6386.9 38
6554.98 39
6723.06 40
6891.13 41
7059.21 42
7227.29 43
7395.36 44
7563.44 45
7731.52 46
7899.59 47
8067.67 48
8235.74 49
8403.82 50
8571.9 51
