168.076 0.0211889
336.153 0.0423779
504.229 0.0635668
672.306 0.0847557
840.382 0.105945
1008.46 0.127134
1176.53 0.148323
1344.61 0.169511
1512.69 0.1907
1680.76 0.211889
1848.84 0.233078
2016.92 0.254267
2184.99 0.275456
2353.07 0.296645
2521.15 0.317834
2689.22 0.339023
2857.3 0.360212
3025.38 0.381401
3193.45 0.40259
3361.53 0.423779
3529.6 0.444968
3697.68 0.466156
3865.76 0.487345
4033.83 0.508534
4201.91 0.529723
4369.99 0.550912
4538.06 0.572101
4706.14 0.59329
4874.22 0.614479
5042.29 0.635668
5210.37 0.656857
5378.45 0.678046
5546.52 0.699235
5714.6 0.720424
5882.67 0.741613
6050.75 0.762801
6218.83 0.78399
6386.9 0.805179
6554.98 0.826368
6723.06 0.847557
6891.13 0.868746
7059.21 0.889935
7227.29 0.911124
7395.36 0.932313
7563.44 0.953502
7731.52 0.974691
7899.59 0.99588
8067.67 1.01707
8235.74 1.03826
8403.82 1.05945
8571.9 1.08064
