168.076 0.0708347
336.153 0.141669
504.229 0.212504
672.306 0.283339
840.382 0.354174
1008.46 0.425008
1176.53 0.495843
1344.61 0.566678
1512.69 0.637512
1680.76 0.708347
1848.84 0.779182
2016.92 0.850017
2184.99 0.920851
2353.07 0.991686
2521.15 1.06252
2689.22 1.13336
2857.3 1.20419
3025.38 1.27502
3193.45 1.34586
3361.53 1.41669
3529.6 1.48753
3697.68 1.55836
3865.76 1.6292
4033.83 1.70003
4201.91 1.77087
4369.99 1.8417
4538.06 1.91254
4706.14 1.98337
4874.22 2.05421
5042.29 2.12504
5210.37 2.19588
5378.45 2.26671
5546.52 2.33755
5714.6 2.40838
5882.67 2.47922
6050.75 2.55005
6218.83 2.62088
6386.9 2.69172
6554.98 2.76255
6723.06 2.83339
6891.13 2.90422
7059.21 2.97506
7227.29 3.04589
7395.36 3.11673
7563.44 3.18756
7731.52 3.2584
7899.59 3.32923
8067.67 3.40007
8235.74 3.4709
8403.82 3.54174
8571.9 3.61257
