168.076 0.237928
336.153 0.475855
504.229 0.713783
672.306 0.95171
840.382 1.18964
1008.46 1.42757
1176.53 1.66549
1344.61 1.90342
1512.69 2.14135
1680.76 2.37928
1848.84 2.6172
2016.92 2.85513
2184.99 3.09306
2353.07 3.33099
2521.15 3.56891
2689.22 3.80684
2857.3 4.04477
3025.38 4.2827
3193.45 4.52062
3361.53 4.75855
3529.6 4.99648
3697.68 5.23441
3865.76 5.47233
4033.83 5.71026
4201.91 5.94819
4369.99 6.18612
4538.06 6.42404
4706.14 6.66197
4874.22 6.8999
5042.29 7.13783
5210.37 7.37575
5378.45 7.61368
5546.52 7.85161
5714.6 8.08954
5882.67 8.32746
6050.75 8.56539
6218.83 8.80332
6386.9 9.04125
6554.98 9.27917
6723.06 9.5171
6891.13 9.75503
7059.21 9.99296
7227.29 10.2309
7395.36 10.4688
7563.44 10.7067
7731.52 10.9447
7899.59 11.1826
8067.67 11.4205
8235.74 11.6584
8403.82 11.8964
8571.9 12.1343
