168.076 0.346592
336.153 0.693184
504.229 1.03978
672.306 1.38637
840.382 1.73296
1008.46 2.07955
1176.53 2.42615
1344.61 2.77274
1512.69 3.11933
1680.76 3.46592
1848.84 3.81251
2016.92 4.15911
2184.99 4.5057
2353.07 4.85229
2521.15 5.19888
2689.22 5.54548
2857.3 5.89207
3025.38 6.23866
3193.45 6.58525
3361.53 6.93184
3529.6 7.27844
3697.68 7.62503
3865.76 7.97162
4033.83 8.31821
4201.91 8.66481
4369.99 9.0114
4538.06 9.35799
4706.14 9.70458
4874.22 10.0512
5042.29 10.3978
5210.37 10.7444
5378.45 11.091
5546.52 11.4375
5714.6 11.7841
5882.67 12.1307
6050.75 12.4773
6218.83 12.8239
6386.9 13.1705
6554.98 13.5171
6723.06 13.8637
6891.13 14.2103
7059.21 14.5569
7227.29 14.9035
7395.36 15.2501
7563.44 15.5966
7731.52 15.9432
7899.59 16.2898
8067.67 16.6364
8235.74 16.983
8403.82 17.3296
8571.9 17.6762
