168.076 0.863345
336.153 1.72669
504.229 2.59004
672.306 3.45338
840.382 4.31673
1008.46 5.18007
1176.53 6.04342
1344.61 6.90676
1512.69 7.77011
1680.76 8.63345
1848.84 9.4968
2016.92 10.3601
2184.99 11.2235
2353.07 12.0868
2521.15 12.9502
2689.22 13.8135
2857.3 14.6769
3025.38 15.5402
3193.45 16.4036
3361.53 17.2669
3529.6 18.1303
3697.68 18.9936
3865.76 19.8569
4033.83 20.7203
4201.91 21.5836
4369.99 22.447
4538.06 23.3103
4706.14 24.1737
4874.22 25.037
5042.29 25.9004
5210.37 26.7637
5378.45 27.627
5546.52 28.4904
5714.6 29.3537
5882.67 30.2171
6050.75 31.0804
6218.83 31.9438
6386.9 32.8071
6554.98 33.6705
6723.06 34.5338
6891.13 35.3972
7059.21 36.2605
7227.29 37.1238
7395.36 37.9872
7563.44 38.8505
7731.52 39.7139
7899.59 40.5772
8067.67 41.4406
8235.74 42.3039
8403.82 43.1673
8571.9 44.0306
