168.076 0.466671
336.153 0.933342
504.229 1.40001
672.306 1.86668
840.382 2.33336
1008.46 2.80003
1176.53 3.2667
1344.61 3.73337
1512.69 4.20004
1680.76 4.66671
1848.84 5.13338
2016.92 5.60005
2184.99 6.06672
2353.07 6.53339
2521.15 7.00007
2689.22 7.46674
2857.3 7.93341
3025.38 8.40008
3193.45 8.86675
3361.53 9.33342
3529.6 9.80009
3697.68 10.2668
3865.76 10.7334
4033.83 11.2001
4201.91 11.6668
4369.99 12.1334
4538.06 12.6001
4706.14 13.0668
4874.22 13.5335
5042.29 14.0001
5210.37 14.4668
5378.45 14.9335
5546.52 15.4001
5714.6 15.8668
5882.67 16.3335
6050.75 16.8002
6218.83 17.2668
6386.9 17.7335
6554.98 18.2002
6723.06 18.6668
6891.13 19.1335
7059.21 19.6002
7227.29 20.0669
7395.36 20.5335
7563.44 21.0002
7731.52 21.4669
7899.59 21.9335
8067.67 22.4002
8235.74 22.8669
8403.82 23.3336
8571.9 23.8002
