168.076 0.727694
336.153 1.45539
504.229 2.18308
672.306 2.91078
840.382 3.63847
1008.46 4.36616
1176.53 5.09386
1344.61 5.82155
1512.69 6.54924
1680.76 7.27694
1848.84 8.00463
2016.92 8.73233
2184.99 9.46002
2353.07 10.1877
2521.15 10.9154
2689.22 11.6431
2857.3 12.3708
3025.38 13.0985
3193.45 13.8262
3361.53 14.5539
3529.6 15.2816
3697.68 16.0093
3865.76 16.737
4033.83 17.4647
4201.91 18.1923
4369.99 18.92
4538.06 19.6477
4706.14 20.3754
4874.22 21.1031
5042.29 21.8308
5210.37 22.5585
5378.45 23.2862
5546.52 24.0139
5714.6 24.7416
5882.67 25.4693
6050.75 26.197
6218.83 26.9247
6386.9 27.6524
6554.98 28.3801
6723.06 29.1078
6891.13 29.8354
7059.21 30.5631
7227.29 31.2908
7395.36 32.0185
7563.44 32.7462
7731.52 33.4739
7899.59 34.2016
8067.67 34.9293
8235.74 35.657
8403.82 36.3847
8571.9 37.1124
