168.076 2.80619e-005 -6.6052e-009 -8.11164e-006 0 0 0 -2.80619e-005 6.6052e-009 8.11164e-006 0 0 0 -9.75812e-005 6.05043e-009 2.82071e-005 0 0 0 9.75812e-005 -6.05043e-009 -2.82071e-005 0 0 0
336.153 0.000112247 -5.28412e-008 -3.24463e-005 0 0 0 -0.000112247 5.28412e-008 3.24463e-005 0 0 0 -0.000390324 4.84034e-008 0.000112828 0 0 0 0.000390324 -4.84034e-008 -0.000112828 0 0 0
504.229 0.000252556 -1.7834e-007 -7.30046e-005 0 0 0 -0.000252556 1.7834e-007 7.30046e-005 0 0 0 -0.000878226 1.63361e-007 0.000253862 0 0 0 0.000878226 -1.63361e-007 -0.000253862 0 0 0
672.306 0.000448984 -4.22727e-007 -0.000129785 0 0 0 -0.000448984 4.22727e-007 0.000129785 0 0 0 -0.0015613 3.87228e-007 0.000451314 0 0 0 0.0015613 -3.87228e-007 -0.000451314 0 0 0
840.382 0.000701566 -8.25672e-007 -0.000202797 0 0 0 -0.000701566 8.25672e-007 0.000202797 0 0 0 -0.00243951 7.56298e-007 0.000705171 0 0 0 0.00243951 -7.56298e-007 -0.000705171 0 0 0
1008.46 0.00101024 -1.42674e-006 -0.000292023 0 0 0 -0.00101024 1.42674e-006 0.000292023 0 0 0 -0.0035129 1.30688e-006 0.00101545 0 0 0 0.0035129 -1.30688e-006 -0.00101545 0 0 0
1176.53 0.00137503 -2.26557e-006 -0.000397469 0 0 0 -0.00137503 2.26557e-006 0.000397469 0 0 0 -0.00478147 2.0753e-006 0.00138214 0 0 0 0.00478147 -2.0753e-006 -0.00138214 0 0 0
1344.61 0.00179595 -3.38186e-006 -0.000519144 0 0 0 -0.00179595 3.38186e-006 0.000519144 0 0 0 -0.00624518 3.09782e-006 0.00180525 0 0 0 0.00624518 -3.09782e-006 -0.00180525 0 0 0
1512.69 0.00227301 -4.81519e-006 -0.000657043 0 0 0 -0.00227301 4.81519e-006 0.000657043 0 0 0 -0.00790406 4.41076e-006 0.00228477 0 0 0 0.00790406 -4.41076e-006 -0.00228477 0 0 0
1680.76 0.00280619 -6.60521e-006 -0.000811165 0 0 0 -0.00280619 6.60521e-006 0.000811165 0 0 0 -0.00975809 6.05042e-006 0.0028207 0 0 0 0.00975809 -6.05042e-006 -0.0028207 0 0 0
1848.84 0.00339549 -8.79155e-006 -0.000981512 0 0 0 -0.00339549 8.79155e-006 0.000981512 0 0 0 -0.0118073 8.0531e-006 0.00341305 0 0 0 0.0118073 -8.0531e-006 -0.00341305 0 0 0
2016.92 0.0040409 -1.14138e-005 -0.00116808 0 0 0 -0.0040409 1.14138e-005 0.00116808 0 0 0 -0.0140517 1.04551e-005 0.00406181 0 0 0 0.0140517 -1.04551e-005 -0.00406181 0 0 0
2184.99 0.00474246 -1.45117e-005 -0.00137087 0 0 0 -0.00474246 1.45117e-005 0.00137087 0 0 0 -0.0164912 1.32928e-005 0.00476698 0 0 0 0.0164912 -1.32928e-005 -0.00476698 0 0 0
2353.07 0.00550012 -1.81247e-005 -0.00158989 0 0 0 -0.00550012 1.81247e-005 0.00158989 0 0 0 -0.0191259 1.66024e-005 0.00552858 0 0 0 0.0191259 -1.66024e-005 -0.00552858 0 0 0
2521.15 0.00631387 -2.22925e-005 -0.00182512 0 0 0 -0.00631387 2.22925e-005 0.00182512 0 0 0 -0.0219558 2.04202e-005 0.00634659 0 0 0 0.0219558 -2.04202e-005 -0.00634659 0 0 0
2689.22 0.00718386 -2.70551e-005 -0.0020766 0 0 0 -0.00718386 2.70551e-005 0.0020766 0 0 0 -0.0249807 2.47825e-005 0.00722099 0 0 0 0.0249807 -2.47825e-005 -0.00722099 0 0 0
2857.3 0.00810993 -3.24518e-005 -0.0023443 0 0 0 -0.00810993 3.24518e-005 0.0023443 0 0 0 -0.0282009 2.97257e-005 0.00815181 0 0 0 0.0282009 -2.97257e-005 -0.00815181 0 0 0
3025.38 0.00909208 -3.8522e-005 -0.0026282 0 0 0 -0.00909208 3.8522e-005 0.0026282 0 0 0 -0.0316162 3.5286e-005 0.00913907 0 0 0 0.0316162 -3.5286e-005 -0.00913907 0 0 0
3193.45 0.0101304 -4.53057e-005 -0.00292834 0 0 0 -0.0101304 4.53057e-005 0.00292834 0 0 0 -0.0352267 4.14998e-005 0.0101827 0 0 0 0.0352267 -4.14998e-005 -0.0101827 0 0 0
3361.53 0.0112248 -5.28424e-005 -0.00324471 0 0 0 -0.0112248 5.28424e-005 0.00324471 0 0 0 -0.0390324 4.84033e-005 0.0112828 0 0 0 0.0390324 -4.84033e-005 -0.0112828 0 0 0
3529.6 0.0123754 -6.11718e-005 -0.0035773 0 0 0 -0.0123754 6.11718e-005 0.0035773 0 0 0 -0.0430332 5.60329e-005 0.0124393 0 0 0 0.0430332 -5.60329e-005 -0.0124393 0 0 0
3697.68 0.013582 -7.03336e-005 -0.00392611 0 0 0 -0.013582 7.03336e-005 0.00392611 0 0 0 -0.0472291 6.44248e-005 0.0136522 0 0 0 0.0472291 -6.44248e-005 -0.0136522 0 0 0
3865.76 0.0148449 -8.03672e-005 -0.00429115 0 0 0 -0.0148449 8.03672e-005 0.00429115 0 0 0 -0.0516203 7.36154e-005 0.0149215 0 0 0 0.0516203 -7.36154e-005 -0.0149215 0 0 0
4033.83 0.0161638 -9.13125e-005 -0.00467242 0 0 0 -0.0161638 9.13125e-005 0.00467242 0 0 0 -0.0562066 8.3641e-005 0.0162472 0 0 0 0.0562066 -8.3641e-005 -0.0162472 0 0 0
4201.91 0.0175389 -0.000103209 -0.00506991 0 0 0 -0.0175389 0.000103209 0.00506991 0 0 0 -0.060988 9.45377e-005 0.0176294 0 0 0 0.060988 -9.45377e-005 -0.0176294 0 0 0
4369.99 0.0189701 -0.000116097 -0.00548364 0 0 0 -0.0189701 0.000116097 0.00548364 0 0 0 -0.0659646 0.000106342 0.0190679 0 0 0 0.0659646 -0.000106342 -0.0190679 0 0 0
4538.06 0.0204573 -0.000130014 -0.00591357 0 0 0 -0.0204573 0.000130014 0.00591357 0 0 0 -0.0711364 0.00011909 0.0205629 0 0 0 0.0711364 -0.00011909 -0.0205629 0 0 0
4706.14 0.0220008 -0.000145002 -0.00635975 0 0 0 -0.0220008 0.000145002 0.00635975 0 0 0 -0.0765033 0.000132819 0.0221143 0 0 0 0.0765033 -0.000132819 -0.0221143 0 0 0
4874.22 0.0236005 -0.000161101 -0.00682217 0 0 0 -0.0236005 0.000161101 0.00682217 0 0 0 -0.0820654 0.000147563 0.0237221 0 0 0 0.0820654 -0.000147563 -0.0237221 0 0 0
5042.29 0.0252561 -0.000178348 -0.00730078 0 0 0 -0.0252561 0.000178348 0.00730078 0 0 0 -0.0878227 0.000163361 0.0253863 0 0 0 0.0878227 -0.000163361 -0.0253863 0 0 0
5210.37 0.026968 -0.000196784 -0.00779563 0 0 0 -0.026968 0.000196784 0.00779563 0 0 0 -0.0937751 0.000180248 0.0271069 0 0 0 0.0937751 -0.000180248 -0.0271069 0 0 0
5378.45 0.0287359 -0.000216449 -0.00830671 0 0 0 -0.0287359 0.000216449 0.00830671 0 0 0 -0.0999226 0.00019826 0.0288839 0 0 0 0.0999226 -0.00019826 -0.0288839 0 0 0
5546.52 0.03056 -0.000237383 -0.00883402 0 0 0 -0.03056 0.000237383 0.00883402 0 0 0 -0.106265 0.000217434 0.0307174 0 0 0 0.106265 -0.000217434 -0.0307174 0 0 0
5714.6 0.0324403 -0.000259625 -0.00937756 0 0 0 -0.0324403 0.000259625 0.00937756 0 0 0 -0.112803 0.000237805 0.0326073 0 0 0 0.112803 -0.000237805 -0.0326073 0 0 0
5882.67 0.0343766 -0.000283214 -0.00993733 0 0 0 -0.0343766 0.000283214 0.00993733 0 0 0 -0.119536 0.000259411 0.0345535 0 0 0 0.119536 -0.000259411 -0.0345535 0 0 0
6050.75 0.0363691 -0.000308191 -0.0105133 0 0 0 -0.0363691 0.000308191 0.0105133 0 0 0 -0.126464 0.000282288 0.0365562 0 0 0 0.126464 -0.000282288 -0.0365562 0 0 0
6218.83 0.0384178 -0.000334595 -0.0111056 0 0 0 -0.0384178 0.000334595 0.0111056 0 0 0 -0.133588 0.000306471 0.0386153 0 0 0 0.133588 -0.000306471 -0.0386153 0 0 0
6386.9 0.0405225 -0.000362465 -0.011714 0 0 0 -0.0405225 0.000362465 0.011714 0 0 0 -0.140906 0.000331998 0.0407308 0 0 0 0.140906 -0.000331998 -0.0407308 0 0 0
6554.98 0.0426834 -0.000391842 -0.0123387 0 0 0 -0.0426834 0.000391842 0.0123387 0 0 0 -0.14842 0.000358904 0.0429028 0 0 0 0.14842 -0.000358904 -0.0429028 0 0 0
6723.06 0.0449005 -0.000422765 -0.0129796 0 0 0 -0.0449005 0.000422765 0.0129796 0 0 0 -0.156129 0.000387226 0.0451311 0 0 0 0.156129 -0.000387226 -0.0451311 0 0 0
6891.13 0.0471736 -0.000455274 -0.0136368 0 0 0 -0.0471736 0.000455274 0.0136368 0 0 0 -0.164033 0.000417 0.0474159 0 0 0 0.164033 -0.000417 -0.0474159 0 0 0
7059.21 0.049503 -0.000489407 -0.0143101 0 0 0 -0.049503 0.000489407 0.0143101 0 0 0 -0.172132 0.000448263 0.049757 0 0 0 0.172132 -0.000448263 -0.049757 0 0 0
7227.29 0.0518884 -0.000525206 -0.0149998 0 0 0 -0.0518884 0.000525206 0.0149998 0 0 0 -0.180426 0.00048105 0.0521546 0 0 0 0.180426 -0.00048105 -0.0521546 0 0 0
7395.36 0.05433 -0.00056271 -0.0157056 0 0 0 -0.05433 0.00056271 0.0157056 0 0 0 -0.188916 0.000515398 0.0546086 0 0 0 0.188916 -0.000515398 -0.0546086 0 0 0
7563.44 0.0568277 -0.000601958 -0.0164277 0 0 0 -0.0568277 0.000601958 0.0164277 0 0 0 -0.1976 0.000551343 0.057119 0 0 0 0.1976 -0.000551343 -0.057119 0 0 0
7731.52 0.0593816 -0.00064299 -0.017166 0 0 0 -0.0593816 0.00064299 0.017166 0 0 0 -0.20648 0.000588922 0.0596859 0 0 0 0.20648 -0.000588922 -0.0596859 0 0 0
7899.59 0.0619916 -0.000685845 -0.0179205 0 0 0 -0.0619916 0.000685845 0.0179205 0 0 0 -0.215555 0.000628171 0.0623091 0 0 0 0.215555 -0.000628171 -0.0623091 0 0 0
8067.67 0.0646577 -0.000730564 -0.0186913 0 0 0 -0.0646577 0.000730564 0.0186913 0 0 0 -0.224825 0.000669126 0.0649887 0 0 0 0.224825 -0.000669126 -0.0649887 0 0 0
8235.74 0.06738 -0.000777186 -0.0194783 0 0 0 -0.06738 0.000777186 0.0194783 0 0 0 -0.23429 0.000711824 0.0677248 0 0 0 0.23429 -0.000711824 -0.0677248 0 0 0
8403.82 0.0701584 -0.00082575 -0.0202816 0 0 0 -0.0701584 0.00082575 0.0202816 0 0 0 -0.243951 0.0007563 0.0705173 0 0 0 0.243951 -0.0007563 -0.0705173 0 0 0
8571.9 0.072993 -0.000876298 -0.0211011 0 0 0 -0.072993 0.000876298 0.0211011 0 0 0 -0.253806 0.000802592 0.0733662 0 0 0 0.253806 -0.000802592 -0.0733662 0 0 0
