
             0.00000028165374677003 		18735733.148863		-0.00016562033644579226
             0.00000056330749354005 		37334614.117684		-0.00022269405440667844
             0.00000084496124031008 		55785690.430196		-0.0002799312943058019
             0.00000112661498708010 		71947207.967392		-0.0003348258612563843
             0.00000140826873385013 		83592798.505592		-0.00038397929947416
             0.00000168992248062016 		92482928.615388		-0.0004287298987475438
             0.00000197157622739018 		99838068.902288		-0.00047056255506407847
             0.00000225322997416021 		106051199.163633		-0.0005098686591537124
             0.00000253488372093023 		111420622.426325		-0.0005470108172629677
             0.00000281653746770026 		116214941.404076		-0.0005824741035944325
             0.00000309819121447028 		120669948.113738		-0.0006169015033521167
             0.00000337984496124031 		124696169.509961		-0.0006498494891362665
             0.00000366149870801034 		128519019.579095		-0.0006820291192366032
             0.00000394315245478036 		132366037.433147		-0.0007134947514093889
             0.00000422480620155039 		136595426.291634		-0.0007456756844949673
             0.00000450645994832041 		140819073.488483		-0.0007768093952018849
             0.00000478811369509044 		145225261.235349		-0.000808242872437741
             0.00000506976744186046 		149788211.845795		-0.0008401104892661183
             0.00000535142118863049 		154485665.836873		-0.0008722709801057744
             0.00000563307493540052 		159095685.737635		-0.0009033152481406758
             0.00000591472868217054 		163753813.741938		-0.0009346086209944754
             0.00000619638242894057 		168538716.632394		-0.0009663846224461498
             0.00000647803617571059 		173320090.145828		-0.000998271206228674
             0.00000675968992248062 		178184709.929647		-0.001030557960371701
             0.00000704134366925064 		183056283.211811		-0.0010630034508659042
             0.00000732299741602067 		187840431.872287		-0.0010945790087404162
             0.00000760465116279070 		192656400.796022		-0.0011262133461718692
             0.00000788630490956072 		197441134.556228		-0.001157895752627884
             0.00000816795865633075 		202175382.491566		-0.0011895824536880993
             0.00000844961240310077 		206896107.812825		-0.0012214966705243846
             0.00000873126614987080 		211470908.604838		-0.0012532305543278763
             0.00000901291989664082 		215790809.245984		-0.0012844933129409213
             0.00000929457364341085 		219713253.487624		-0.0013149465839022777
             0.00000957622739018088 		223150506.232761		-0.001344527913228712
             0.00000985788113695090 		225979714.550514		-0.0013728155869650019
             0.00001013953488372093 		228225850.705067		-0.0013998222663557038
             0.00001042118863049095 		229909698.826805		-0.0014245692925324229
             0.00001070284237726098 		231228086.516756		-0.0014479463910956492
             0.00001098449612403100 		232417458.045291		-0.001471246388553039
             0.00001126614987080103 		233498047.837336		-0.0014943222309351336
             0.00001154780361757106 		234517500.245504		-0.001517294997791917
             0.00001182945736434108 		235502033.200910		-0.0015402317656892414
             0.00001211111111111111 		236465793.217780		-0.0015631690466866846
             0.00001239276485788113 		237452476.251644		-0.00158632689974887
             0.00001267441860465116 		238452511.274017		-0.0016097042547300999
             0.00001295607235142118 		239445508.581612		-0.001633121096299962
             0.00001323772609819121 		240432678.121933		-0.0016565810202276874
             0.00001351937984496124 		241414687.404173		-0.0016800862469818173
             0.00001380103359173126 		242390124.006236		-0.0017036089068370828
             0.00001408268733850129 		243246715.180661		-0.0017253045654317947
             0.00001436434108527131 		244111417.875215		-0.001747097564212583
             0.00001464599483204134 		245003257.259433		-0.001769190258363537
             0.00001492764857881136 		245891706.155397		-0.0017913281865486134
             0.00001520930232558139 		246776765.398584		-0.0018135118281045557
             0.00001549095607235142 		247658421.781361		-0.001835741623518867
             0.00001577260981912144 		248536651.973719		-0.001858017981751133
             0.00001605426356589147 		249411424.058080		-0.0018803412791155848
             0.00001633591731266149 		250282697.302727		-0.001902711850429642
             0.00001661757105943152 		251150420.394630		-0.0019251299718403623
             0.00001689922480620155 		252014528.054708		-0.0019475958334305113
             0.00001718087855297157 		252886436.454784		-0.001970230906112375
             0.00001746253229974160 		253773594.246178		-0.0019931172912752027
             0.00001774418604651162 		254656594.445412		-0.0020160524278926796
             0.00001802583979328165 		255535239.297380		-0.00203903561873249
             0.00001830749354005167 		256405912.222120		-0.0020619719874659026
             0.00001858914728682170 		257273389.188826		-0.002085002225030848
             0.00001887080103359173 		258136958.886238		-0.002108118668548925
             0.00001915245478036175 		258994363.933023		-0.0021312728320118926
             0.00001943410852713178 		259844675.414277		-0.0021544643826239412
             0.00001971576227390180 		260686648.588109		-0.002177692582266919
             0.00001999741602067183 		261518704.722875		-0.002200933022412945
             0.00002027906976744185 		262338744.517057		-0.0022241699427175635
             0.00002056072351421188 		263144087.062781		-0.002247382800118675
             0.00002084237726098191 		263902728.233363		-0.002269683519818967
             0.00002112403100775193 		264608764.859547		-0.0022910180806896127
             0.00002140568475452196 		265286288.053849		-0.0023121952832515585
             0.00002168733850129198 		265949368.172236		-0.0023334760271884443
             0.00002196899224806201 		266570601.226051		-0.002354473309967132
             0.00002225064599483203 		267144327.736860		-0.0023751336942233656
             0.00002253229974160206 		267666345.904004		-0.0023954155156927204
             0.00002281395348837209 		268134685.255923		-0.0024152960197943224
             0.00002309560723514211 		268550042.578861		-0.002434775696502962
             0.00002337726098191214 		268915696.939223		-0.0024538780783277215
             0.00002365891472868216 		269236920.211781		-0.0024726449968423105
             0.00002394056847545219 		269520098.712665		-0.0024911290956776038
             0.00002422222222222221 		269754715.380526		-0.0025097299584567476
             0.00002450387596899224 		269925224.342725		-0.0025289611723093076
             0.00002478552971576227 		270077629.337912		-0.0025480572875733174
             0.00002506718346253229 		270215877.034505		-0.002567056175319429
             0.00002534883720930232 		270343126.370685		-0.0025859884072968217
             0.00002563049095607234 		270461838.468428		-0.002604878011437975
             0.00002591214470284237 		270573894.553637		-0.0026237435345225425
             0.00002619379844961239 		270680713.680733		-0.002642599129811565
             0.00002647545219638242 		270783356.692738		-0.0026614555309214722
             0.00002675710594315245 		270882611.906616		-0.002680320862079541
             0.00002703875968992247 		270979062.800320		-0.0026992012828241773
             0.00002732041343669250 		271085425.889085		-0.00271837697302989
             0.00002760206718346252 		271194996.212148		-0.0027376972888153227
             0.00002788372093023255 		271255004.620470		-0.0027581725919104735
             0.00002816537467700257 		271310603.673128		-0.0027787443341765194
             0.00002844702842377260 		271364872.945138		-0.0027993440296842846
             0.00002872868217054263 		271417887.398371		-0.002819973184592341
             0.00002901033591731265 		271469699.913801		-0.0028406331143283805
             0.00002929198966408268 		271520346.396501		-0.0028613250037225167
             0.00002957364341085270 		271567921.872954		-0.002881923215742945
             0.00002985529715762273 		271613761.708466		-0.002902513216528929
             0.00003013695090439275 		271658517.358712		-0.0029231381518504723
             0.00003041860465116278 		271699508.917178		-0.0029436182069634003
             0.00003070025839793281 		271744559.937769		-0.0029644830168379208
             0.00003098191214470284 		271788461.515913		-0.0029853861266413064
             0.00003126356589147286 		271831195.860608		-0.0030063287072105895
             0.00003154521963824289 		271872741.090641		-0.003027312006713706
             0.00003182687338501292 		271899459.675642		-0.003048713483426102
             0.00003210852713178295 		271890887.366141		-0.0030711014211753326
             0.00003239018087855298 		271881162.519223		-0.0030935345232036443
             0.00003267183462532301 		271870230.626998		-0.003116015184725502
             0.00003295348837209304 		271858030.356904		-0.0031385460631892844
             0.00003323514211886307 		271844492.917746		-0.0031611301092410306
             0.00003351679586563310 		271829541.347636		-0.0031837706004396596
             0.00003379844961240313 		271813089.718305		-0.0032064711776555403
             0.00003408010335917316 		271795042.258216		-0.003229235884240233
             0.00003436175710594318 		271770412.177503		-0.0032515034367495955
             0.00003464341085271321 		271731878.818640		-0.003272385641972921
             0.00003492506459948324 		271692230.288120		-0.003293347046428704
             0.00003520671834625327 		271651391.172799		-0.0033143933297521445
             0.00003548837209302330 		271609278.046620		-0.0033355307676064443
             0.00003577002583979333 		271565798.609117		-0.003356766297104952
             0.00003605167958656336 		271520850.726743		-0.0033781075902795427
             0.00003633333333333339 		271474321.365321		-0.0033995631356170276
             0.00003661498708010342 		271426085.403993		-0.0034211423284666756
             0.00003689664082687345 		271368938.806071		-0.00344325630454324
             0.00003717829457364348 		271274298.686285		-0.00346754038729106
             0.00003745994832041350 		271176184.495446		-0.003492078584024112
             0.00003774160206718353 		271074168.624508		-0.0035169021803589462
             0.00003802325581395356 		270967761.741066		-0.0035420470217901205
             0.00003830490956072359 		270856403.355546		-0.0035675542229067266
             0.00003858656330749362 		270739451.037271		-0.0035934709818542226
             0.00003886821705426365 		270616168.218824		-0.00361985150671425
             0.00003914987080103368 		270485710.621656		-0.0036467580542272693
             0.00003943152454780371 		270347201.530095		-0.003674125422002526
             0.00003971317829457374 		270199853.132029		-0.0037019579335942692
             0.00003999483204134377 		270042865.108779		-0.003730298199346782
             0.00004027648578811380 		269875427.872553		-0.003759189518603257
             0.00004055813953488382 		269696744.166665		-0.003788674780639027
             0.00004083979328165385 		269506054.945612		-0.00381879513856947
             0.00004112144702842388 		269302668.027262		-0.003849588531726114
             0.00004140310077519391 		269085986.943510		-0.0038810881875938445
             0.00004168475452196394 		268828757.318284		-0.003914523002192867
             0.00004196640826873397 		268462770.620678		-0.003953084035881694
             0.00004224806201550400 		268045269.118515		-0.0039949843031837195
             0.00004252971576227403 		267574772.015848		-0.004040197146389145
             0.00004281136950904406 		267064894.306794		-0.004087605608006534
             0.00004309302325581409 		266514366.500294		-0.004137313248676728
             0.00004337467700258412 		266030711.402257		-0.004184778022034066
             0.00004365633074935414 		265788825.183985		-0.004220580177745648
             0.00004393798449612417 		265550803.193693		-0.004255310298430935
             0.00004421963824289420 		265307418.337402		-0.00429032533055594
             0.00004450129198966423 		265058859.689154		-0.0043256188579462364
             0.00004478294573643426 		264805271.143287		-0.0043611865146854665
             0.00004506459948320429 		264546754.170630		-0.004397025883603071
             0.00004534625322997432 		264283370.889312		-0.004433136379959451
             0.00004562790697674435 		264015147.149374		-0.0044695191338811535
             0.00004590956072351438 		263742075.425025		-0.004506176880985342
             0.00004619121447028441 		263464117.382738		-0.004543113867408301
             0.00004647286821705444 		263297601.632635		-0.004576154566624897
             0.00004675452196382446 		263186447.815495		-0.0046072668575629265
             0.00004703617571059449 		263073508.860432		-0.004638494782327395
             0.00004731782945736452 		262958772.799668		-0.0046698396980691895
             0.00004759948320413455 		262829082.316615		-0.004702052073037309
             0.00004788113695090458 		262684653.536806		-0.00473512385261726
             0.00004816279069767461 		262538166.716351		-0.0047683344299367025
             0.00004844444444444464 		262389590.504656		-0.0048016864526896404
             0.00004872609819121467 		262238888.989026		-0.004835182843714779
             0.00004900775193798470 		262086021.909808		-0.004868826792474191
             0.00004928940568475473 		261930944.809494		-0.004902621751636725
             0.00004957105943152476 		261773609.126740		-0.004936571436606444
             0.00004985271317829478 		261613962.239834		-0.004970679827820533
             0.00005013436692506481 		261461800.775532		-0.005004537066837623
             0.00005041602067183484 		261423196.388417		-0.005033667424987937
             0.00005069767441860487 		261383729.104428		-0.005062863806364829
             0.00005097932816537490 		261343387.603666		-0.005092127207605148
             0.00005126098191214493 		261302160.002830		-0.005121458667641308
             0.00005154263565891496 		261260033.860800		-0.005150859267264756
             0.00005182428940568499 		261216996.183768		-0.005180330129390534
             0.00005210594315245502 		261173033.427027		-0.005209872419523537
             0.00005238759689922505 		261128131.493671		-0.005239487346415673
             0.00005266925064599508 		261082275.730419		-0.005269176162905416
             0.00005295090439276510 		261035450.920720		-0.005298940166933384
             0.00005323255813953513 		260987641.275287		-0.005328780702729402
             0.00005351421188630516 		260938830.420160		-0.005358699162168418
             0.00005379586563307519 		260889001.382370		-0.005388696986294256
             0.00005407751937984522 		260838136.573257		-0.0054187756670118084
             0.00005435917312661525 		260786217.769470		-0.005448936748949834
             0.00005464082687338528 		260733226.091638		-0.005479181831497969
             0.00005492248062015531 		260679141.980711		-0.005509512571023156
             0.00005520413436692534 		260623945.171909		-0.005539930683272008
             0.00005548578811369537 		260626311.690293		-0.005567569788955987
             0.00005576744186046540 		260648347.114229		-0.0055942676286002925
             0.00005604909560723542 		260669925.436837		-0.0056210037861939505
             0.00005633074935400545 		260691041.901626		-0.0056477787104525935
             0.00005661240310077548 		260711691.650167		-0.0056745928601299725
             0.00005689405684754551 		260731869.718253		-0.005701446703995909
             0.00005717571059431554 		260751571.033512		-0.0057283407210999195
             0.00005745736434108557 		260770790.412994		-0.0057552754010344424
             0.00005773901808785560 		260789522.560588		-0.005782251244212605
             0.00005802067183462563 		260807762.064259		-0.005809268762160818
             0.00005830232558139566 		260825503.393127		-0.005836328477826473
             0.00005858397932816569 		260842740.894358		-0.005863430925901109
             0.00005886563307493572 		260859468.789891		-0.005890576653159454
             0.00005914728682170574 		260875681.172980		-0.005917766218814848
             0.00005942894056847577 		260891372.004548		-0.005945000194891578
             0.00005971059431524580 		260906535.109369		-0.005972279166614703
             0.00005999224806201583 		260921164.172035		-0.005999603732818074
             0.00006027390180878586 		260935252.732746		-0.00602697450637126
             0.00006055555555555589 		260948793.937282		-0.006054392716217119
             0.00006083720930232592 		260961780.545503		-0.006081859871341745
             0.00006111886304909594 		260974206.040280		-0.00610937541504467
             0.00006140051679586596 		260986063.296839		-0.006136940028071353
             0.00006168217054263599 		260997345.019854		-0.006164554407903494
             0.00006196382428940601 		261008043.737706		-0.006192219269336413
             0.00006224547803617603 		261018151.796532		-0.0062199353450771615
             0.00006252713178294605 		261027661.353983		-0.006247703386370769
             0.00006280878552971608 		261074051.353684		-0.006272925562409472
             0.00006309043927648610 		261130743.164719		-0.006297855341396077
             0.00006337209302325612 		261187833.772146		-0.0063228991254433
             0.00006365374677002614 		261244643.089686		-0.0063479679744504625
             0.00006393540051679616 		261301168.924058		-0.006373062111263857
             0.00006421705426356619 		261357409.050998		-0.006398181762369981
             0.00006449870801033621 		261413361.212511		-0.006423327157875861
             0.00006478036175710623 		261469023.116150		-0.006448498531589181
             0.00006506201550387625 		261524392.434268		-0.006473696121100898
             0.00006534366925064628 		261579466.803259		-0.006498920167870351
             0.00006562532299741630 		261634243.822758		-0.006524170917313028
             0.00006590697674418632 		261688721.054830		-0.006549448618891008
             0.00006618863049095634 		261742896.023125		-0.006574753526206205
             0.00006647028423772637 		261796766.212013		-0.006600085897096513
             0.00006675193798449639 		261850329.065687		-0.0066254459937349205
             0.00006703359173126641 		261903581.987236		-0.006650834082731754
             0.00006731524547803643 		261956522.337700		-0.006676250435240109
             0.00006759689922480646 		262009147.435077		-0.006701695327064606
             0.00006787855297157648 		262061454.553318		-0.0067271690387736205
             0.00006816020671834650 		262113440.921272		-0.006752671855815055
             0.00006844186046511652 		262165103.721611		-0.00677820406863586
             0.00006872351421188654 		262216440.089715		-0.006803765972805378
             0.00006900516795865657 		262264061.462086		-0.006829769368261253
             0.00006928682170542659 		262310148.693031		-0.006855948564118576
             0.00006956847545219661 		262355869.366842		-0.006882161508601422
             0.00006985012919896663 		262400751.015589		-0.006908445346403307
             0.00007013178294573666 		262445152.590510		-0.006934772095341999
             0.00007041343669250668 		262489464.458201		-0.006961111196692258
             0.00007069509043927670 		262533686.169148		-0.006987462721194645
             0.00007097674418604672 		262577817.262454		-0.007013826739482483
             0.00007125839793281675 		262621857.272776		-0.0070402033228856055
             0.00007154005167958677 		262665805.730268		-0.007066592543439674
             0.00007182170542635679 		262709662.160529		-0.007092994473895712
             0.00007210335917312681 		262753426.084537		-0.007119409187729796
             0.00007238501291989683 		262797097.018593		-0.0071458367591530035
             0.00007266666666666686 		262840674.474262		-0.007172277263121489
             0.00007294832041343688 		262884157.958303		-0.007198730775346831
             0.00007322997416020690 		262927546.972610		-0.007225197372306513
             0.00007351162790697692 		262970841.014146		-0.007251677131254687
             0.00007379328165374695 		263014039.574871		-0.007278170130233086
             0.00007407493540051697 		263057142.141682		-0.007304676448082196
             0.00007435658914728699 		263100148.196334		-0.0073311961644526085
             0.00007463824289405701 		263143057.215373		-0.007357729359816633
             0.00007491989664082704 		263185868.670062		-0.007384276115480104