
             0.00000028165374677003 		18392298.995226		-0.0002785625573551242
             0.00000056330749354005 		36646852.013686		-0.0003361651961652545
             0.00000084496124031008 		54761900.891488		-0.0003939571741745275
             0.00000112661498708010 		72706919.436540		-0.0004519084159509157
             0.00000140826873385013 		90435247.156215		-0.000509955316216114
             0.00000168992248062016 		106680094.415224		-0.0005665983887795147
             0.00000197157622739018 		119650001.366662		-0.0006192802744528073
             0.00000225322997416021 		130417790.818927		-0.0006688724464897726
             0.00000253488372093023 		139598001.508366		-0.0007159388345663817
             0.00000281653746770026 		147545896.962301		-0.0007607884874774369
             0.00000309819121447028 		154590503.910313		-0.000803843972046589
             0.00000337984496124031 		161008026.568248		-0.0008455737544936716
             0.00000366149870801034 		166790001.700472		-0.0008858223483782212
             0.00000394315245478036 		172085305.923521		-0.0009247977248468599
             0.00000422480620155039 		177084152.678239		-0.0009630583286924054
             0.00000450645994832041 		181733501.151124		-0.00100017525904529
             0.00000478811369509044 		186393673.811309		-0.0010369232038666466
             0.00000506976744186046 		191288963.300677		-0.0010741870469383537
             0.00000535142118863049 		195903574.003670		-0.00110992382101802
             0.00000563307493540052 		200687677.818034		-0.0011460535267815322
             0.00000591472868217054 		205584208.763026		-0.001182559491035245
             0.00000619638242894057 		210430177.843372		-0.0012187714908603736
             0.00000647803617571059 		215175981.546758		-0.0012540962306855409
             0.00000675968992248062 		219912701.852407		-0.0012895562881932512
             0.00000704134366925064 		224778248.323216		-0.0013255196028389372
             0.00000732299741602067 		229626295.727638		-0.001361599704947219
             0.00000760465116279070 		234516499.607066		-0.001397955622270621
             0.00000788630490956072 		239218128.818593		-0.0014329480130707505
             0.00000816795865633075 		243895314.764387		-0.001468024024137939
             0.00000844961240310077 		248616749.145692		-0.001503423688061461
             0.00000873126614987080 		253338012.630410		-0.001538989271086162
             0.00000901291989664082 		258026876.040751		-0.0015746910055377868
             0.00000929457364341085 		262665995.949572		-0.0016104519182129184
             0.00000957622739018088 		267299833.441082		-0.0016464999663527698
             0.00000985788113695090 		271807178.413786		-0.0016824340295872487
             0.00001013953488372093 		276048620.734371		-0.0017173661213333387
             0.00001042118863049095 		279906825.410051		-0.001750908350316277
             0.00001070284237726098 		283378329.630332		-0.0017837432722630786
             0.00001098449612403100 		286376632.751183		-0.001815643879062873
             0.00001126614987080103 		288850140.956081		-0.0018463953178566427
             0.00001154780361757106 		290865177.921186		-0.0018761473609913424
             0.00001182945736434108 		292521295.195738		-0.0019050165919354254
             0.00001211111111111111 		293982564.528578		-0.0019336886366965304
             0.00001239276485788113 		295343966.919529		-0.0019623412676987684
             0.00001267441860465116 		296614684.240648		-0.0019908678262306584
             0.00001295607235142118 		297828726.933554		-0.002019350966310682
             0.00001323772609819121 		298835852.773921		-0.002045985226327766
             0.00001351937984496124 		299778093.354671		-0.0020722044644140743
             0.00001380103359173126 		300713706.941863		-0.0020985251429475743
             0.00001408268733850129 		301689882.979726		-0.0021252315427049803
             0.00001436434108527131 		302655573.085457		-0.0021519982369292705
             0.00001464599483204134 		303612074.752115		-0.002178829874441205
             0.00001492764857881136 		304560108.252328		-0.0022057296799348567
             0.00001520930232558139 		305500056.856414		-0.0022327000920207844
             0.00001549095607235142 		306428637.100247		-0.002259690478011643
             0.00001577260981912144 		307340036.304836		-0.0022866110697176514
             0.00001605426356589147 		308261230.951540		-0.002313840379079852
             0.00001633591731266149 		309213187.748448		-0.002341447973838593
             0.00001661757105943152 		310156700.950139		-0.002369137435110919
             0.00001689922480620155 		311091613.783304		-0.0023969109464434995
             0.00001718087855297157 		312017738.238513		-0.002424770928461246
             0.00001746253229974160 		312842033.823829		-0.002451180562775222
             0.00001774418604651162 		313627719.935102		-0.002477153834756772
             0.00001802583979328165 		314292380.483702		-0.0025043339611762264
             0.00001830749354005167 		314944753.685750		-0.0025316595015874312
             0.00001858914728682170 		315590525.418845		-0.002559076546708095
             0.00001887080103359173 		316229378.870117		-0.002586589991919365
             0.00001915245478036175 		316860953.138163		-0.00261420553838937
             0.00001943410852713178 		317496630.656977		-0.0026422877132651302
             0.00001971576227390180 		318020638.419171		-0.002671833022399152
             0.00001999741602067183 		318535528.406768		-0.002701516213613942
             0.00002027906976744185 		319040449.584574		-0.00273135053127128
             0.00002056072351421188 		319534430.396351		-0.0027613510606256187
             0.00002084237726098191 		320016372.610808		-0.002791534819471503
             0.00002112403100775193 		320485049.376041		-0.0028219207756001894
             0.00002140568475452196 		320855727.187362		-0.0028535420357695507
             0.00002168733850129198 		321169719.849141		-0.0028859107299702993
             0.00002196899224806201 		321464095.703391		-0.002918584972956997
             0.00002225064599483203 		321736848.591544		-0.002951595688280603
             0.00002253229974160206 		321986009.124994		-0.002984973259065999
             0.00002281395348837209 		322209741.345003		-0.003018745994215029
             0.00002309560723514211 		322406449.549181		-0.003052938465101392
             0.00002337726098191214 		322438776.640739		-0.003089418516351202
             0.00002365891472868216 		322431210.293007		-0.003126512451849633
             0.00002394056847545219 		322389576.250136		-0.003164143195584073
             0.00002422222222222221 		322314364.287070		-0.0032023044212430504
             0.00002450387596899224 		322206686.096805		-0.0032409802000245838
             0.00002478552971576227 		322068121.644600		-0.0032801472472622924
             0.00002506718346253229 		321840971.184034		-0.003320671273804752
             0.00002534883720930232 		321467036.434245		-0.003363291591613884
             0.00002563049095607234 		321065223.466616		-0.0034063456852213153
             0.00002591214470284237 		320638231.591623		-0.003449796261638167
             0.00002619379844961239 		320188377.760116		-0.003493611335420631
             0.00002647545219638242 		319717565.000895		-0.003537764738151748
             0.00002675710594315245 		319227203.920483		-0.0035822394492182738
             0.00002703875968992247 		318697606.947291		-0.003627782345812451
             0.00002732041343669250 		318148579.683404		-0.003673663718058861
             0.00002760206718346252 		317580631.630432		-0.0037198792702716693
             0.00002788372093023255 		316941583.236109		-0.0037672730791299906
             0.00002816537467700257 		316251661.222798		-0.0038155329048275978
             0.00002844702842377260 		315542471.539325		-0.0038641565175051617
             0.00002872868217054263 		314813778.242238		-0.003913152432746958
             0.00002901033591731265 		314065204.409979		-0.003962531684138537
             0.00002929198966408268 		313296249.986165		-0.004012307602330734
             0.00002957364341085270 		312506303.651966		-0.004062495684588905
             0.00002985529715762273 		311694649.697152		-0.004113113535406493
             0.00003013695090439275 		311223684.017727		-0.00415960814875045
             0.00003041860465116278 		310791075.143179		-0.004205714649373452
             0.00003070025839793281 		310344295.581738		-0.004252093424229374
             0.00003098191214470284 		309882949.998563		-0.004298754381825292
             0.00003126356589147286 		309406613.888875		-0.004345708467962315
             0.00003154521963824289 		309020664.345625		-0.004391503201595528
             0.00003182687338501292 		308839295.189587		-0.004434506228207027
             0.00003210852713178295 		308617447.933344		-0.004478332315536707
             0.00003239018087855298 		308365405.527255		-0.004522764227714791
             0.00003267183462532301 		308102038.844588		-0.004567383415406436
             0.00003295348837209304 		307827105.996498		-0.004612195449728948
             0.00003323514211886307 		307540361.388972		-0.004657206719648741
             0.00003351679586563310 		307452615.501653		-0.004699027174695856
             0.00003379844961240313 		307404466.400624		-0.0047401205662610055
             0.00003408010335917316 		307346564.574507		-0.004781264798251873
             0.00003436175710594318 		307278764.948678		-0.004822457245570273
             0.00003464341085271321 		307199303.990543		-0.004863889221666291
             0.00003492506459948324 		307108988.726699		-0.004905459050984459
             0.00003520671834625327 		307008398.825615		-0.0049470931799647806
             0.00003548837209302330 		306897492.990750		-0.00498879474215532
             0.00003577002583979333 		306937607.391081		-0.005027230458647411
             0.00003605167958656336 		306992237.911178		-0.005064839479946053
             0.00003633333333333339 		307034928.110280		-0.005102221045935464
             0.00003661498708010342 		307067354.338247		-0.005139504087008147
             0.00003689664082687345 		307089800.780484		-0.005176694389445785
             0.00003717829457364348 		307102616.739797		-0.0052138005550960605
             0.00003745994832041350 		307106202.804673		-0.0052508336947875624
             0.00003774160206718353 		307100995.258142		-0.0052878070219703815
             0.00003802325581395356 		307087495.353886		-0.005324739596665997
             0.00003830490956072359 		307069193.411604		-0.005361933071545618
             0.00003858656330749362 		307088810.349050		-0.005397973480451327
             0.00003886821705426365 		307175294.454714		-0.005432058243396877
             0.00003914987080103368 		307255964.755144		-0.0054660654842829375
             0.00003943152454780371 		307331687.099201		-0.005500002620693051
             0.00003971317829457374 		307403008.599151		-0.005533884122318239
             0.00003999483204134377 		307470422.421339		-0.005567723250662444
             0.00004027648578811380 		307534366.553288		-0.005601531982882478
             0.00004055813953488382 		307595225.148554		-0.005635321009831169
             0.00004083979328165385 		307653331.606830		-0.005669099786302383
             0.00004112144702842388 		307703932.718746		-0.005703175771700696
             0.00004140310077519391 		307747539.819170		-0.005737544284819551
             0.00004168475452196394 		307789177.385446		-0.005771926914509185
             0.00004196640826873397 		307829002.700064		-0.0058063290554294135
             0.00004224806201550400 		307867141.366463		-0.005840755203145262
             0.00004252971576227403 		307903708.862985		-0.005875209637027112
             0.00004281136950904406 		307938797.950397		-0.005909695995549972
             0.00004309302325581409 		307972485.382206		-0.005944217480269243
             0.00004337467700258412 		308004834.262332		-0.005978776921343204
             0.00004365633074935414 		308035896.081640		-0.0060133768347465765
             0.00004393798449612417 		308065712.464398		-0.00604801947184632
             0.00004421963824289420 		308094316.657400		-0.006082706862108508
             0.00004450129198966423 		308119966.755465		-0.006117213297169964
             0.00004478294573643426 		308142784.950123		-0.006151137982005489
             0.00004506459948320429 		308191732.287735		-0.0061839863772908815
             0.00004534625322997432 		308239877.997489		-0.006216871014206292
             0.00004562790697674435 		308287241.363512		-0.00624979318162488
             0.00004590956072351438 		308333837.328079		-0.0062827540503151095
             0.00004619121447028441 		308379677.219478		-0.006315754695253936
             0.00004647286821705444 		308424769.326296		-0.006348796113296593
             0.00004675452196382446 		308469119.373779		-0.006381879237986556
             0.00004703617571059449 		308512730.918838		-0.006415004951983036
             0.00004731782945736452 		308555605.677545		-0.006448174097506887
             0.00004759948320413455 		308597743.796610		-0.00648138748513966
             0.00004788113695090458 		308639144.078378		-0.0065146459012554985
             0.00004816279069767461 		308679804.167251		-0.00654795011431851
             0.00004844444444444464 		308719720.704076		-0.006581300880239508
             0.00004872609819121467 		308758889.453904		-0.0066146989469531795
             0.00004900775193798470 		308797305.411594		-0.006648145058349793
             0.00004928940568475473 		308834962.888952		-0.0066816399576729805
             0.00004957105943152476 		308871855.586475		-0.00671518439047652
             0.00004985271317829478 		308907231.476322		-0.006748820298753158
             0.00005013436692506481 		308941847.228126		-0.006782506223692967
             0.00005041602067183484 		308976204.946901		-0.006816214850806721
             0.00005069767441860487 		309010303.007663		-0.006849946378734284
             0.00005097932816537490 		309044140.584200		-0.006883701041071831
             0.00005126098191214493 		309077716.674879		-0.006917479069154039
             0.00005154263565891496 		309111030.126942		-0.006951280692990256
             0.00005182428940568499 		309144079.653867		-0.00698510614195118
             0.00005210594315245502 		309176863.850045		-0.007018955645365918
             0.00005238759689922505 		309209381.203161		-0.007052829433043098
             0.00005266925064599508 		309241630.104627		-0.007086727735727857
             0.00005295090439276510 		309273608.858386		-0.007120650785504834
             0.00005323255813953513 		309305315.688295		-0.007154598816155716
             0.00005351421188630516 		309336748.744340		-0.007188572063478374
             0.00005379586563307519 		309367906.107815		-0.007222570765573841
             0.00005407751937984522 		309398785.795654		-0.007256595163106266
             0.00005435917312661525 		309429385.764008		-0.007290645499540173
             0.00005464082687338528 		309459703.911196		-0.007324722021358873
             0.00005492248062015531 		309489738.080104		-0.0073588249782671564
             0.00005520413436692534 		309519486.060119		-0.00739295462338104
             0.00005548578811369537 		309548945.588657		-0.007427111213406874
             0.00005576744186046540 		309578114.352338		-0.007461295008811889
             0.00005604909560723542 		309606989.987854		-0.00749550627398785
             0.00005633074935400545 		309635570.082577		-0.007529745277409362
             0.00005661240310077548 		309663852.174927		-0.007564012291788111
             0.00005689405684754551 		309691833.754541		-0.007598307594224222
             0.00005717571059431554 		309719512.262254		-0.007632631466355656
             0.00005745736434108557 		309746885.089924		-0.007666984194506616
             0.00005773901808785560 		309780839.816298		-0.0077009695965696455
             0.00005802067183462563 		309826230.975951		-0.007734306068841741
             0.00005830232558139566 		309871399.263028		-0.007767664047659363
             0.00005858397932816569 		309916342.145042		-0.0078010436700933355
             0.00005886563307493572 		309961058.051547		-0.00783444511340245
             0.00005914728682170574 		310005545.383453		-0.007867868557175216
             0.00005942894056847577 		310049802.516714		-0.007901314183540325
             0.00005971059431524580 		310093827.802208		-0.007934782177232737
             0.00005999224806201583 		310137619.565565		-0.007968272725660303
             0.00006027390180878586 		310181176.106949		-0.008001786018970582
             0.00006055555555555589 		310224495.700789		-0.008035322250118094
             0.00006083720930232592 		310267576.595477		-0.008068881614932234
             0.00006111886304909594 		310310417.013016		-0.00810246431218602
             0.00006140051679586596 		310353015.148637		-0.00813607054366585
             0.00006168217054263599 		310395369.170385		-0.00816970051424239
             0.00006196382428940601 		310437477.218666		-0.008203354431942821
             0.00006224547803617603 		310479337.405775		-0.008237032508024503
             0.00006252713178294605 		310520947.815379		-0.008270734957050212
             0.00006280878552971608 		310562306.501995		-0.008304461996965109
             0.00006309043927648610 		310603411.490415		-0.008338213849175512
             0.00006337209302325612 		310644260.775128		-0.008371990738629612
             0.00006365374677002614 		310686482.165788		-0.008406018771279394
             0.00006393540051679616 		310729428.845394		-0.00844021325381097
             0.00006421705426356619 		310772083.110625		-0.008474434323545648
             0.00006449870801033621 		310814441.470460		-0.008508682184519641
             0.00006478036175710623 		310856501.491304		-0.008542957088590214
             0.00006506201550387625 		310898260.696951		-0.00857725929163468
             0.00006534366925064628 		310939716.571706		-0.00861158905380954
             0.00006562532299741630 		310980866.559476		-0.008645946639652177
             0.00006590697674418632 		311021708.062847		-0.008680332318186157
             0.00006618863049095634 		311062238.442122		-0.008714746363029711
             0.00006647028423772637 		311102455.014339		-0.008749189052507534
             0.00006675193798449639 		311142355.052248		-0.008783660669766036
             0.00006703359173126641 		311181935.783255		-0.008818161502892146
             0.00006731524547803643 		311221194.388336		-0.008852691845035884
             0.00006759689922480646 		311260128.000909		-0.008887251994536799
             0.00006787855297157648 		311298733.705675		-0.008921842255054454
             0.00006816020671834650 		311333580.366153		-0.008956883390286658
             0.00006844186046511652 		311366909.182246		-0.008992099450475298
             0.00006872351421188654 		311399870.051212		-0.009027349877080287
             0.00006900516795865657 		311432458.332617		-0.009062634992903124
             0.00006928682170542659 		311464234.028331		-0.00909798990339666
             0.00006956847545219661 		311495471.747750		-0.00913339268033031
             0.00006985012919896663 		311526617.956638		-0.009168808272835116
             0.00007013178294573666 		311557671.632189		-0.00920423672902886
             0.00007041343669250668 		311588632.289102		-0.00923967812418746
             0.00007069509043927670 		311619499.435435		-0.009275132534252217
             0.00007097674418604672 		311650272.574399		-0.00931060003593183
             0.00007125839793281675 		311680951.204296		-0.009346080706713115
             0.00007154005167958677 		311711534.818441		-0.009381574624872227
             0.00007182170542635679 		311742022.905099		-0.009417081869486036
             0.00007210335917312681 		311772414.947410		-0.00945260252044375
             0.00007238501291989683 		311802710.423323		-0.009488136658458747
             0.00007266666666666686 		311832908.805512		-0.009523684365080613
             0.00007294832041343688 		311863009.561311		-0.009559245722707398
             0.00007322997416020690 		311893012.152629		-0.009594820814598112
             0.00007351162790697692 		311922916.035880		-0.00963040972488545
             0.00007379328165374695 		311952720.661895		-0.009666012538588755
             0.00007407493540051697 		311982425.475844		-0.009701629341627225
             0.00007435658914728699 		312012029.917156		-0.00973726022083337
             0.00007463824289405701 		312041533.419429		-0.009772905263966737
             0.00007491989664082704 		312070935.410346		-0.009808564559727886